"export-world data (NetLogo 6.2.2)"
"cog-cascades-trust.nlogo"
"02/25/2023 16:48:45:461 -0500"

"RANDOM STATE"
"0 0 -1727483681 489 0.0 false 1070720401 1993834956 292007316 -1037329339 -341274148 -2088764870 -1384156339 1652354797 -1178584733 436288026 1191689860 2070116209 -1188971599 -1883453647 1195449400 -1617718065 1699418047 -643905035 -377025254 -799671685 -1624431476 -2129886183 -997256673 742470163 1459723525 776549731 -1852023078 -1338245622 -1837569563 -1086553479 1263920029 -2039922411 97596567 1956088812 -1331686575 1033537180 -1772508943 1471045295 -1935189249 1795866963 -925854353 -1076319953 -256115991 1604630974 1406725194 -1546454065 528194040 292425340 2032073431 -34397334 -810838016 -1482244139 -41090080 -69903659 -1538795237 630920614 -1634224501 -1456744135 -1375060239 1953323159 119708193 75193007 1902957128 -919031946 -2067442903 -989914204 -481371001 -1972384569 1620695514 1294051194 91077563 1496680691 -2129063273 1650534001 -2013101574 1065502883 -1578565831 101725903 1727987366 548128704 152898883 -744381289 1481357342 1357953902 -1711617439 -1297479519 941851115 -1489024143 1077201243 -1399664808 1771789876 352013588 -711018547 1289105388 -371732123 242145212 -1021707176 -658488811 -1748557251 2111932968 -1942213501 1117805819 1699593872 -2019572165 -1830192599 -2095206485 584105341 1687874753 1781503559 -343072416 -1432587290 26151432 1574198070 1830315884 -2140877977 1657182277 -650044438 -1604126209 665667536 -304259915 681223753 -1822443822 -1606449486 -915258189 641183119 -804982912 -1136342061 30650464 1387449782 -1852796438 -98281313 82045276 -680168497 2111423549 -222666545 -1068885991 -1364719253 -910656892 1869535901 -810338693 1685403814 790063416 735092441 1809340541 1167068460 2047324044 -379149889 -2055097841 -147866351 -1796147700 665166121 516680014 -1751605323 338093754 -2122909022 -1783978542 1033778667 187391152 -2019683047 -1045205708 1849316773 -1793281363 -2063447496 -44947369 -1180534496 1390382237 -3368982 853481752 -899879086 -2036114563 12867959 725976323 459631293 353276424 1546515778 -413273537 -601133842 2096991765 1468523292 -104159002 593367777 1083516202 -275659841 -1376516533 2132885987 -632233598 -401552914 -471391611 -743249792 1422220298 -454537336 1066271890 -904168187 -230600937 169436441 -478478638 648126567 162067807 -1551662242 -528241671 -1151187930 -804685656 777294724 1953365972 -826002691 -1933211048 1468457580 1392460417 -143744237 1402803245 105882253 509505303 -1871325438 1696054796 64462159 -858087425 2053278344 1764264671 -750890395 558170388 1161998245 -448670215 2045373969 -1536413668 1964418681 -448649002 268378674 601156644 972142458 -1900699148 -1642566935 1096925198 -1194140209 -1620704776 -858965218 -1201266952 -1782607363 -71409540 1742452539 -813404131 1084249510 -829366511 500541998 137825886 -220894648 1509457611 1264064796 -658544624 987323161 -711828247 1405630269 -1070544610 1178303254 1987615826 2086290633 -640948403 1356720582 -1309864266 -83321920 286041309 684904371 161622834 -1758210678 -1703463743 -772705952 1678555318 1832643636 558173024 745307407 2018764019 268409672 456494365 1123098796 -612478049 -1601074790 -279646115 -1704589993 -939500023 1075871215 260318163 1378822290 1082900461 -1914910449 974595833 470522862 432175225 -1982549895 -888677254 1778960450 -111873255 860046878 494092480 -1753477734 1565034888 520436527 1004191106 -311041449 1245376356 1814692055 -872923747 1353647203 629604261 1380643663 1381157299 -999427057 -1963456431 -398195078 -1441123293 560992673 -849927713 -992997064 -1235290584 -2008104556 1254615658 -819240741 1048907034 908431554 1231584409 -14228558 72217414 441267997 1589062035 -2080347949 1110307427 -1470691773 -1321171439 1423346746 -602115156 -773158226 151518020 1261606154 409469177 -1158497741 1660496701 -1124278873 1560057635 140745311 1161881704 -1143371884 -1803428632 896553374 588830013 -592176963 -150180883 1061300453 392795289 -2055866391 -838483229 -472865059 -859128150 375704953 -94470544 758706777 -1529078834 908887801 -495877641 -673570231 432783719 1857901343 2115434484 1248733026 -1946444666 430424578 269737836 1380728338 -200283050 480424705 356769883 -708967764 107386878 -169782721 -620386310 372113905 2052968634 -1770107646 -389034566 -569026735 -1127477032 329765432 1444215101 1276173769 919325230 1550386958 1174900406 -1491573696 660072162 542879831 -1341126409 -349877450 -457788609 70659034 -1559156885 -1106296504 253710845 1920608782 1534753748 -1831104769 352315339 195315664 -2064405439 -437214553 2130022966 1417852791 -886976828 676693418 1856158779 -278766021 1319972634 -1862888598 2113716586 1028030357 -208523930 -1079277588 -2079238286 1191426317 -37769850 -838349254 1248435368 829941750 1959793382 -52818637 2049638087 1707473846 1171251215 -1872711822 962255113 2142048180 -1722623070 -1311286521 582215869 -1683650686 1925541227 1588840081 -428912986 1728887338 -909410207 -872552190 -1435019590 1012247816 -539290698 -28353648 95594848 2064381904 -334368934 -847865373 -1848897311 -1209950942 -894681062 1080760561 1053622796 1706400864 497930540 -1714418799 1152031189 -1336490433 -375327669 -484528324 2142431601 -537201693 -1289228378 -438110728 996605962 -503462863 -1308975784 858724949 -2050450172 -1025405508 -1720572690 -1998245395 -534472861 -1189478109 714003646 780206893 852130933 -2069656616 -2111981238 1668777670 -632996752 -1499719074 1768283353 -1678324195 -337957035 -264048302 997685886 -158788572 633090984 1284324136 1393455197 677683955 1922678593 -1354749748 -715068111 1414974620 -98290474 -1046759446 -1637147730 -617108196 -1939420018 1543919528 120753790 1321995864 607820556 570660724 1905009625 1658289316 1374714218 -1057542549 -238869115 225772834 -991155592 1349116430 -381073038 -329239019 274819582 -2088771810 391164116 1156102888 -793991214 -2055409500 -132907478 762460513 -1992934548 -1352870876 1067004990 -1642698964 -1725447115 39412883 316043150 -776516713 465290297 1260636120 -103475216 1224698705 1617630125 1705977471 1313532359 -338829675 -1679321373 -1422498676 -202159574 -183250836 1438661724 -878069767 -1570546683 2112752948 1553971161 178320550 576212020 -258187675 -986071691 -373811323 1915117107 1428951998 -1640123332 599671710 -2086436421 -1191292901 -824857703 -1321908140 1829276597 -1046691024 -980785658 -954942922 -725234214 1107650517 -1704150634 -388292066 1085089215 -1885665598 1037905264 2051906211 1452843216 -1966803028 600988768 -341510206 -249371899 -1098758530 1374445911 1185517449 -1267151103 -509912657 -282565420 1420916186 1915804918 -996431844 378862234 -787180214 -1406644958 2137915620 -898849911 -611295397 -2142011621 -307828760 -566682366 -731160779 -1872956457 -453127637 -1310935237 781863199 302841149 2119984103 369502357 -967158666 342034929 -1926458306 -478397129 1307263663 -1388849994 1670522670 -1486195460 -1032064031 877527116 597060420 -1831375262 -1251274669 1711805687 386641867 -83343721 -299426705 2005020079 -1393043330 636861098 1548269625 339463400"

"GLOBALS"
"min-pxcor","max-pxcor","min-pycor","max-pycor","perspective","subject","nextIndex","directed-links","ticks","ba-m","behavior-rand","belief-resolution","beliefs-over-time","brain-type","cit-init-normal-mean","cit-init-normal-std","cit-memory-len","citizen-citizen-influence","citizen-citizen-trust?","citizen-init-dist","citizen-malleables","citizen-media-influence","citizen-media-trust?","citizen-priors","citizen-trust-fn","cits-hear-from-path?","cognitive-exponent","cognitive-exponent?","cognitive-fn","cognitive-scalar","cognitive-scalar?","cognitive-translate","cognitive-translate?","complex-spread-ratio","contagion-dir","contagion-on?","cur-message-id","epsilon","erdos-renyi-p","graph-homophily?","graph-type","institution-tactic","kronecker-k","kronecker-seed","load-graph-path","load-graph?","mag-g","mag-style","matrix-spread?","matrix-trust-conn?","media-agents?","media-citizen-influence","media-dist-normal-mean","media-dist-normal-std","media-ecosystem","media-ecosystem-dist","media-ecosystem-file","media-ecosystem-n","media-ecosystem-path","message-file","message-repeats","messages-data-path","messages-over-time","n","repetition","save-graph-path","selected-turtle","show-citizen-political?","show-media-connections?","show-social-friends?","sim-output-dir","simple-spread-chance","spread-type","threshold","tick-end","topics","watts-strogatz-k","watts-strogatz-p","zeta-cit","zeta-media"
"-16","16","-16","16","0","nobody","65","""NEITHER""","100","3","7415","7","[[0 [[[""A"" 2]] [[""A"" 4]] [[""A"" 3]] [[""A"" 3]] [[""A"" 2]] [[""A"" 3]] [[""A"" 3]] [[""A"" 2]] [[""A"" 3]] [[""A"" 3]] [[""A"" 3]] [[""A"" 4]] [[""A"" 2]] [[""A"" 2]] [[""A"" 2]] [[""A"" 2]] [[""A"" 4]] [[""A"" 3]] [[""A"" 4]] [[""A"" 2]] [[""A"" 2]] [[""A"" 4]] [[""A"" 2]] [[""A"" 4]] [[""A"" 2]] [[""A"" 3]] [[""A"" 3]] [[""A"" 3]] [[""A"" 3]] [[""A"" 3]] [[""A"" 2]] [[""A"" 3]] [[""A"" 5]] [[""A"" 1]] [[""A"" 2]] [[""A"" 4]] [[""A"" 2]] [[""A"" 5]] [[""A"" 2]] [[""A"" 4]] [[""A"" 4]] [[""A"" 3]] [[""A"" 4]] [[""A"" 3]] [[""A"" 4]] [[""A"" 2]] [[""A"" 2]] [[""A"" 4]] [[""A"" 1]] [[""A"" 4]]]] [1 [[[""A"" 2]] [[""A"" 2]] [[""A"" 2]] [[""A"" 2]] [[""A"" 2]] [[""A"" 2]] [[""A"" 2]] [[""A"" 2]] [[""A"" 2]] [[""A"" 2]] [[""A"" 2]] [[""A"" 2]] [[""A"" 2]] [[""A"" 2]] [[""A"" 2]] [[""A"" 2]] [[""A"" 2]] [[""A"" 2]] [[""A"" 2]] [[""A"" 2]] [[""A"" 2]] [[""A"" 2]] [[""A"" 2]] [[""A"" 2]] [[""A"" 2]] [[""A"" 2]] [[""A"" 2]] [[""A"" 2]] [[""A"" 2]] [[""A"" 2]] [[""A"" 2]] [[""A"" 2]] [[""A"" 2]] [[""A"" 2]] [[""A"" 2]] [[""A"" 2]] [[""A"" 2]] [[""A"" 2]] [[""A"" 2]] [[""A"" 2]] [[""A"" 2]] [[""A"" 2]] [[""A"" 2]] [[""A"" 2]] [[""A"" 2]] [[""A"" 2]] [[""A"" 2]] [[""A"" 2]] [[""A"" 2]] [[""A"" 2]]]] [2 [[[""A"" 3]] [[""A"" 3]] [[""A"" 3]] [[""A"" 3]] [[""A"" 3]] [[""A"" 3]] [[""A"" 3]] [[""A"" 3]] [[""A"" 3]] [[""A"" 3]] [[""A"" 3]] [[""A"" 3]] [[""A"" 3]] [[""A"" 3]] [[""A"" 3]] [[""A"" 3]] [[""A"" 3]] [[""A"" 3]] [[""A"" 3]] [[""A"" 3]] [[""A"" 3]] [[""A"" 3]] [[""A"" 3]] [[""A"" 3]] [[""A"" 3]] [[""A"" 3]] [[""A"" 3]] [[""A"" 3]] [[""A"" 3]] [[""A"" 3]] [[""A"" 3]] [[""A"" 3]] [[""A"" 3]] [[""A"" 3]] [[""A"" 3]] [[""A"" 3]] [[""A"" 3]] [[""A"" 3]] [[""A"" 3]] [[""A"" 3]] [[""A"" 3]] [[""A"" 3]] [[""A"" 3]] [[""A"" 3]] [[""A"" 3]] [[""A"" 3]] [[""A"" 3]] [[""A"" 3]] [[""A"" 3]] [[""A"" 3]]]] [3 [[[""A"" 3]] [[""A"" 3]] [[""A"" 3]] [[""A"" 3]] [[""A"" 3]] [[""A"" 3]] [[""A"" 3]] [[""A"" 3]] [[""A"" 3]] [[""A"" 3]] [[""A"" 3]] [[""A"" 3]] [[""A"" 3]] [[""A"" 3]] [[""A"" 3]] [[""A"" 3]] [[""A"" 3]] [[""A"" 3]] [[""A"" 3]] [[""A"" 3]] [[""A"" 3]] [[""A"" 3]] [[""A"" 3]] [[""A"" 3]] [[""A"" 3]] [[""A"" 3]] [[""A"" 3]] [[""A"" 3]] [[""A"" 3]] [[""A"" 3]] [[""A"" 3]] [[""A"" 3]] [[""A"" 3]] [[""A"" 3]] [[""A"" 3]] [[""A"" 3]] [[""A"" 3]] [[""A"" 3]] [[""A"" 3]] [[""A"" 3]] [[""A"" 3]] [[""A"" 4]] [[""A"" 3]] [[""A"" 3]] [[""A"" 3]] [[""A"" 3]] [[""A"" 3]] [[""A"" 3]] [[""A"" 3]] [[""A"" 3]]]] [4 [[[""A"" 5]] [[""A"" 5]] [[""A"" 3]] [[""A"" 5]] [[""A"" 5]] [[""A"" 3]] [[""A"" 5]] [[""A"" 5]] [[""A"" 5]] [[""A"" 3]] [[""A"" 5]] [[""A"" 5]] [[""A"" 5]] [[""A"" 3]] [[""A"" 5]] [[""A"" 5]] [[""A"" 5]] [[""A"" 3]] [[""A"" 5]] [[""A"" 3]] [[""A"" 5]] [[""A"" 3]] [[""A"" 5]] [[""A"" 3]] [[""A"" 3]] [[""A"" 3]] [[""A"" 3]] [[""A"" 5]] [[""A"" 5]] [[""A"" 3]] [[""A"" 5]] [[""A"" 5]] [[""A"" 3]] [[""A"" 3]] [[""A"" 3]] [[""A"" 3]] [[""A"" 3]] [[""A"" 5]] [[""A"" 5]] [[""A"" 5]] [[""A"" 3]] [[""A"" 5]] [[""A"" 5]] [[""A"" 3]] [[""A"" 3]] [[""A"" 3]] [[""A"" 3]] [[""A"" 3]] [[""A"" 5]] [[""A"" 3]]]] [5 [[[""A"" 5]] [[""A"" 5]] [[""A"" 5]] [[""A"" 5]] [[""A"" 5]] [[""A"" 5]] [[""A"" 5]] [[""A"" 5]] [[""A"" 5]] [[""A"" 5]] [[""A"" 5]] [[""A"" 5]] [[""A"" 5]] [[""A"" 5]] [[""A"" 5]] [[""A"" 5]] [[""A"" 5]] [[""A"" 5]] [[""A"" 5]] [[""A"" 5]] [[""A"" 5]] [[""A"" 5]] [[""A"" 5]] [[""A"" 5]] [[""A"" 5]] [[""A"" 5]] [[""A"" 5]] [[""A"" 5]] [[""A"" 5]] [[""A"" 5]] [[""A"" 5]] [[""A"" 5]] [[""A"" 5]] [[""A"" 5]] [[""A"" 5]] [[""A"" 5]] [[""A"" 5]] [[""A"" 5]] [[""A"" 5]] [[""A"" 5]] [[""A"" 5]] [[""A"" 5]] [[""A"" 5]] [[""A"" 5]] [[""A"" 5]] [[""A"" 5]] [[""A"" 5]] [[""A"" 5]] [[""A"" 5]] [[""A"" 5]]]] [6 [[[""A"" 4]] [[""A"" 3]] [[""A"" 4]] [[""A"" 4]] [[""A"" 4]] [[""A"" 4]] [[""A"" 4]] [[""A"" 4]] [[""A"" 4]] [[""A"" 4]] [[""A"" 4]] [[""A"" 4]] [[""A"" 4]] [[""A"" 4]] [[""A"" 4]] [[""A"" 4]] [[""A"" 4]] [[""A"" 4]] [[""A"" 4]] [[""A"" 4]] [[""A"" 4]] [[""A"" 4]] [[""A"" 4]] [[""A"" 4]] [[""A"" 4]] [[""A"" 4]] [[""A"" 4]] [[""A"" 4]] [[""A"" 4]] [[""A"" 4]] [[""A"" 4]] [[""A"" 4]] [[""A"" 4]] [[""A"" 4]] [[""A"" 4]] [[""A"" 4]] [[""A"" 4]] [[""A"" 4]] [[""A"" 4]] [[""A"" 4]] [[""A"" 4]] [[""A"" 4]] [[""A"" 4]] [[""A"" 4]] [[""A"" 4]] [[""A"" 4]] [[""A"" 4]] [[""A"" 4]] [[""A"" 4]] [[""A"" 4]]]] [7 [[[""A"" 3]] [[""A"" 3]] [[""A"" 3]] [[""A"" 3]] [[""A"" 3]] [[""A"" 3]] [[""A"" 4]] [[""A"" 3]] [[""A"" 3]] [[""A"" 3]] [[""A"" 3]] [[""A"" 3]] [[""A"" 3]] [[""A"" 3]] [[""A"" 3]] [[""A"" 3]] [[""A"" 3]] [[""A"" 3]] [[""A"" 3]] [[""A"" 3]] [[""A"" 3]] [[""A"" 3]] [[""A"" 3]] [[""A"" 3]] [[""A"" 3]] [[""A"" 3]] [[""A"" 3]] [[""A"" 3]] [[""A"" 3]] [[""A"" 3]] [[""A"" 3]] [[""A"" 3]] [[""A"" 3]] [[""A"" 3]] [[""A"" 3]] [[""A"" 3]] [[""A"" 3]] [[""A"" 3]] [[""A"" 3]] [[""A"" 3]] [[""A"" 3]] [[""A"" 3]] [[""A"" 3]] [[""A"" 3]] [[""A"" 3]] [[""A"" 3]] [[""A"" 3]] [[""A"" 3]] [[""A"" 3]] [[""A"" 3]]]] [8 [[[""A"" 5]] [[""A"" 5]] [[""A"" 3]] [[""A"" 5]] [[""A"" 3]] [[""A"" 2]] [[""A"" 5]] [[""A"" 3]] [[""A"" 3]] [[""A"" 3]] [[""A"" 5]] [[""A"" 3]] [[""A"" 3]] [[""A"" 2]] [[""A"" 5]] [[""A"" 5]] [[""A"" 3]] [[""A"" 2]] [[""A"" 2]] [[""A"" 5]] [[""A"" 5]] [[""A"" 3]] [[""A"" 3]] [[""A"" 3]] [[""A"" 5]] [[""A"" 3]] [[""A"" 3]] [[""A"" 3]] [[""A"" 5]] [[""A"" 5]] [[""A"" 3]] [[""A"" 3]] [[""A"" 3]] [[""A"" 5]] [[""A"" 3]] [[""A"" 3]] [[""A"" 5]] [[""A"" 5]] [[""A"" 3]] [[""A"" 5]] [[""A"" 3]] [[""A"" 3]] [[""A"" 5]] [[""A"" 3]] [[""A"" 3]] [[""A"" 3]] [[""A"" 3]] [[""A"" 5]] [[""A"" 3]] [[""A"" 5]]]] [9 [[[""A"" 5]] [[""A"" 2]] [[""A"" 5]] [[""A"" 2]] [[""A"" 5]] [[""A"" 2]] [[""A"" 2]] [[""A"" 5]] [[""A"" 5]] [[""A"" 2]] [[""A"" 5]] [[""A"" 5]] [[""A"" 2]] [[""A"" 5]] [[""A"" 2]] [[""A"" 2]] [[""A"" 5]] [[""A"" 5]] [[""A"" 2]] [[""A"" 2]] [[""A"" 2]] [[""A"" 2]] [[""A"" 5]] [[""A"" 5]] [[""A"" 2]] [[""A"" 2]] [[""A"" 2]] [[""A"" 5]] [[""A"" 2]] [[""A"" 5]] [[""A"" 2]] [[""A"" 2]] [[""A"" 2]] [[""A"" 2]] [[""A"" 2]] [[""A"" 2]] [[""A"" 2]] [[""A"" 5]] [[""A"" 5]] [[""A"" 2]] [[""A"" 5]] [[""A"" 2]] [[""A"" 5]] [[""A"" 2]] [[""A"" 2]] [[""A"" 5]] [[""A"" 2]] [[""A"" 2]] [[""A"" 2]] [[""A"" 2]]]] [10 [[[""A"" 5]] [[""A"" 2]] [[""A"" 5]] [[""A"" 5]] [[""A"" 2]] [[""A"" 2]] [[""A"" 2]] [[""A"" 2]] [[""A"" 2]] [[""A"" 2]] [[""A"" 2]] [[""A"" 2]] [[""A"" 2]] [[""A"" 5]] [[""A"" 5]] [[""A"" 2]] [[""A"" 2]] [[""A"" 2]] [[""A"" 5]] [[""A"" 2]] [[""A"" 2]] [[""A"" 5]] [[""A"" 5]] [[""A"" 2]] [[""A"" 5]] [[""A"" 5]] [[""A"" 5]] [[""A"" 2]] [[""A"" 2]] [[""A"" 5]] [[""A"" 5]] [[""A"" 2]] [[""A"" 2]] [[""A"" 5]] [[""A"" 2]] [[""A"" 5]] [[""A"" 5]] [[""A"" 2]] [[""A"" 5]] [[""A"" 2]] [[""A"" 2]] [[""A"" 2]] [[""A"" 2]] [[""A"" 5]] [[""A"" 2]] [[""A"" 5]] [[""A"" 5]] [[""A"" 5]] [[""A"" 2]] [[""A"" 5]]]] [11 [[[""A"" 4]] [[""A"" 4]] [[""A"" 4]] [[""A"" 4]] [[""A"" 2]] [[""A"" 4]] [[""A"" 4]] [[""A"" 4]] [[""A"" 2]] [[""A"" 4]] [[""A"" 4]] [[""A"" 4]] [[""A"" 4]] [[""A"" 4]] [[""A"" 4]] [[""A"" 4]] [[""A"" 2]] [[""A"" 2]] [[""A"" 4]] [[""A"" 4]] [[""A"" 2]] [[""A"" 2]] [[""A"" 4]] [[""A"" 4]] [[""A"" 2]] [[""A"" 4]] [[""A"" 4]] [[""A"" 2]] [[""A"" 4]] [[""A"" 4]] [[""A"" 4]] [[""A"" 4]] [[""A"" 4]] [[""A"" 2]] [[""A"" 4]] [[""A"" 2]] [[""A"" 4]] [[""A"" 4]] [[""A"" 2]] [[""A"" 4]] [[""A"" 4]] [[""A"" 4]] [[""A"" 4]] [[""A"" 4]] [[""A"" 4]] [[""A"" 4]] [[""A"" 4]] [[""A"" 2]] [[""A"" 2]] [[""A"" 4]]]] [12 [[[""A"" 3]] [[""A"" 3]] [[""A"" 3]] [[""A"" 3]] [[""A"" 3]] [[""A"" 3]] [[""A"" 3]] [[""A"" 3]] [[""A"" 3]] [[""A"" 3]] [[""A"" 3]] [[""A"" 3]] [[""A"" 3]] [[""A"" 3]] [[""A"" 3]] [[""A"" 3]] [[""A"" 3]] [[""A"" 3]] [[""A"" 3]] [[""A"" 3]] [[""A"" 3]] [[""A"" 3]] [[""A"" 3]] [[""A"" 3]] [[""A"" 3]] [[""A"" 3]] [[""A"" 3]] [[""A"" 3]] [[""A"" 3]] [[""A"" 3]] [[""A"" 3]] [[""A"" 3]] [[""A"" 3]] [[""A"" 3]] [[""A"" 3]] [[""A"" 3]] [[""A"" 3]] [[""A"" 3]] [[""A"" 3]] [[""A"" 3]] [[""A"" 3]] [[""A"" 3]] [[""A"" 3]] [[""A"" 3]] [[""A"" 3]] [[""A"" 3]] [[""A"" 3]] [[""A"" 3]] [[""A"" 3]] [[""A"" 3]]]] [13 [[[""A"" 4]] [[""A"" 4]] [[""A"" 4]] [[""A"" 4]] [[""A"" 4]] [[""A"" 4]] [[""A"" 4]] [[""A"" 4]] [[""A"" 4]] [[""A"" 4]] [[""A"" 4]] [[""A"" 4]] [[""A"" 4]] [[""A"" 4]] [[""A"" 4]] [[""A"" 4]] [[""A"" 4]] [[""A"" 4]] [[""A"" 4]] [[""A"" 4]] [[""A"" 4]] [[""A"" 4]] [[""A"" 4]] [[""A"" 4]] [[""A"" 4]] [[""A"" 4]] [[""A"" 4]] [[""A"" 4]] [[""A"" 4]] [[""A"" 4]] [[""A"" 4]] [[""A"" 4]] [[""A"" 4]] [[""A"" 4]] [[""A"" 4]] [[""A"" 4]] [[""A"" 4]] [[""A"" 4]] [[""A"" 4]] [[""A"" 4]] [[""A"" 4]] [[""A"" 4]] [[""A"" 4]] [[""A"" 4]] [[""A"" 4]] [[""A"" 4]] [[""A"" 4]] [[""A"" 4]] [[""A"" 4]] [[""A"" 4]]]] [14 [[[""A"" 4]] [[""A"" 4]] [[""A"" 4]] [[""A"" 4]] [[""A"" 4]] [[""A"" 4]] [[""A"" 4]] [[""A"" 4]] [[""A"" 4]] [[""A"" 4]] [[""A"" 4]] [[""A"" 4]] [[""A"" 4]] [[""A"" 4]] [[""A"" 4]] [[""A"" 3]] [[""A"" 4]] [[""A"" 4]] [[""A"" 4]] [[""A"" 4]] [[""A"" 4]] [[""A"" 4]] [[""A"" 4]] [[""A"" 4]] [[""A"" 4]] [[""A"" 4]] [[""A"" 4]] [[""A"" 4]] [[""A"" 4]] [[""A"" 4]] [[""A"" 4]] [[""A"" 4]] [[""A"" 4]] [[""A"" 4]] [[""A"" 4]] [[""A"" 4]] [[""A"" 4]] [[""A"" 4]] [[""A"" 4]] [[""A"" 4]] [[""A"" 4]] [[""A"" 4]] [[""A"" 4]] [[""A"" 4]] [[""A"" 4]] [[""A"" 4]] [[""A"" 4]] [[""A"" 4]] [[""A"" 4]] [[""A"" 4]]]] [15 [[[""A"" 4]] [[""A"" 4]] [[""A"" 4]] [[""A"" 4]] [[""A"" 4]] [[""A"" 4]] [[""A"" 4]] [[""A"" 4]] [[""A"" 4]] [[""A"" 4]] [[""A"" 4]] [[""A"" 4]] [[""A"" 4]] [[""A"" 4]] [[""A"" 4]] [[""A"" 4]] [[""A"" 4]] [[""A"" 4]] [[""A"" 4]] [[""A"" 4]] [[""A"" 4]] [[""A"" 4]] [[""A"" 4]] [[""A"" 4]] [[""A"" 4]] [[""A"" 4]] [[""A"" 4]] [[""A"" 4]] [[""A"" 4]] [[""A"" 4]] [[""A"" 4]] [[""A"" 4]] [[""A"" 4]] [[""A"" 4]] [[""A"" 4]] [[""A"" 4]] [[""A"" 4]] [[""A"" 4]] [[""A"" 4]] [[""A"" 4]] [[""A"" 4]] [[""A"" 4]] [[""A"" 4]] [[""A"" 4]] [[""A"" 4]] [[""A"" 4]] [[""A"" 4]] [[""A"" 4]] [[""A"" 4]] [[""A"" 4]]]] [16 [[[""A"" 4]] [[""A"" 4]] [[""A"" 4]] [[""A"" 4]] [[""A"" 4]] [[""A"" 4]] [[""A"" 4]] [[""A"" 4]] [[""A"" 4]] [[""A"" 4]] [[""A"" 4]] [[""A"" 4]] [[""A"" 4]] [[""A"" 4]] [[""A"" 4]] [[""A"" 4]] [[""A"" 4]] [[""A"" 4]] [[""A"" 4]] [[""A"" 4]] [[""A"" 4]] [[""A"" 4]] [[""A"" 4]] [[""A"" 4]] [[""A"" 4]] [[""A"" 4]] [[""A"" 4]] [[""A"" 4]] [[""A"" 5]] [[""A"" 4]] [[""A"" 4]] [[""A"" 4]] [[""A"" 4]] [[""A"" 4]] [[""A"" 4]] [[""A"" 4]] [[""A"" 4]] [[""A"" 4]] [[""A"" 4]] [[""A"" 4]] [[""A"" 3]] [[""A"" 4]] [[""A"" 4]] [[""A"" 4]] [[""A"" 4]] [[""A"" 4]] [[""A"" 4]] [[""A"" 4]] [[""A"" 4]] [[""A"" 4]]]] [17 [[[""A"" 4]] [[""A"" 4]] [[""A"" 4]] [[""A"" 4]] [[""A"" 4]] [[""A"" 4]] [[""A"" 4]] [[""A"" 4]] [[""A"" 4]] [[""A"" 4]] [[""A"" 4]] [[""A"" 4]] [[""A"" 4]] [[""A"" 4]] [[""A"" 4]] [[""A"" 4]] [[""A"" 4]] [[""A"" 4]] [[""A"" 4]] [[""A"" 4]] [[""A"" 4]] [[""A"" 4]] [[""A"" 4]] [[""A"" 4]] [[""A"" 4]] [[""A"" 4]] [[""A"" 4]] [[""A"" 4]] [[""A"" 4]] [[""A"" 4]] [[""A"" 4]] [[""A"" 4]] [[""A"" 4]] [[""A"" 4]] [[""A"" 4]] [[""A"" 4]] [[""A"" 4]] [[""A"" 4]] [[""A"" 4]] [[""A"" 4]] [[""A"" 4]] [[""A"" 4]] [[""A"" 4]] [[""A"" 4]] [[""A"" 4]] [[""A"" 4]] [[""A"" 4]] [[""A"" 4]] [[""A"" 4]] [[""A"" 4]]]] [18 [[[""A"" 3]] [[""A"" 5]] [[""A"" 5]] [[""A"" 5]] [[""A"" 5]] [[""A"" 3]] [[""A"" 5]] [[""A"" 5]] [[""A"" 3]] [[""A"" 3]] [[""A"" 5]] [[""A"" 3]] [[""A"" 3]] [[""A"" 3]] [[""A"" 3]] [[""A"" 3]] [[""A"" 3]] [[""A"" 5]] [[""A"" 5]] [[""A"" 3]] [[""A"" 3]] [[""A"" 3]] [[""A"" 5]] [[""A"" 5]] [[""A"" 3]] [[""A"" 3]] [[""A"" 3]] [[""A"" 3]] [[""A"" 5]] [[""A"" 3]] [[""A"" 5]] [[""A"" 5]] [[""A"" 5]] [[""A"" 5]] [[""A"" 3]] [[""A"" 3]] [[""A"" 5]] [[""A"" 5]] [[""A"" 3]] [[""A"" 5]] [[""A"" 5]] [[""A"" 3]] [[""A"" 5]] [[""A"" 5]] [[""A"" 5]] [[""A"" 5]] [[""A"" 5]] [[""A"" 5]] [[""A"" 5]] [[""A"" 3]]]] [19 [[[""A"" 3]] [[""A"" 3]] [[""A"" 3]] [[""A"" 3]] [[""A"" 3]] [[""A"" 3]] [[""A"" 3]] [[""A"" 3]] [[""A"" 3]] [[""A"" 3]] [[""A"" 3]] [[""A"" 3]] [[""A"" 3]] [[""A"" 3]] [[""A"" 3]] [[""A"" 3]] [[""A"" 3]] [[""A"" 3]] [[""A"" 3]] [[""A"" 3]] [[""A"" 3]] [[""A"" 3]] [[""A"" 3]] [[""A"" 3]] [[""A"" 3]] [[""A"" 3]] [[""A"" 3]] [[""A"" 3]] [[""A"" 3]] [[""A"" 3]] [[""A"" 3]] [[""A"" 3]] [[""A"" 3]] [[""A"" 3]] [[""A"" 3]] [[""A"" 3]] [[""A"" 3]] [[""A"" 3]] [[""A"" 3]] [[""A"" 3]] [[""A"" 3]] [[""A"" 3]] [[""A"" 3]] [[""A"" 3]] [[""A"" 3]] [[""A"" 3]] [[""A"" 3]] [[""A"" 3]] [[""A"" 3]] [[""A"" 3]]]] [20 [[[""A"" 2]] [[""A"" 2]] [[""A"" 2]] [[""A"" 2]] [[""A"" 2]] [[""A"" 2]] [[""A"" 2]] [[""A"" 2]] [[""A"" 2]] [[""A"" 2]] [[""A"" 2]] [[""A"" 2]] [[""A"" 2]] [[""A"" 2]] [[""A"" 2]] [[""A"" 2]] [[""A"" 2]] [[""A"" 2]] [[""A"" 2]] [[""A"" 2]] [[""A"" 2]] [[""A"" 2]] [[""A"" 2]] [[""A"" 2]] [[""A"" 2]] [[""A"" 2]] [[""A"" 2]] [[""A"" 2]] [[""A"" 2]] [[""A"" 2]] [[""A"" 5]] [[""A"" 2]] [[""A"" 2]] [[""A"" 2]] [[""A"" 2]] [[""A"" 2]] [[""A"" 2]] [[""A"" 2]] [[""A"" 2]] [[""A"" 2]] [[""A"" 2]] [[""A"" 2]] [[""A"" 2]] [[""A"" 2]] [[""A"" 2]] [[""A"" 2]] [[""A"" 2]] [[""A"" 2]] [[""A"" 2]] [[""A"" 2]]]] [21 [[[""A"" 5]] [[""A"" 5]] [[""A"" 5]] [[""A"" 5]] [[""A"" 5]] [[""A"" 5]] [[""A"" 3]] [[""A"" 3]] [[""A"" 5]] [[""A"" 3]] [[""A"" 5]] [[""A"" 3]] [[""A"" 2]] [[""A"" 5]] [[""A"" 5]] [[""A"" 5]] [[""A"" 5]] [[""A"" 5]] [[""A"" 3]] [[""A"" 3]] [[""A"" 5]] [[""A"" 3]] [[""A"" 5]] [[""A"" 3]] [[""A"" 5]] [[""A"" 3]] [[""A"" 3]] [[""A"" 3]] [[""A"" 5]] [[""A"" 5]] [[""A"" 5]] [[""A"" 3]] [[""A"" 5]] [[""A"" 3]] [[""A"" 5]] [[""A"" 3]] [[""A"" 5]] [[""A"" 3]] [[""A"" 3]] [[""A"" 5]] [[""A"" 5]] [[""A"" 5]] [[""A"" 5]] [[""A"" 5]] [[""A"" 3]] [[""A"" 3]] [[""A"" 3]] [[""A"" 3]] [[""A"" 5]] [[""A"" 5]]]] [22 [[[""A"" 3]] [[""A"" 3]] [[""A"" 3]] [[""A"" 3]] [[""A"" 3]] [[""A"" 3]] [[""A"" 3]] [[""A"" 3]] [[""A"" 3]] [[""A"" 3]] [[""A"" 3]] [[""A"" 3]] [[""A"" 3]] [[""A"" 3]] [[""A"" 3]] [[""A"" 3]] [[""A"" 3]] [[""A"" 3]] [[""A"" 3]] [[""A"" 3]] [[""A"" 3]] [[""A"" 3]] [[""A"" 3]] [[""A"" 3]] [[""A"" 4]] [[""A"" 3]] [[""A"" 3]] [[""A"" 3]] [[""A"" 3]] [[""A"" 3]] [[""A"" 3]] [[""A"" 3]] [[""A"" 3]] [[""A"" 3]] [[""A"" 3]] [[""A"" 3]] [[""A"" 3]] [[""A"" 3]] [[""A"" 3]] [[""A"" 3]] [[""A"" 3]] [[""A"" 3]] [[""A"" 3]] [[""A"" 3]] [[""A"" 3]] [[""A"" 3]] [[""A"" 3]] [[""A"" 3]] [[""A"" 3]] [[""A"" 3]]]] [23 [[[""A"" 3]] [[""A"" 5]] [[""A"" 3]] [[""A"" 3]] [[""A"" 3]] [[""A"" 3]] [[""A"" 3]] [[""A"" 5]] [[""A"" 5]] [[""A"" 5]] [[""A"" 5]] [[""A"" 3]] [[""A"" 5]] [[""A"" 3]] [[""A"" 3]] [[""A"" 3]] [[""A"" 5]] [[""A"" 3]] [[""A"" 3]] [[""A"" 5]] [[""A"" 3]] [[""A"" 5]] [[""A"" 3]] [[""A"" 5]] [[""A"" 5]] [[""A"" 5]] [[""A"" 5]] [[""A"" 3]] [[""A"" 3]] [[""A"" 3]] [[""A"" 5]] [[""A"" 3]] [[""A"" 3]] [[""A"" 5]] [[""A"" 5]] [[""A"" 3]] [[""A"" 5]] [[""A"" 5]] [[""A"" 5]] [[""A"" 3]] [[""A"" 5]] [[""A"" 5]] [[""A"" 5]] [[""A"" 5]] [[""A"" 3]] [[""A"" 5]] [[""A"" 3]] [[""A"" 5]] [[""A"" 5]] [[""A"" 5]]]] [24 [[[""A"" 4]] [[""A"" 4]] [[""A"" 4]] [[""A"" 4]] [[""A"" 4]] [[""A"" 4]] [[""A"" 4]] [[""A"" 4]] [[""A"" 4]] [[""A"" 4]] [[""A"" 4]] [[""A"" 4]] [[""A"" 4]] [[""A"" 4]] [[""A"" 4]] [[""A"" 4]] [[""A"" 4]] [[""A"" 4]] [[""A"" 4]] [[""A"" 4]] [[""A"" 4]] [[""A"" 4]] [[""A"" 4]] [[""A"" 4]] [[""A"" 4]] [[""A"" 4]] [[""A"" 4]] [[""A"" 4]] [[""A"" 4]] [[""A"" 4]] [[""A"" 4]] [[""A"" 4]] [[""A"" 4]] [[""A"" 4]] [[""A"" 4]] [[""A"" 4]] [[""A"" 4]] [[""A"" 4]] [[""A"" 4]] [[""A"" 4]] [[""A"" 4]] [[""A"" 4]] [[""A"" 4]] [[""A"" 4]] [[""A"" 4]] [[""A"" 4]] [[""A"" 4]] [[""A"" 4]] [[""A"" 4]] [[""A"" 4]]]] [25 [[[""A"" 3]] [[""A"" 3]] [[""A"" 3]] [[""A"" 5]] [[""A"" 5]] [[""A"" 5]] [[""A"" 3]] [[""A"" 5]] [[""A"" 5]] [[""A"" 5]] [[""A"" 3]] [[""A"" 3]] [[""A"" 5]] [[""A"" 5]] [[""A"" 3]] [[""A"" 3]] [[""A"" 3]] [[""A"" 3]] [[""A"" 3]] [[""A"" 5]] [[""A"" 5]] [[""A"" 3]] [[""A"" 5]] [[""A"" 3]] [[""A"" 3]] [[""A"" 3]] [[""A"" 5]] [[""A"" 3]] [[""A"" 5]] [[""A"" 3]] [[""A"" 3]] [[""A"" 5]] [[""A"" 3]] [[""A"" 3]] [[""A"" 5]] [[""A"" 3]] [[""A"" 3]] [[""A"" 3]] [[""A"" 5]] [[""A"" 3]] [[""A"" 5]] [[""A"" 3]] [[""A"" 5]] [[""A"" 3]] [[""A"" 3]] [[""A"" 5]] [[""A"" 5]] [[""A"" 3]] [[""A"" 3]] [[""A"" 5]]]] [26 [[[""A"" 3]] [[""A"" 3]] [[""A"" 3]] [[""A"" 3]] [[""A"" 3]] [[""A"" 3]] [[""A"" 3]] [[""A"" 3]] [[""A"" 3]] [[""A"" 3]] [[""A"" 3]] [[""A"" 3]] [[""A"" 3]] [[""A"" 3]] [[""A"" 3]] [[""A"" 3]] [[""A"" 3]] [[""A"" 3]] [[""A"" 3]] [[""A"" 3]] [[""A"" 3]] [[""A"" 3]] [[""A"" 3]] [[""A"" 3]] [[""A"" 3]] [[""A"" 3]] [[""A"" 3]] [[""A"" 3]] [[""A"" 3]] [[""A"" 3]] [[""A"" 3]] [[""A"" 3]] [[""A"" 3]] [[""A"" 3]] [[""A"" 3]] [[""A"" 3]] [[""A"" 3]] [[""A"" 3]] [[""A"" 3]] [[""A"" 3]] [[""A"" 3]] [[""A"" 3]] [[""A"" 3]] [[""A"" 3]] [[""A"" 3]] [[""A"" 3]] [[""A"" 3]] [[""A"" 3]] [[""A"" 3]] [[""A"" 3]]]] [27 [[[""A"" 4]] [[""A"" 4]] [[""A"" 4]] [[""A"" 4]] [[""A"" 4]] [[""A"" 4]] [[""A"" 4]] [[""A"" 4]] [[""A"" 4]] [[""A"" 4]] [[""A"" 4]] [[""A"" 4]] [[""A"" 4]] [[""A"" 4]] [[""A"" 4]] [[""A"" 4]] [[""A"" 4]] [[""A"" 2]] [[""A"" 4]] [[""A"" 2]] [[""A"" 4]] [[""A"" 4]] [[""A"" 4]] [[""A"" 4]] [[""A"" 4]] [[""A"" 2]] [[""A"" 4]] [[""A"" 4]] [[""A"" 4]] [[""A"" 4]] [[""A"" 4]] [[""A"" 4]] [[""A"" 4]] [[""A"" 4]] [[""A"" 2]] [[""A"" 2]] [[""A"" 4]] [[""A"" 4]] [[""A"" 4]] [[""A"" 2]] [[""A"" 4]] [[""A"" 4]] [[""A"" 4]] [[""A"" 2]] [[""A"" 4]] [[""A"" 4]] [[""A"" 4]] [[""A"" 2]] [[""A"" 4]] [[""A"" 2]]]] [28 [[[""A"" 2]] [[""A"" 4]] [[""A"" 5]] [[""A"" 2]] [[""A"" 2]] [[""A"" 4]] [[""A"" 4]] [[""A"" 4]] [[""A"" 2]] [[""A"" 4]] [[""A"" 2]] [[""A"" 2]] [[""A"" 4]] [[""A"" 2]] [[""A"" 4]] [[""A"" 2]] [[""A"" 4]] [[""A"" 2]] [[""A"" 4]] [[""A"" 4]] [[""A"" 2]] [[""A"" 4]] [[""A"" 4]] [[""A"" 2]] [[""A"" 2]] [[""A"" 2]] [[""A"" 4]] [[""A"" 4]] [[""A"" 2]] [[""A"" 2]] [[""A"" 4]] [[""A"" 4]] [[""A"" 2]] [[""A"" 4]] [[""A"" 4]] [[""A"" 2]] [[""A"" 4]] [[""A"" 4]] [[""A"" 2]] [[""A"" 4]] [[""A"" 2]] [[""A"" 4]] [[""A"" 4]] [[""A"" 2]] [[""A"" 4]] [[""A"" 2]] [[""A"" 2]] [[""A"" 2]] [[""A"" 4]] [[""A"" 2]]]] [29 [[[""A"" 4]] [[""A"" 4]] [[""A"" 4]] [[""A"" 4]] [[""A"" 4]] [[""A"" 4]] [[""A"" 4]] [[""A"" 4]] [[""A"" 3]] [[""A"" 4]] [[""A"" 4]] [[""A"" 4]] [[""A"" 4]] [[""A"" 4]] [[""A"" 4]] [[""A"" 4]] [[""A"" 4]] [[""A"" 4]] [[""A"" 4]] [[""A"" 4]] [[""A"" 4]] [[""A"" 4]] [[""A"" 4]] [[""A"" 4]] [[""A"" 4]] [[""A"" 4]] [[""A"" 4]] [[""A"" 4]] [[""A"" 4]] [[""A"" 4]] [[""A"" 4]] [[""A"" 4]] [[""A"" 4]] [[""A"" 4]] [[""A"" 4]] [[""A"" 4]] [[""A"" 4]] [[""A"" 4]] [[""A"" 4]] [[""A"" 4]] [[""A"" 4]] [[""A"" 4]] [[""A"" 4]] [[""A"" 4]] [[""A"" 4]] [[""A"" 4]] [[""A"" 4]] [[""A"" 4]] [[""A"" 4]] [[""A"" 4]]]] [30 [[[""A"" 4]] [[""A"" 4]] [[""A"" 4]] [[""A"" 2]] [[""A"" 2]] [[""A"" 4]] [[""A"" 2]] [[""A"" 4]] [[""A"" 2]] [[""A"" 2]] [[""A"" 4]] [[""A"" 4]] [[""A"" 2]] [[""A"" 2]] [[""A"" 4]] [[""A"" 4]] [[""A"" 2]] [[""A"" 4]] [[""A"" 4]] [[""A"" 2]] [[""A"" 4]] [[""A"" 2]] [[""A"" 4]] [[""A"" 4]] [[""A"" 2]] [[""A"" 4]] [[""A"" 2]] [[""A"" 2]] [[""A"" 4]] [[""A"" 4]] [[""A"" 4]] [[""A"" 4]] [[""A"" 2]] [[""A"" 4]] [[""A"" 2]] [[""A"" 4]] [[""A"" 4]] [[""A"" 2]] [[""A"" 4]] [[""A"" 4]] [[""A"" 4]] [[""A"" 2]] [[""A"" 2]] [[""A"" 4]] [[""A"" 2]] [[""A"" 2]] [[""A"" 2]] [[""A"" 4]] [[""A"" 2]] [[""A"" 4]]]] [31 [[[""A"" 5]] [[""A"" 3]] [[""A"" 5]] [[""A"" 5]] [[""A"" 5]] [[""A"" 3]] [[""A"" 3]] [[""A"" 3]] [[""A"" 5]] [[""A"" 3]] [[""A"" 3]] [[""A"" 3]] [[""A"" 3]] [[""A"" 5]] [[""A"" 3]] [[""A"" 3]] [[""A"" 3]] [[""A"" 3]] [[""A"" 3]] [[""A"" 3]] [[""A"" 3]] [[""A"" 3]] [[""A"" 3]] [[""A"" 3]] [[""A"" 3]] [[""A"" 5]] [[""A"" 3]] [[""A"" 5]] [[""A"" 3]] [[""A"" 3]] [[""A"" 3]] [[""A"" 3]] [[""A"" 3]] [[""A"" 3]] [[""A"" 5]] [[""A"" 3]] [[""A"" 3]] [[""A"" 5]] [[""A"" 5]] [[""A"" 3]] [[""A"" 3]] [[""A"" 5]] [[""A"" 5]] [[""A"" 5]] [[""A"" 5]] [[""A"" 3]] [[""A"" 5]] [[""A"" 5]] [[""A"" 3]] [[""A"" 3]]]] [32 [[[""A"" 5]] [[""A"" 2]] [[""A"" 5]] [[""A"" 5]] [[""A"" 5]] [[""A"" 5]] [[""A"" 5]] [[""A"" 2]] [[""A"" 5]] [[""A"" 5]] [[""A"" 2]] [[""A"" 5]] [[""A"" 2]] [[""A"" 5]] [[""A"" 5]] [[""A"" 5]] [[""A"" 5]] [[""A"" 5]] [[""A"" 2]] [[""A"" 2]] [[""A"" 5]] [[""A"" 2]] [[""A"" 5]] [[""A"" 2]] [[""A"" 5]] [[""A"" 2]] [[""A"" 5]] [[""A"" 2]] [[""A"" 5]] [[""A"" 2]] [[""A"" 5]] [[""A"" 2]] [[""A"" 5]] [[""A"" 5]] [[""A"" 5]] [[""A"" 5]] [[""A"" 2]] [[""A"" 2]] [[""A"" 2]] [[""A"" 2]] [[""A"" 5]] [[""A"" 2]] [[""A"" 2]] [[""A"" 5]] [[""A"" 5]] [[""A"" 2]] [[""A"" 5]] [[""A"" 5]] [[""A"" 2]] [[""A"" 5]]]] [33 [[[""A"" 3]] [[""A"" 5]] [[""A"" 3]] [[""A"" 3]] [[""A"" 3]] [[""A"" 3]] [[""A"" 3]] [[""A"" 3]] [[""A"" 3]] [[""A"" 3]] [[""A"" 3]] [[""A"" 3]] [[""A"" 3]] [[""A"" 3]] [[""A"" 3]] [[""A"" 3]] [[""A"" 3]] [[""A"" 3]] [[""A"" 3]] [[""A"" 3]] [[""A"" 3]] [[""A"" 3]] [[""A"" 3]] [[""A"" 3]] [[""A"" 5]] [[""A"" 3]] [[""A"" 3]] [[""A"" 3]] [[""A"" 3]] [[""A"" 3]] [[""A"" 3]] [[""A"" 3]] [[""A"" 3]] [[""A"" 3]] [[""A"" 3]] [[""A"" 3]] [[""A"" 3]] [[""A"" 3]] [[""A"" 3]] [[""A"" 3]] [[""A"" 3]] [[""A"" 3]] [[""A"" 3]] [[""A"" 3]] [[""A"" 3]] [[""A"" 3]] [[""A"" 3]] [[""A"" 3]] [[""A"" 3]] [[""A"" 3]]]] [34 [[[""A"" 5]] [[""A"" 2]] [[""A"" 2]] [[""A"" 2]] [[""A"" 2]] [[""A"" 2]] [[""A"" 2]] [[""A"" 5]] [[""A"" 2]] [[""A"" 2]] [[""A"" 2]] [[""A"" 2]] [[""A"" 2]] [[""A"" 2]] [[""A"" 2]] [[""A"" 2]] [[""A"" 2]] [[""A"" 2]] [[""A"" 2]] [[""A"" 2]] [[""A"" 2]] [[""A"" 2]] [[""A"" 2]] [[""A"" 5]] [[""A"" 2]] [[""A"" 2]] [[""A"" 2]] [[""A"" 2]] [[""A"" 2]] [[""A"" 2]] [[""A"" 2]] [[""A"" 2]] [[""A"" 2]] [[""A"" 2]] [[""A"" 2]] [[""A"" 2]] [[""A"" 2]] [[""A"" 2]] [[""A"" 2]] [[""A"" 2]] [[""A"" 2]] [[""A"" 2]] [[""A"" 2]] [[""A"" 2]] [[""A"" 2]] [[""A"" 2]] [[""A"" 2]] [[""A"" 2]] [[""A"" 2]] [[""A"" 2]]]] [35 [[[""A"" 2]] [[""A"" 2]] [[""A"" 2]] [[""A"" 4]] [[""A"" 2]] [[""A"" 2]] [[""A"" 4]] [[""A"" 4]] [[""A"" 2]] [[""A"" 4]] [[""A"" 2]] [[""A"" 4]] [[""A"" 4]] [[""A"" 2]] [[""A"" 2]] [[""A"" 4]] [[""A"" 4]] [[""A"" 2]] [[""A"" 2]] [[""A"" 4]] [[""A"" 2]] [[""A"" 2]] [[""A"" 2]] [[""A"" 2]] [[""A"" 4]] [[""A"" 2]] [[""A"" 4]] [[""A"" 2]] [[""A"" 2]] [[""A"" 4]] [[""A"" 2]] [[""A"" 4]] [[""A"" 4]] [[""A"" 4]] [[""A"" 4]] [[""A"" 4]] [[""A"" 4]] [[""A"" 2]] [[""A"" 2]] [[""A"" 4]] [[""A"" 4]] [[""A"" 2]] [[""A"" 4]] [[""A"" 4]] [[""A"" 2]] [[""A"" 4]] [[""A"" 2]] [[""A"" 4]] [[""A"" 2]] [[""A"" 4]]]] [36 [[[""A"" 3]] [[""A"" 3]] [[""A"" 3]] [[""A"" 3]] [[""A"" 3]] [[""A"" 3]] [[""A"" 3]] [[""A"" 3]] [[""A"" 3]] [[""A"" 3]] [[""A"" 3]] [[""A"" 3]] [[""A"" 3]] [[""A"" 3]] [[""A"" 3]] [[""A"" 3]] [[""A"" 3]] [[""A"" 3]] [[""A"" 3]] [[""A"" 3]] [[""A"" 3]] [[""A"" 3]] [[""A"" 3]] [[""A"" 3]] [[""A"" 3]] [[""A"" 3]] [[""A"" 3]] [[""A"" 3]] [[""A"" 3]] [[""A"" 3]] [[""A"" 3]] [[""A"" 3]] [[""A"" 3]] [[""A"" 3]] [[""A"" 3]] [[""A"" 3]] [[""A"" 3]] [[""A"" 3]] [[""A"" 3]] [[""A"" 3]] [[""A"" 4]] [[""A"" 3]] [[""A"" 3]] [[""A"" 3]] [[""A"" 3]] [[""A"" 3]] [[""A"" 3]] [[""A"" 3]] [[""A"" 3]] [[""A"" 3]]]] [37 [[[""A"" 4]] [[""A"" 4]] [[""A"" 4]] [[""A"" 4]] [[""A"" 4]] [[""A"" 4]] [[""A"" 4]] [[""A"" 4]] [[""A"" 4]] [[""A"" 4]] [[""A"" 4]] [[""A"" 4]] [[""A"" 4]] [[""A"" 4]] [[""A"" 4]] [[""A"" 4]] [[""A"" 4]] [[""A"" 4]] [[""A"" 4]] [[""A"" 2]] [[""A"" 4]] [[""A"" 4]] [[""A"" 4]] [[""A"" 4]] [[""A"" 4]] [[""A"" 4]] [[""A"" 4]] [[""A"" 2]] [[""A"" 4]] [[""A"" 4]] [[""A"" 4]] [[""A"" 4]] [[""A"" 4]] [[""A"" 4]] [[""A"" 4]] [[""A"" 4]] [[""A"" 4]] [[""A"" 4]] [[""A"" 4]] [[""A"" 4]] [[""A"" 4]] [[""A"" 4]] [[""A"" 4]] [[""A"" 4]] [[""A"" 4]] [[""A"" 4]] [[""A"" 4]] [[""A"" 4]] [[""A"" 4]] [[""A"" 4]]]] [38 [[[""A"" 5]] [[""A"" 5]] [[""A"" 5]] [[""A"" 5]] [[""A"" 5]] [[""A"" 5]] [[""A"" 5]] [[""A"" 5]] [[""A"" 5]] [[""A"" 5]] [[""A"" 3]] [[""A"" 5]] [[""A"" 5]] [[""A"" 5]] [[""A"" 5]] [[""A"" 5]] [[""A"" 3]] [[""A"" 5]] [[""A"" 5]] [[""A"" 5]] [[""A"" 5]] [[""A"" 5]] [[""A"" 5]] [[""A"" 5]] [[""A"" 5]] [[""A"" 5]] [[""A"" 5]] [[""A"" 5]] [[""A"" 5]] [[""A"" 5]] [[""A"" 5]] [[""A"" 5]] [[""A"" 5]] [[""A"" 5]] [[""A"" 5]] [[""A"" 5]] [[""A"" 5]] [[""A"" 5]] [[""A"" 5]] [[""A"" 5]] [[""A"" 2]] [[""A"" 5]] [[""A"" 5]] [[""A"" 5]] [[""A"" 5]] [[""A"" 5]] [[""A"" 5]] [[""A"" 5]] [[""A"" 5]] [[""A"" 5]]]] [39 [[[""A"" 4]] [[""A"" 4]] [[""A"" 4]] [[""A"" 4]] [[""A"" 4]] [[""A"" 4]] [[""A"" 4]] [[""A"" 4]] [[""A"" 4]] [[""A"" 4]] [[""A"" 4]] [[""A"" 4]] [[""A"" 4]] [[""A"" 4]] [[""A"" 4]] [[""A"" 4]] [[""A"" 4]] [[""A"" 4]] [[""A"" 4]] [[""A"" 4]] [[""A"" 4]] [[""A"" 4]] [[""A"" 4]] [[""A"" 4]] [[""A"" 4]] [[""A"" 4]] [[""A"" 4]] [[""A"" 4]] [[""A"" 4]] [[""A"" 4]] [[""A"" 4]] [[""A"" 4]] [[""A"" 4]] [[""A"" 4]] [[""A"" 4]] [[""A"" 4]] [[""A"" 4]] [[""A"" 4]] [[""A"" 4]] [[""A"" 4]] [[""A"" 4]] [[""A"" 4]] [[""A"" 4]] [[""A"" 4]] [[""A"" 4]] [[""A"" 4]] [[""A"" 4]] [[""A"" 4]] [[""A"" 4]] [[""A"" 4]]]] [40 [[[""A"" 3]] [[""A"" 3]] [[""A"" 3]] [[""A"" 3]] [[""A"" 3]] [[""A"" 3]] [[""A"" 3]] [[""A"" 3]] [[""A"" 3]] [[""A"" 3]] [[""A"" 3]] [[""A"" 3]] [[""A"" 3]] [[""A"" 3]] [[""A"" 3]] [[""A"" 3]] [[""A"" 3]] [[""A"" 3]] [[""A"" 3]] [[""A"" 3]] [[""A"" 3]] [[""A"" 3]] [[""A"" 3]] [[""A"" 3]] [[""A"" 3]] [[""A"" 3]] [[""A"" 3]] [[""A"" 3]] [[""A"" 3]] [[""A"" 3]] [[""A"" 3]] [[""A"" 3]] [[""A"" 3]] [[""A"" 3]] [[""A"" 3]] [[""A"" 3]] [[""A"" 3]] [[""A"" 3]] [[""A"" 3]] [[""A"" 3]] [[""A"" 3]] [[""A"" 3]] [[""A"" 3]] [[""A"" 3]] [[""A"" 3]] [[""A"" 3]] [[""A"" 3]] [[""A"" 3]] [[""A"" 3]] [[""A"" 3]]]] [41 [[[""A"" 3]] [[""A"" 3]] [[""A"" 3]] [[""A"" 3]] [[""A"" 3]] [[""A"" 3]] [[""A"" 3]] [[""A"" 3]] [[""A"" 3]] [[""A"" 4]] [[""A"" 3]] [[""A"" 3]] [[""A"" 3]] [[""A"" 3]] [[""A"" 3]] [[""A"" 3]] [[""A"" 3]] [[""A"" 3]] [[""A"" 3]] [[""A"" 3]] [[""A"" 3]] [[""A"" 3]] [[""A"" 3]] [[""A"" 3]] [[""A"" 3]] [[""A"" 3]] [[""A"" 3]] [[""A"" 3]] [[""A"" 4]] [[""A"" 3]] [[""A"" 3]] [[""A"" 3]] [[""A"" 3]] [[""A"" 3]] [[""A"" 3]] [[""A"" 3]] [[""A"" 3]] [[""A"" 3]] [[""A"" 3]] [[""A"" 3]] [[""A"" 3]] [[""A"" 3]] [[""A"" 3]] [[""A"" 4]] [[""A"" 3]] [[""A"" 3]] [[""A"" 3]] [[""A"" 3]] [[""A"" 3]] [[""A"" 3]]]] [42 [[[""A"" 4]] [[""A"" 4]] [[""A"" 4]] [[""A"" 4]] [[""A"" 4]] [[""A"" 4]] [[""A"" 4]] [[""A"" 4]] [[""A"" 4]] [[""A"" 4]] [[""A"" 4]] [[""A"" 4]] [[""A"" 4]] [[""A"" 4]] [[""A"" 4]] [[""A"" 4]] [[""A"" 4]] [[""A"" 4]] [[""A"" 4]] [[""A"" 4]] [[""A"" 4]] [[""A"" 4]] [[""A"" 4]] [[""A"" 4]] [[""A"" 4]] [[""A"" 4]] [[""A"" 4]] [[""A"" 4]] [[""A"" 4]] [[""A"" 4]] [[""A"" 3]] [[""A"" 4]] [[""A"" 4]] [[""A"" 4]] [[""A"" 4]] [[""A"" 4]] [[""A"" 4]] [[""A"" 4]] [[""A"" 4]] [[""A"" 4]] [[""A"" 4]] [[""A"" 4]] [[""A"" 4]] [[""A"" 4]] [[""A"" 4]] [[""A"" 4]] [[""A"" 3]] [[""A"" 4]] [[""A"" 4]] [[""A"" 4]]]] [43 [[[""A"" 2]] [[""A"" 2]] [[""A"" 2]] [[""A"" 2]] [[""A"" 2]] [[""A"" 2]] [[""A"" 2]] [[""A"" 2]] [[""A"" 2]] [[""A"" 2]] [[""A"" 2]] [[""A"" 2]] [[""A"" 2]] [[""A"" 2]] [[""A"" 2]] [[""A"" 2]] [[""A"" 2]] [[""A"" 2]] [[""A"" 2]] [[""A"" 2]] [[""A"" 2]] [[""A"" 2]] [[""A"" 2]] [[""A"" 2]] [[""A"" 2]] [[""A"" 2]] [[""A"" 2]] [[""A"" 2]] [[""A"" 2]] [[""A"" 2]] [[""A"" 2]] [[""A"" 2]] [[""A"" 2]] [[""A"" 2]] [[""A"" 4]] [[""A"" 2]] [[""A"" 2]] [[""A"" 2]] [[""A"" 2]] [[""A"" 2]] [[""A"" 3]] [[""A"" 2]] [[""A"" 2]] [[""A"" 2]] [[""A"" 2]] [[""A"" 2]] [[""A"" 2]] [[""A"" 2]] [[""A"" 2]] [[""A"" 2]]]] [44 [[[""A"" 2]] [[""A"" 2]] [[""A"" 2]] [[""A"" 2]] [[""A"" 2]] [[""A"" 3]] [[""A"" 2]] [[""A"" 2]] [[""A"" 2]] [[""A"" 2]] [[""A"" 2]] [[""A"" 2]] [[""A"" 2]] [[""A"" 2]] [[""A"" 2]] [[""A"" 2]] [[""A"" 2]] [[""A"" 2]] [[""A"" 2]] [[""A"" 2]] [[""A"" 2]] [[""A"" 4]] [[""A"" 2]] [[""A"" 2]] [[""A"" 2]] [[""A"" 2]] [[""A"" 2]] [[""A"" 2]] [[""A"" 2]] [[""A"" 2]] [[""A"" 2]] [[""A"" 2]] [[""A"" 2]] [[""A"" 2]] [[""A"" 2]] [[""A"" 2]] [[""A"" 2]] [[""A"" 2]] [[""A"" 2]] [[""A"" 2]] [[""A"" 2]] [[""A"" 2]] [[""A"" 2]] [[""A"" 2]] [[""A"" 2]] [[""A"" 2]] [[""A"" 2]] [[""A"" 4]] [[""A"" 4]] [[""A"" 2]]]] [45 [[[""A"" 4]] [[""A"" 4]] [[""A"" 4]] [[""A"" 4]] [[""A"" 4]] [[""A"" 4]] [[""A"" 4]] [[""A"" 4]] [[""A"" 4]] [[""A"" 4]] [[""A"" 4]] [[""A"" 4]] [[""A"" 4]] [[""A"" 4]] [[""A"" 4]] [[""A"" 4]] [[""A"" 4]] [[""A"" 4]] [[""A"" 4]] [[""A"" 4]] [[""A"" 4]] [[""A"" 4]] [[""A"" 4]] [[""A"" 4]] [[""A"" 5]] [[""A"" 4]] [[""A"" 4]] [[""A"" 4]] [[""A"" 4]] [[""A"" 4]] [[""A"" 4]] [[""A"" 4]] [[""A"" 4]] [[""A"" 4]] [[""A"" 4]] [[""A"" 4]] [[""A"" 4]] [[""A"" 4]] [[""A"" 4]] [[""A"" 4]] [[""A"" 4]] [[""A"" 4]] [[""A"" 4]] [[""A"" 4]] [[""A"" 4]] [[""A"" 4]] [[""A"" 3]] [[""A"" 4]] [[""A"" 4]] [[""A"" 4]]]] [46 [[[""A"" 3]] [[""A"" 5]] [[""A"" 3]] [[""A"" 3]] [[""A"" 3]] [[""A"" 3]] [[""A"" 3]] [[""A"" 3]] [[""A"" 3]] [[""A"" 3]] [[""A"" 3]] [[""A"" 3]] [[""A"" 3]] [[""A"" 3]] [[""A"" 3]] [[""A"" 5]] [[""A"" 3]] [[""A"" 3]] [[""A"" 3]] [[""A"" 3]] [[""A"" 5]] [[""A"" 5]] [[""A"" 3]] [[""A"" 3]] [[""A"" 3]] [[""A"" 3]] [[""A"" 5]] [[""A"" 3]] [[""A"" 3]] [[""A"" 3]] [[""A"" 3]] [[""A"" 3]] [[""A"" 3]] [[""A"" 3]] [[""A"" 5]] [[""A"" 3]] [[""A"" 3]] [[""A"" 3]] [[""A"" 3]] [[""A"" 3]] [[""A"" 3]] [[""A"" 3]] [[""A"" 3]] [[""A"" 3]] [[""A"" 3]] [[""A"" 3]] [[""A"" 5]] [[""A"" 3]] [[""A"" 3]] [[""A"" 3]]]] [47 [[[""A"" 4]] [[""A"" 2]] [[""A"" 4]] [[""A"" 2]] [[""A"" 4]] [[""A"" 4]] [[""A"" 4]] [[""A"" 2]] [[""A"" 2]] [[""A"" 2]] [[""A"" 2]] [[""A"" 2]] [[""A"" 2]] [[""A"" 2]] [[""A"" 2]] [[""A"" 4]] [[""A"" 2]] [[""A"" 4]] [[""A"" 2]] [[""A"" 4]] [[""A"" 4]] [[""A"" 2]] [[""A"" 2]] [[""A"" 2]] [[""A"" 4]] [[""A"" 2]] [[""A"" 2]] [[""A"" 4]] [[""A"" 5]] [[""A"" 2]] [[""A"" 4]] [[""A"" 4]] [[""A"" 2]] [[""A"" 4]] [[""A"" 2]] [[""A"" 2]] [[""A"" 4]] [[""A"" 2]] [[""A"" 2]] [[""A"" 2]] [[""A"" 2]] [[""A"" 2]] [[""A"" 4]] [[""A"" 4]] [[""A"" 2]] [[""A"" 2]] [[""A"" 2]] [[""A"" 2]] [[""A"" 2]] [[""A"" 4]]]] [48 [[[""A"" 3]] [[""A"" 3]] [[""A"" 3]] [[""A"" 3]] [[""A"" 3]] [[""A"" 3]] [[""A"" 3]] [[""A"" 3]] [[""A"" 3]] [[""A"" 3]] [[""A"" 3]] [[""A"" 3]] [[""A"" 3]] [[""A"" 3]] [[""A"" 3]] [[""A"" 3]] [[""A"" 3]] [[""A"" 3]] [[""A"" 3]] [[""A"" 3]] [[""A"" 3]] [[""A"" 3]] [[""A"" 3]] [[""A"" 3]] [[""A"" 3]] [[""A"" 3]] [[""A"" 3]] [[""A"" 3]] [[""A"" 3]] [[""A"" 3]] [[""A"" 3]] [[""A"" 3]] [[""A"" 3]] [[""A"" 3]] [[""A"" 3]] [[""A"" 3]] [[""A"" 3]] [[""A"" 3]] [[""A"" 3]] [[""A"" 3]] [[""A"" 3]] [[""A"" 3]] [[""A"" 3]] [[""A"" 3]] [[""A"" 3]] [[""A"" 3]] [[""A"" 3]] [[""A"" 3]] [[""A"" 4]] [[""A"" 3]]]] [49 [[[""A"" 3]] [[""A"" 3]] [[""A"" 3]] [[""A"" 3]] [[""A"" 3]] [[""A"" 3]] [[""A"" 3]] [[""A"" 3]] [[""A"" 3]] [[""A"" 3]] [[""A"" 3]] [[""A"" 3]] [[""A"" 3]] [[""A"" 3]] [[""A"" 3]] [[""A"" 4]] [[""A"" 3]] [[""A"" 3]] [[""A"" 3]] [[""A"" 3]] [[""A"" 3]] [[""A"" 3]] [[""A"" 3]] [[""A"" 3]] [[""A"" 3]] [[""A"" 4]] [[""A"" 3]] [[""A"" 3]] [[""A"" 3]] [[""A"" 3]] [[""A"" 3]] [[""A"" 3]] [[""A"" 3]] [[""A"" 3]] [[""A"" 3]] [[""A"" 3]] [[""A"" 3]] [[""A"" 3]] [[""A"" 3]] [[""A"" 3]] [[""A"" 3]] [[""A"" 3]] [[""A"" 3]] [[""A"" 3]] [[""A"" 3]] [[""A"" 3]] [[""A"" 3]] [[""A"" 3]] [[""A"" 3]] [[""A"" 3]]]] [50 [[[""A"" 2]] [[""A"" 2]] [[""A"" 4]] [[""A"" 4]] [[""A"" 2]] [[""A"" 4]] [[""A"" 2]] [[""A"" 2]] [[""A"" 4]] [[""A"" 2]] [[""A"" 2]] [[""A"" 2]] [[""A"" 4]] [[""A"" 2]] [[""A"" 4]] [[""A"" 4]] [[""A"" 2]] [[""A"" 4]] [[""A"" 2]] [[""A"" 4]] [[""A"" 2]] [[""A"" 2]] [[""A"" 4]] [[""A"" 4]] [[""A"" 2]] [[""A"" 4]] [[""A"" 4]] [[""A"" 2]] [[""A"" 4]] [[""A"" 4]] [[""A"" 2]] [[""A"" 2]] [[""A"" 4]] [[""A"" 2]] [[""A"" 4]] [[""A"" 4]] [[""A"" 4]] [[""A"" 4]] [[""A"" 4]] [[""A"" 2]] [[""A"" 4]] [[""A"" 4]] [[""A"" 4]] [[""A"" 2]] [[""A"" 4]] [[""A"" 4]] [[""A"" 4]] [[""A"" 4]] [[""A"" 4]] [[""A"" 2]]]] [51 [[[""A"" 3]] [[""A"" 3]] [[""A"" 3]] [[""A"" 3]] [[""A"" 3]] [[""A"" 3]] [[""A"" 3]] [[""A"" 3]] [[""A"" 3]] [[""A"" 3]] [[""A"" 3]] [[""A"" 3]] [[""A"" 3]] [[""A"" 3]] [[""A"" 3]] [[""A"" 3]] [[""A"" 3]] [[""A"" 3]] [[""A"" 3]] [[""A"" 3]] [[""A"" 3]] [[""A"" 3]] [[""A"" 3]] [[""A"" 3]] [[""A"" 3]] [[""A"" 3]] [[""A"" 3]] [[""A"" 3]] [[""A"" 3]] [[""A"" 3]] [[""A"" 3]] [[""A"" 3]] [[""A"" 3]] [[""A"" 3]] [[""A"" 3]] [[""A"" 3]] [[""A"" 3]] [[""A"" 3]] [[""A"" 3]] [[""A"" 3]] [[""A"" 3]] [[""A"" 3]] [[""A"" 3]] [[""A"" 3]] [[""A"" 3]] [[""A"" 3]] [[""A"" 3]] [[""A"" 3]] [[""A"" 3]] [[""A"" 3]]]] [52 [[[""A"" 4]] [[""A"" 4]] [[""A"" 4]] [[""A"" 4]] [[""A"" 4]] [[""A"" 4]] [[""A"" 4]] [[""A"" 4]] [[""A"" 4]] [[""A"" 4]] [[""A"" 4]] [[""A"" 4]] [[""A"" 4]] [[""A"" 4]] [[""A"" 4]] [[""A"" 4]] [[""A"" 4]] [[""A"" 4]] [[""A"" 4]] [[""A"" 4]] [[""A"" 4]] [[""A"" 4]] [[""A"" 4]] [[""A"" 4]] [[""A"" 4]] [[""A"" 4]] [[""A"" 4]] [[""A"" 3]] [[""A"" 4]] [[""A"" 4]] [[""A"" 4]] [[""A"" 4]] [[""A"" 4]] [[""A"" 4]] [[""A"" 4]] [[""A"" 4]] [[""A"" 4]] [[""A"" 4]] [[""A"" 4]] [[""A"" 4]] [[""A"" 4]] [[""A"" 4]] [[""A"" 4]] [[""A"" 4]] [[""A"" 4]] [[""A"" 4]] [[""A"" 4]] [[""A"" 4]] [[""A"" 4]] [[""A"" 4]]]] [53 [[[""A"" 3]] [[""A"" 3]] [[""A"" 3]] [[""A"" 3]] [[""A"" 3]] [[""A"" 3]] [[""A"" 3]] [[""A"" 3]] [[""A"" 3]] [[""A"" 3]] [[""A"" 3]] [[""A"" 3]] [[""A"" 3]] [[""A"" 3]] [[""A"" 3]] [[""A"" 3]] [[""A"" 3]] [[""A"" 3]] [[""A"" 3]] [[""A"" 3]] [[""A"" 3]] [[""A"" 3]] [[""A"" 3]] [[""A"" 3]] [[""A"" 3]] [[""A"" 3]] [[""A"" 3]] [[""A"" 3]] [[""A"" 3]] [[""A"" 3]] [[""A"" 3]] [[""A"" 3]] [[""A"" 3]] [[""A"" 3]] [[""A"" 3]] [[""A"" 3]] [[""A"" 3]] [[""A"" 3]] [[""A"" 3]] [[""A"" 3]] [[""A"" 3]] [[""A"" 3]] [[""A"" 3]] [[""A"" 3]] [[""A"" 3]] [[""A"" 3]] [[""A"" 3]] [[""A"" 3]] [[""A"" 3]] [[""A"" 3]]]] [54 [[[""A"" 2]] [[""A"" 2]] [[""A"" 5]] [[""A"" 2]] [[""A"" 2]] [[""A"" 2]] [[""A"" 2]] [[""A"" 2]] [[""A"" 2]] [[""A"" 5]] [[""A"" 5]] [[""A"" 2]] [[""A"" 2]] [[""A"" 2]] [[""A"" 2]] [[""A"" 2]] [[""A"" 2]] [[""A"" 2]] [[""A"" 5]] [[""A"" 2]] [[""A"" 5]] [[""A"" 5]] [[""A"" 5]] [[""A"" 2]] [[""A"" 2]] [[""A"" 2]] [[""A"" 5]] [[""A"" 2]] [[""A"" 5]] [[""A"" 2]] [[""A"" 2]] [[""A"" 2]] [[""A"" 3]] [[""A"" 2]] [[""A"" 2]] [[""A"" 2]] [[""A"" 2]] [[""A"" 5]] [[""A"" 2]] [[""A"" 2]] [[""A"" 2]] [[""A"" 2]] [[""A"" 5]] [[""A"" 2]] [[""A"" 2]] [[""A"" 5]] [[""A"" 2]] [[""A"" 2]] [[""A"" 2]] [[""A"" 2]]]] [55 [[[""A"" 4]] [[""A"" 4]] [[""A"" 4]] [[""A"" 4]] [[""A"" 4]] [[""A"" 4]] [[""A"" 4]] [[""A"" 4]] [[""A"" 4]] [[""A"" 4]] [[""A"" 4]] [[""A"" 4]] [[""A"" 4]] [[""A"" 4]] [[""A"" 4]] [[""A"" 4]] [[""A"" 4]] [[""A"" 4]] [[""A"" 4]] [[""A"" 4]] [[""A"" 4]] [[""A"" 4]] [[""A"" 4]] [[""A"" 4]] [[""A"" 4]] [[""A"" 4]] [[""A"" 4]] [[""A"" 4]] [[""A"" 4]] [[""A"" 4]] [[""A"" 4]] [[""A"" 4]] [[""A"" 4]] [[""A"" 4]] [[""A"" 4]] [[""A"" 4]] [[""A"" 4]] [[""A"" 4]] [[""A"" 4]] [[""A"" 4]] [[""A"" 4]] [[""A"" 4]] [[""A"" 4]] [[""A"" 4]] [[""A"" 4]] [[""A"" 4]] [[""A"" 4]] [[""A"" 4]] [[""A"" 4]] [[""A"" 4]]]] [56 [[[""A"" 4]] [[""A"" 4]] [[""A"" 4]] [[""A"" 4]] [[""A"" 4]] [[""A"" 4]] [[""A"" 4]] [[""A"" 4]] [[""A"" 4]] [[""A"" 4]] [[""A"" 4]] [[""A"" 4]] [[""A"" 4]] [[""A"" 4]] [[""A"" 4]] [[""A"" 4]] [[""A"" 4]] [[""A"" 4]] [[""A"" 4]] [[""A"" 4]] [[""A"" 4]] [[""A"" 4]] [[""A"" 4]] [[""A"" 4]] [[""A"" 4]] [[""A"" 4]] [[""A"" 4]] [[""A"" 4]] [[""A"" 4]] [[""A"" 4]] [[""A"" 4]] [[""A"" 4]] [[""A"" 4]] [[""A"" 4]] [[""A"" 4]] [[""A"" 4]] [[""A"" 4]] [[""A"" 4]] [[""A"" 4]] [[""A"" 4]] [[""A"" 4]] [[""A"" 4]] [[""A"" 4]] [[""A"" 4]] [[""A"" 4]] [[""A"" 4]] [[""A"" 4]] [[""A"" 4]] [[""A"" 4]] [[""A"" 4]]]] [57 [[[""A"" 3]] [[""A"" 5]] [[""A"" 5]] [[""A"" 5]] [[""A"" 5]] [[""A"" 5]] [[""A"" 3]] [[""A"" 3]] [[""A"" 5]] [[""A"" 5]] [[""A"" 3]] [[""A"" 5]] [[""A"" 3]] [[""A"" 5]] [[""A"" 3]] [[""A"" 3]] [[""A"" 3]] [[""A"" 5]] [[""A"" 3]] [[""A"" 5]] [[""A"" 3]] [[""A"" 3]] [[""A"" 3]] [[""A"" 3]] [[""A"" 5]] [[""A"" 5]] [[""A"" 5]] [[""A"" 3]] [[""A"" 5]] [[""A"" 3]] [[""A"" 5]] [[""A"" 3]] [[""A"" 3]] [[""A"" 5]] [[""A"" 5]] [[""A"" 3]] [[""A"" 3]] [[""A"" 3]] [[""A"" 3]] [[""A"" 3]] [[""A"" 5]] [[""A"" 5]] [[""A"" 3]] [[""A"" 5]] [[""A"" 5]] [[""A"" 3]] [[""A"" 3]] [[""A"" 3]] [[""A"" 3]] [[""A"" 5]]]] [58 [[[""A"" 4]] [[""A"" 3]] [[""A"" 4]] [[""A"" 4]] [[""A"" 4]] [[""A"" 4]] [[""A"" 4]] [[""A"" 4]] [[""A"" 4]] [[""A"" 4]] [[""A"" 4]] [[""A"" 4]] [[""A"" 4]] [[""A"" 4]] [[""A"" 4]] [[""A"" 4]] [[""A"" 4]] [[""A"" 3]] [[""A"" 4]] [[""A"" 4]] [[""A"" 4]] [[""A"" 4]] [[""A"" 4]] [[""A"" 4]] [[""A"" 4]] [[""A"" 4]] [[""A"" 4]] [[""A"" 4]] [[""A"" 4]] [[""A"" 4]] [[""A"" 4]] [[""A"" 4]] [[""A"" 4]] [[""A"" 4]] [[""A"" 4]] [[""A"" 4]] [[""A"" 4]] [[""A"" 4]] [[""A"" 4]] [[""A"" 4]] [[""A"" 4]] [[""A"" 4]] [[""A"" 4]] [[""A"" 4]] [[""A"" 4]] [[""A"" 4]] [[""A"" 4]] [[""A"" 4]] [[""A"" 3]] [[""A"" 4]]]] [59 [[[""A"" 5]] [[""A"" 2]] [[""A"" 2]] [[""A"" 2]] [[""A"" 2]] [[""A"" 5]] [[""A"" 2]] [[""A"" 5]] [[""A"" 5]] [[""A"" 2]] [[""A"" 2]] [[""A"" 5]] [[""A"" 5]] [[""A"" 5]] [[""A"" 2]] [[""A"" 2]] [[""A"" 5]] [[""A"" 5]] [[""A"" 5]] [[""A"" 5]] [[""A"" 2]] [[""A"" 2]] [[""A"" 5]] [[""A"" 5]] [[""A"" 2]] [[""A"" 2]] [[""A"" 2]] [[""A"" 5]] [[""A"" 5]] [[""A"" 2]] [[""A"" 5]] [[""A"" 2]] [[""A"" 2]] [[""A"" 2]] [[""A"" 2]] [[""A"" 2]] [[""A"" 5]] [[""A"" 5]] [[""A"" 5]] [[""A"" 5]] [[""A"" 2]] [[""A"" 2]] [[""A"" 2]] [[""A"" 2]] [[""A"" 2]] [[""A"" 5]] [[""A"" 5]] [[""A"" 2]] [[""A"" 2]] [[""A"" 5]]]] [60 [[[""A"" 2]] [[""A"" 2]] [[""A"" 5]] [[""A"" 2]] [[""A"" 5]] [[""A"" 2]] [[""A"" 5]] [[""A"" 5]] [[""A"" 2]] [[""A"" 2]] [[""A"" 5]] [[""A"" 2]] [[""A"" 2]] [[""A"" 2]] [[""A"" 5]] [[""A"" 5]] [[""A"" 5]] [[""A"" 2]] [[""A"" 5]] [[""A"" 5]] [[""A"" 5]] [[""A"" 2]] [[""A"" 2]] [[""A"" 5]] [[""A"" 2]] [[""A"" 2]] [[""A"" 2]] [[""A"" 2]] [[""A"" 2]] [[""A"" 2]] [[""A"" 5]] [[""A"" 2]] [[""A"" 5]] [[""A"" 5]] [[""A"" 2]] [[""A"" 2]] [[""A"" 2]] [[""A"" 2]] [[""A"" 5]] [[""A"" 2]] [[""A"" 2]] [[""A"" 5]] [[""A"" 2]] [[""A"" 5]] [[""A"" 2]] [[""A"" 2]] [[""A"" 2]] [[""A"" 5]] [[""A"" 2]] [[""A"" 2]]]] [61 [[[""A"" 5]] [[""A"" 5]] [[""A"" 2]] [[""A"" 5]] [[""A"" 5]] [[""A"" 5]] [[""A"" 2]] [[""A"" 3]] [[""A"" 2]] [[""A"" 2]] [[""A"" 2]] [[""A"" 5]] [[""A"" 5]] [[""A"" 2]] [[""A"" 5]] [[""A"" 5]] [[""A"" 5]] [[""A"" 5]] [[""A"" 5]] [[""A"" 2]] [[""A"" 2]] [[""A"" 2]] [[""A"" 2]] [[""A"" 5]] [[""A"" 5]] [[""A"" 5]] [[""A"" 2]] [[""A"" 5]] [[""A"" 2]] [[""A"" 5]] [[""A"" 2]] [[""A"" 2]] [[""A"" 5]] [[""A"" 5]] [[""A"" 2]] [[""A"" 5]] [[""A"" 2]] [[""A"" 5]] [[""A"" 5]] [[""A"" 2]] [[""A"" 5]] [[""A"" 5]] [[""A"" 2]] [[""A"" 5]] [[""A"" 5]] [[""A"" 2]] [[""A"" 2]] [[""A"" 5]] [[""A"" 5]] [[""A"" 5]]]] [62 [[[""A"" 5]] [[""A"" 2]] [[""A"" 5]] [[""A"" 2]] [[""A"" 2]] [[""A"" 5]] [[""A"" 5]] [[""A"" 2]] [[""A"" 5]] [[""A"" 2]] [[""A"" 2]] [[""A"" 2]] [[""A"" 2]] [[""A"" 5]] [[""A"" 2]] [[""A"" 5]] [[""A"" 2]] [[""A"" 5]] [[""A"" 5]] [[""A"" 5]] [[""A"" 2]] [[""A"" 2]] [[""A"" 2]] [[""A"" 5]] [[""A"" 2]] [[""A"" 5]] [[""A"" 2]] [[""A"" 2]] [[""A"" 2]] [[""A"" 5]] [[""A"" 2]] [[""A"" 5]] [[""A"" 2]] [[""A"" 5]] [[""A"" 5]] [[""A"" 2]] [[""A"" 5]] [[""A"" 2]] [[""A"" 2]] [[""A"" 5]] [[""A"" 2]] [[""A"" 2]] [[""A"" 2]] [[""A"" 2]] [[""A"" 2]] [[""A"" 5]] [[""A"" 2]] [[""A"" 2]] [[""A"" 5]] [[""A"" 2]]]] [63 [[[""A"" 5]] [[""A"" 5]] [[""A"" 5]] [[""A"" 2]] [[""A"" 5]] [[""A"" 5]] [[""A"" 5]] [[""A"" 5]] [[""A"" 5]] [[""A"" 5]] [[""A"" 5]] [[""A"" 5]] [[""A"" 2]] [[""A"" 5]] [[""A"" 5]] [[""A"" 5]] [[""A"" 5]] [[""A"" 5]] [[""A"" 5]] [[""A"" 2]] [[""A"" 5]] [[""A"" 5]] [[""A"" 5]] [[""A"" 5]] [[""A"" 5]] [[""A"" 2]] [[""A"" 5]] [[""A"" 5]] [[""A"" 2]] [[""A"" 5]] [[""A"" 5]] [[""A"" 5]] [[""A"" 5]] [[""A"" 5]] [[""A"" 5]] [[""A"" 5]] [[""A"" 5]] [[""A"" 5]] [[""A"" 5]] [[""A"" 2]] [[""A"" 2]] [[""A"" 2]] [[""A"" 2]] [[""A"" 5]] [[""A"" 5]] [[""A"" 5]] [[""A"" 2]] [[""A"" 5]] [[""A"" 5]] [[""A"" 2]]]] [64 [[[""A"" 3]] [[""A"" 3]] [[""A"" 3]] [[""A"" 3]] [[""A"" 3]] [[""A"" 3]] [[""A"" 3]] [[""A"" 3]] [[""A"" 3]] [[""A"" 3]] [[""A"" 3]] [[""A"" 3]] [[""A"" 3]] [[""A"" 3]] [[""A"" 3]] [[""A"" 3]] [[""A"" 3]] [[""A"" 3]] [[""A"" 3]] [[""A"" 3]] [[""A"" 3]] [[""A"" 3]] [[""A"" 3]] [[""A"" 3]] [[""A"" 3]] [[""A"" 3]] [[""A"" 3]] [[""A"" 3]] [[""A"" 3]] [[""A"" 3]] [[""A"" 3]] [[""A"" 3]] [[""A"" 3]] [[""A"" 3]] [[""A"" 3]] [[""A"" 3]] [[""A"" 3]] [[""A"" 3]] [[""A"" 3]] [[""A"" 3]] [[""A"" 3]] [[""A"" 3]] [[""A"" 3]] [[""A"" 3]] [[""A"" 3]] [[""A"" 3]] [[""A"" 3]] [[""A"" 3]] [[""A"" 3]] [[""A"" 3]]]] [65 [[[""A"" 2]] [[""A"" 2]] [[""A"" 2]] [[""A"" 5]] [[""A"" 5]] [[""A"" 2]] [[""A"" 2]] [[""A"" 2]] [[""A"" 2]] [[""A"" 2]] [[""A"" 2]] [[""A"" 2]] [[""A"" 5]] [[""A"" 2]] [[""A"" 5]] [[""A"" 2]] [[""A"" 2]] [[""A"" 5]] [[""A"" 5]] [[""A"" 2]] [[""A"" 5]] [[""A"" 5]] [[""A"" 2]] [[""A"" 2]] [[""A"" 5]] [[""A"" 2]] [[""A"" 2]] [[""A"" 5]] [[""A"" 2]] [[""A"" 3]] [[""A"" 5]] [[""A"" 5]] [[""A"" 2]] [[""A"" 2]] [[""A"" 5]] [[""A"" 2]] [[""A"" 5]] [[""A"" 2]] [[""A"" 5]] [[""A"" 2]] [[""A"" 2]] [[""A"" 5]] [[""A"" 2]] [[""A"" 2]] [[""A"" 2]] [[""A"" 2]] [[""A"" 2]] [[""A"" 2]] [[""A"" 5]] [[""A"" 2]]]] [66 [[[""A"" 2]] [[""A"" 2]] [[""A"" 2]] [[""A"" 2]] [[""A"" 2]] [[""A"" 2]] [[""A"" 2]] [[""A"" 2]] [[""A"" 2]] [[""A"" 2]] [[""A"" 2]] [[""A"" 2]] [[""A"" 2]] [[""A"" 2]] [[""A"" 2]] [[""A"" 2]] [[""A"" 2]] [[""A"" 2]] [[""A"" 2]] [[""A"" 2]] [[""A"" 2]] [[""A"" 2]] [[""A"" 2]] [[""A"" 2]] [[""A"" 2]] [[""A"" 2]] [[""A"" 2]] [[""A"" 2]] [[""A"" 2]] [[""A"" 2]] [[""A"" 2]] [[""A"" 3]] [[""A"" 2]] [[""A"" 2]] [[""A"" 2]] [[""A"" 2]] [[""A"" 2]] [[""A"" 2]] [[""A"" 2]] [[""A"" 2]] [[""A"" 2]] [[""A"" 2]] [[""A"" 2]] [[""A"" 2]] [[""A"" 2]] [[""A"" 2]] [[""A"" 2]] [[""A"" 2]] [[""A"" 2]] [[""A"" 2]]]] [67 [[[""A"" 4]] [[""A"" 2]] [[""A"" 2]] [[""A"" 4]] [[""A"" 4]] [[""A"" 2]] [[""A"" 2]] [[""A"" 2]] [[""A"" 4]] [[""A"" 2]] [[""A"" 4]] [[""A"" 2]] [[""A"" 2]] [[""A"" 2]] [[""A"" 2]] [[""A"" 2]] [[""A"" 4]] [[""A"" 2]] [[""A"" 2]] [[""A"" 2]] [[""A"" 4]] [[""A"" 2]] [[""A"" 4]] [[""A"" 4]] [[""A"" 2]] [[""A"" 2]] [[""A"" 4]] [[""A"" 2]] [[""A"" 4]] [[""A"" 4]] [[""A"" 4]] [[""A"" 4]] [[""A"" 4]] [[""A"" 4]] [[""A"" 4]] [[""A"" 2]] [[""A"" 4]] [[""A"" 4]] [[""A"" 2]] [[""A"" 2]] [[""A"" 2]] [[""A"" 2]] [[""A"" 2]] [[""A"" 4]] [[""A"" 2]] [[""A"" 4]] [[""A"" 2]] [[""A"" 2]] [[""A"" 4]] [[""A"" 4]]]] [68 [[[""A"" 5]] [[""A"" 5]] [[""A"" 5]] [[""A"" 5]] [[""A"" 5]] [[""A"" 5]] [[""A"" 5]] [[""A"" 5]] [[""A"" 5]] [[""A"" 5]] [[""A"" 5]] [[""A"" 5]] [[""A"" 5]] [[""A"" 5]] [[""A"" 5]] [[""A"" 5]] [[""A"" 5]] [[""A"" 5]] [[""A"" 5]] [[""A"" 5]] [[""A"" 5]] [[""A"" 5]] [[""A"" 5]] [[""A"" 5]] [[""A"" 5]] [[""A"" 5]] [[""A"" 5]] [[""A"" 5]] [[""A"" 5]] [[""A"" 5]] [[""A"" 5]] [[""A"" 5]] [[""A"" 5]] [[""A"" 5]] [[""A"" 5]] [[""A"" 5]] [[""A"" 5]] [[""A"" 5]] [[""A"" 5]] [[""A"" 5]] [[""A"" 5]] [[""A"" 5]] [[""A"" 5]] [[""A"" 5]] [[""A"" 4]] [[""A"" 5]] [[""A"" 5]] [[""A"" 5]] [[""A"" 5]] [[""A"" 5]]]] [69 [[[""A"" 3]] [[""A"" 3]] [[""A"" 3]] [[""A"" 3]] [[""A"" 3]] [[""A"" 3]] [[""A"" 3]] [[""A"" 3]] [[""A"" 3]] [[""A"" 3]] [[""A"" 3]] [[""A"" 3]] [[""A"" 3]] [[""A"" 3]] [[""A"" 3]] [[""A"" 3]] [[""A"" 3]] [[""A"" 3]] [[""A"" 3]] [[""A"" 3]] [[""A"" 3]] [[""A"" 3]] [[""A"" 3]] [[""A"" 3]] [[""A"" 3]] [[""A"" 3]] [[""A"" 3]] [[""A"" 3]] [[""A"" 3]] [[""A"" 3]] [[""A"" 3]] [[""A"" 3]] [[""A"" 3]] [[""A"" 3]] [[""A"" 3]] [[""A"" 3]] [[""A"" 3]] [[""A"" 3]] [[""A"" 3]] [[""A"" 3]] [[""A"" 3]] [[""A"" 3]] [[""A"" 3]] [[""A"" 3]] [[""A"" 3]] [[""A"" 3]] [[""A"" 3]] [[""A"" 3]] [[""A"" 3]] [[""A"" 3]]]] [70 [[[""A"" 4]] [[""A"" 4]] [[""A"" 4]] [[""A"" 4]] [[""A"" 4]] [[""A"" 4]] [[""A"" 4]] [[""A"" 2]] [[""A"" 4]] [[""A"" 4]] [[""A"" 4]] [[""A"" 2]] [[""A"" 2]] [[""A"" 2]] [[""A"" 2]] [[""A"" 4]] [[""A"" 4]] [[""A"" 4]] [[""A"" 2]] [[""A"" 4]] [[""A"" 4]] [[""A"" 4]] [[""A"" 4]] [[""A"" 4]] [[""A"" 4]] [[""A"" 4]] [[""A"" 4]] [[""A"" 4]] [[""A"" 4]] [[""A"" 2]] [[""A"" 4]] [[""A"" 4]] [[""A"" 2]] [[""A"" 4]] [[""A"" 4]] [[""A"" 4]] [[""A"" 4]] [[""A"" 4]] [[""A"" 4]] [[""A"" 4]] [[""A"" 4]] [[""A"" 2]] [[""A"" 2]] [[""A"" 4]] [[""A"" 4]] [[""A"" 4]] [[""A"" 4]] [[""A"" 4]] [[""A"" 4]] [[""A"" 4]]]] [71 [[[""A"" 4]] [[""A"" 2]] [[""A"" 2]] [[""A"" 2]] [[""A"" 2]] [[""A"" 4]] [[""A"" 2]] [[""A"" 4]] [[""A"" 4]] [[""A"" 4]] [[""A"" 2]] [[""A"" 4]] [[""A"" 4]] [[""A"" 2]] [[""A"" 4]] [[""A"" 2]] [[""A"" 4]] [[""A"" 2]] [[""A"" 4]] [[""A"" 2]] [[""A"" 2]] [[""A"" 4]] [[""A"" 4]] [[""A"" 4]] [[""A"" 4]] [[""A"" 2]] [[""A"" 2]] [[""A"" 4]] [[""A"" 4]] [[""A"" 4]] [[""A"" 2]] [[""A"" 4]] [[""A"" 2]] [[""A"" 4]] [[""A"" 2]] [[""A"" 4]] [[""A"" 4]] [[""A"" 2]] [[""A"" 2]] [[""A"" 4]] [[""A"" 4]] [[""A"" 2]] [[""A"" 2]] [[""A"" 2]] [[""A"" 4]] [[""A"" 4]] [[""A"" 2]] [[""A"" 4]] [[""A"" 2]] [[""A"" 4]]]] [72 [[[""A"" 2]] [[""A"" 4]] [[""A"" 4]] [[""A"" 4]] [[""A"" 2]] [[""A"" 4]] [[""A"" 2]] [[""A"" 2]] [[""A"" 2]] [[""A"" 4]] [[""A"" 2]] [[""A"" 2]] [[""A"" 2]] [[""A"" 2]] [[""A"" 2]] [[""A"" 2]] [[""A"" 4]] [[""A"" 4]] [[""A"" 2]] [[""A"" 4]] [[""A"" 2]] [[""A"" 2]] [[""A"" 2]] [[""A"" 2]] [[""A"" 4]] [[""A"" 4]] [[""A"" 4]] [[""A"" 4]] [[""A"" 2]] [[""A"" 2]] [[""A"" 4]] [[""A"" 2]] [[""A"" 2]] [[""A"" 4]] [[""A"" 2]] [[""A"" 2]] [[""A"" 4]] [[""A"" 2]] [[""A"" 2]] [[""A"" 4]] [[""A"" 4]] [[""A"" 2]] [[""A"" 4]] [[""A"" 2]] [[""A"" 2]] [[""A"" 4]] [[""A"" 4]] [[""A"" 2]] [[""A"" 2]] [[""A"" 2]]]] [73 [[[""A"" 3]] [[""A"" 3]] [[""A"" 3]] [[""A"" 3]] [[""A"" 3]] [[""A"" 3]] [[""A"" 3]] [[""A"" 3]] [[""A"" 3]] [[""A"" 3]] [[""A"" 3]] [[""A"" 3]] [[""A"" 3]] [[""A"" 3]] [[""A"" 3]] [[""A"" 3]] [[""A"" 3]] [[""A"" 3]] [[""A"" 3]] [[""A"" 3]] [[""A"" 3]] [[""A"" 3]] [[""A"" 3]] [[""A"" 3]] [[""A"" 3]] [[""A"" 3]] [[""A"" 3]] [[""A"" 3]] [[""A"" 3]] [[""A"" 3]] [[""A"" 3]] [[""A"" 3]] [[""A"" 3]] [[""A"" 3]] [[""A"" 3]] [[""A"" 3]] [[""A"" 3]] [[""A"" 3]] [[""A"" 3]] [[""A"" 3]] [[""A"" 3]] [[""A"" 3]] [[""A"" 3]] [[""A"" 3]] [[""A"" 3]] [[""A"" 3]] [[""A"" 3]] [[""A"" 3]] [[""A"" 3]] [[""A"" 3]]]] [74 [[[""A"" 3]] [[""A"" 3]] [[""A"" 3]] [[""A"" 3]] [[""A"" 3]] [[""A"" 3]] [[""A"" 3]] [[""A"" 3]] [[""A"" 3]] [[""A"" 3]] [[""A"" 3]] [[""A"" 3]] [[""A"" 3]] [[""A"" 3]] [[""A"" 3]] [[""A"" 3]] [[""A"" 3]] [[""A"" 3]] [[""A"" 3]] [[""A"" 3]] [[""A"" 3]] [[""A"" 3]] [[""A"" 3]] [[""A"" 3]] [[""A"" 3]] [[""A"" 3]] [[""A"" 3]] [[""A"" 3]] [[""A"" 3]] [[""A"" 3]] [[""A"" 3]] [[""A"" 3]] [[""A"" 3]] [[""A"" 3]] [[""A"" 3]] [[""A"" 3]] [[""A"" 3]] [[""A"" 3]] [[""A"" 3]] [[""A"" 3]] [[""A"" 3]] [[""A"" 3]] [[""A"" 3]] [[""A"" 3]] [[""A"" 3]] [[""A"" 3]] [[""A"" 3]] [[""A"" 3]] [[""A"" 3]] [[""A"" 3]]]] [75 [[[""A"" 3]] [[""A"" 3]] [[""A"" 3]] [[""A"" 3]] [[""A"" 3]] [[""A"" 3]] [[""A"" 3]] [[""A"" 3]] [[""A"" 3]] [[""A"" 3]] [[""A"" 3]] [[""A"" 3]] [[""A"" 3]] [[""A"" 3]] [[""A"" 3]] [[""A"" 3]] [[""A"" 3]] [[""A"" 3]] [[""A"" 3]] [[""A"" 3]] [[""A"" 3]] [[""A"" 3]] [[""A"" 3]] [[""A"" 3]] [[""A"" 3]] [[""A"" 3]] [[""A"" 3]] [[""A"" 3]] [[""A"" 3]] [[""A"" 3]] [[""A"" 3]] [[""A"" 3]] [[""A"" 3]] [[""A"" 3]] [[""A"" 3]] [[""A"" 3]] [[""A"" 3]] [[""A"" 3]] [[""A"" 3]] [[""A"" 3]] [[""A"" 3]] [[""A"" 3]] [[""A"" 3]] [[""A"" 3]] [[""A"" 3]] [[""A"" 3]] [[""A"" 3]] [[""A"" 3]] [[""A"" 3]] [[""A"" 3]]]] [76 [[[""A"" 5]] [[""A"" 5]] [[""A"" 5]] [[""A"" 5]] [[""A"" 5]] [[""A"" 5]] [[""A"" 5]] [[""A"" 5]] [[""A"" 5]] [[""A"" 5]] [[""A"" 5]] [[""A"" 5]] [[""A"" 5]] [[""A"" 5]] [[""A"" 5]] [[""A"" 5]] [[""A"" 5]] [[""A"" 5]] [[""A"" 5]] [[""A"" 5]] [[""A"" 5]] [[""A"" 5]] [[""A"" 5]] [[""A"" 5]] [[""A"" 5]] [[""A"" 3]] [[""A"" 5]] [[""A"" 5]] [[""A"" 5]] [[""A"" 5]] [[""A"" 5]] [[""A"" 5]] [[""A"" 5]] [[""A"" 5]] [[""A"" 5]] [[""A"" 5]] [[""A"" 5]] [[""A"" 5]] [[""A"" 5]] [[""A"" 5]] [[""A"" 5]] [[""A"" 5]] [[""A"" 5]] [[""A"" 5]] [[""A"" 5]] [[""A"" 5]] [[""A"" 5]] [[""A"" 5]] [[""A"" 5]] [[""A"" 5]]]] [77 [[[""A"" 2]] [[""A"" 2]] [[""A"" 2]] [[""A"" 2]] [[""A"" 2]] [[""A"" 2]] [[""A"" 2]] [[""A"" 2]] [[""A"" 2]] [[""A"" 2]] [[""A"" 2]] [[""A"" 2]] [[""A"" 2]] [[""A"" 2]] [[""A"" 2]] [[""A"" 2]] [[""A"" 2]] [[""A"" 2]] [[""A"" 2]] [[""A"" 2]] [[""A"" 2]] [[""A"" 2]] [[""A"" 2]] [[""A"" 2]] [[""A"" 2]] [[""A"" 2]] [[""A"" 2]] [[""A"" 2]] [[""A"" 2]] [[""A"" 2]] [[""A"" 2]] [[""A"" 2]] [[""A"" 2]] [[""A"" 2]] [[""A"" 2]] [[""A"" 2]] [[""A"" 2]] [[""A"" 2]] [[""A"" 2]] [[""A"" 2]] [[""A"" 2]] [[""A"" 2]] [[""A"" 2]] [[""A"" 2]] [[""A"" 2]] [[""A"" 2]] [[""A"" 2]] [[""A"" 2]] [[""A"" 2]] [[""A"" 2]]]] [78 [[[""A"" 2]] [[""A"" 4]] [[""A"" 4]] [[""A"" 2]] [[""A"" 2]] [[""A"" 4]] [[""A"" 2]] [[""A"" 2]] [[""A"" 2]] [[""A"" 4]] [[""A"" 2]] [[""A"" 2]] [[""A"" 2]] [[""A"" 4]] [[""A"" 2]] [[""A"" 2]] [[""A"" 4]] [[""A"" 2]] [[""A"" 2]] [[""A"" 2]] [[""A"" 2]] [[""A"" 2]] [[""A"" 4]] [[""A"" 2]] [[""A"" 4]] [[""A"" 4]] [[""A"" 4]] [[""A"" 4]] [[""A"" 4]] [[""A"" 4]] [[""A"" 4]] [[""A"" 4]] [[""A"" 2]] [[""A"" 4]] [[""A"" 2]] [[""A"" 4]] [[""A"" 4]] [[""A"" 4]] [[""A"" 4]] [[""A"" 2]] [[""A"" 4]] [[""A"" 2]] [[""A"" 4]] [[""A"" 4]] [[""A"" 4]] [[""A"" 2]] [[""A"" 4]] [[""A"" 2]] [[""A"" 4]] [[""A"" 4]]]] [79 [[[""A"" 4]] [[""A"" 4]] [[""A"" 4]] [[""A"" 4]] [[""A"" 4]] [[""A"" 4]] [[""A"" 4]] [[""A"" 4]] [[""A"" 4]] [[""A"" 4]] [[""A"" 4]] [[""A"" 4]] [[""A"" 4]] [[""A"" 4]] [[""A"" 4]] [[""A"" 4]] [[""A"" 4]] [[""A"" 4]] [[""A"" 4]] [[""A"" 4]] [[""A"" 4]] [[""A"" 4]] [[""A"" 4]] [[""A"" 4]] [[""A"" 4]] [[""A"" 4]] [[""A"" 4]] [[""A"" 4]] [[""A"" 4]] [[""A"" 4]] [[""A"" 4]] [[""A"" 4]] [[""A"" 4]] [[""A"" 4]] [[""A"" 4]] [[""A"" 4]] [[""A"" 4]] [[""A"" 4]] [[""A"" 4]] [[""A"" 4]] [[""A"" 4]] [[""A"" 4]] [[""A"" 4]] [[""A"" 4]] [[""A"" 4]] [[""A"" 4]] [[""A"" 4]] [[""A"" 4]] [[""A"" 4]] [[""A"" 4]]]] [80 [[[""A"" 2]] [[""A"" 2]] [[""A"" 2]] [[""A"" 2]] [[""A"" 2]] [[""A"" 2]] [[""A"" 2]] [[""A"" 2]] [[""A"" 2]] [[""A"" 2]] [[""A"" 2]] [[""A"" 2]] [[""A"" 2]] [[""A"" 2]] [[""A"" 2]] [[""A"" 2]] [[""A"" 2]] [[""A"" 2]] [[""A"" 2]] [[""A"" 2]] [[""A"" 2]] [[""A"" 2]] [[""A"" 2]] [[""A"" 2]] [[""A"" 2]] [[""A"" 3]] [[""A"" 2]] [[""A"" 2]] [[""A"" 2]] [[""A"" 3]] [[""A"" 2]] [[""A"" 2]] [[""A"" 2]] [[""A"" 2]] [[""A"" 2]] [[""A"" 2]] [[""A"" 2]] [[""A"" 2]] [[""A"" 2]] [[""A"" 2]] [[""A"" 2]] [[""A"" 2]] [[""A"" 2]] [[""A"" 2]] [[""A"" 2]] [[""A"" 2]] [[""A"" 2]] [[""A"" 2]] [[""A"" 2]] [[""A"" 2]]]] [81 [[[""A"" 2]] [[""A"" 5]] [[""A"" 2]] [[""A"" 2]] [[""A"" 2]] [[""A"" 5]] [[""A"" 5]] [[""A"" 2]] [[""A"" 5]] [[""A"" 5]] [[""A"" 2]] [[""A"" 2]] [[""A"" 5]] [[""A"" 5]] [[""A"" 2]] [[""A"" 5]] [[""A"" 2]] [[""A"" 5]] [[""A"" 5]] [[""A"" 2]] [[""A"" 2]] [[""A"" 5]] [[""A"" 2]] [[""A"" 5]] [[""A"" 2]] [[""A"" 5]] [[""A"" 2]] [[""A"" 5]] [[""A"" 2]] [[""A"" 5]] [[""A"" 2]] [[""A"" 2]] [[""A"" 2]] [[""A"" 5]] [[""A"" 2]] [[""A"" 5]] [[""A"" 2]] [[""A"" 5]] [[""A"" 2]] [[""A"" 2]] [[""A"" 2]] [[""A"" 5]] [[""A"" 5]] [[""A"" 2]] [[""A"" 2]] [[""A"" 2]] [[""A"" 5]] [[""A"" 2]] [[""A"" 5]] [[""A"" 2]]]] [82 [[[""A"" 3]] [[""A"" 3]] [[""A"" 3]] [[""A"" 3]] [[""A"" 3]] [[""A"" 3]] [[""A"" 3]] [[""A"" 3]] [[""A"" 3]] [[""A"" 3]] [[""A"" 3]] [[""A"" 3]] [[""A"" 3]] [[""A"" 3]] [[""A"" 3]] [[""A"" 3]] [[""A"" 3]] [[""A"" 3]] [[""A"" 3]] [[""A"" 3]] [[""A"" 3]] [[""A"" 3]] [[""A"" 3]] [[""A"" 3]] [[""A"" 3]] [[""A"" 3]] [[""A"" 2]] [[""A"" 3]] [[""A"" 3]] [[""A"" 3]] [[""A"" 3]] [[""A"" 3]] [[""A"" 3]] [[""A"" 3]] [[""A"" 3]] [[""A"" 3]] [[""A"" 3]] [[""A"" 3]] [[""A"" 3]] [[""A"" 3]] [[""A"" 3]] [[""A"" 3]] [[""A"" 3]] [[""A"" 3]] [[""A"" 3]] [[""A"" 3]] [[""A"" 3]] [[""A"" 3]] [[""A"" 3]] [[""A"" 3]]]] [83 [[[""A"" 5]] [[""A"" 3]] [[""A"" 5]] [[""A"" 5]] [[""A"" 3]] [[""A"" 5]] [[""A"" 3]] [[""A"" 5]] [[""A"" 5]] [[""A"" 3]] [[""A"" 3]] [[""A"" 5]] [[""A"" 5]] [[""A"" 3]] [[""A"" 3]] [[""A"" 5]] [[""A"" 3]] [[""A"" 5]] [[""A"" 3]] [[""A"" 3]] [[""A"" 3]] [[""A"" 5]] [[""A"" 3]] [[""A"" 5]] [[""A"" 3]] [[""A"" 3]] [[""A"" 3]] [[""A"" 5]] [[""A"" 5]] [[""A"" 5]] [[""A"" 3]] [[""A"" 3]] [[""A"" 3]] [[""A"" 5]] [[""A"" 5]] [[""A"" 5]] [[""A"" 5]] [[""A"" 5]] [[""A"" 5]] [[""A"" 3]] [[""A"" 5]] [[""A"" 3]] [[""A"" 5]] [[""A"" 3]] [[""A"" 3]] [[""A"" 5]] [[""A"" 5]] [[""A"" 5]] [[""A"" 3]] [[""A"" 3]]]] [84 [[[""A"" 2]] [[""A"" 2]] [[""A"" 2]] [[""A"" 2]] [[""A"" 2]] [[""A"" 2]] [[""A"" 2]] [[""A"" 2]] [[""A"" 2]] [[""A"" 2]] [[""A"" 2]] [[""A"" 2]] [[""A"" 2]] [[""A"" 2]] [[""A"" 2]] [[""A"" 2]] [[""A"" 2]] [[""A"" 2]] [[""A"" 2]] [[""A"" 2]] [[""A"" 2]] [[""A"" 2]] [[""A"" 2]] [[""A"" 2]] [[""A"" 2]] [[""A"" 2]] [[""A"" 2]] [[""A"" 2]] [[""A"" 2]] [[""A"" 2]] [[""A"" 2]] [[""A"" 2]] [[""A"" 2]] [[""A"" 2]] [[""A"" 2]] [[""A"" 2]] [[""A"" 2]] [[""A"" 2]] [[""A"" 2]] [[""A"" 2]] [[""A"" 2]] [[""A"" 2]] [[""A"" 2]] [[""A"" 2]] [[""A"" 2]] [[""A"" 2]] [[""A"" 2]] [[""A"" 2]] [[""A"" 2]] [[""A"" 2]]]] [85 [[[""A"" 3]] [[""A"" 3]] [[""A"" 3]] [[""A"" 3]] [[""A"" 3]] [[""A"" 3]] [[""A"" 3]] [[""A"" 3]] [[""A"" 3]] [[""A"" 3]] [[""A"" 3]] [[""A"" 3]] [[""A"" 3]] [[""A"" 3]] [[""A"" 3]] [[""A"" 3]] [[""A"" 3]] [[""A"" 3]] [[""A"" 3]] [[""A"" 3]] [[""A"" 3]] [[""A"" 3]] [[""A"" 3]] [[""A"" 3]] [[""A"" 3]] [[""A"" 3]] [[""A"" 3]] [[""A"" 3]] [[""A"" 3]] [[""A"" 3]] [[""A"" 3]] [[""A"" 3]] [[""A"" 3]] [[""A"" 3]] [[""A"" 3]] [[""A"" 3]] [[""A"" 3]] [[""A"" 3]] [[""A"" 3]] [[""A"" 3]] [[""A"" 3]] [[""A"" 3]] [[""A"" 3]] [[""A"" 3]] [[""A"" 3]] [[""A"" 3]] [[""A"" 3]] [[""A"" 3]] [[""A"" 3]] [[""A"" 3]]]] [86 [[[""A"" 3]] [[""A"" 5]] [[""A"" 5]] [[""A"" 3]] [[""A"" 5]] [[""A"" 5]] [[""A"" 5]] [[""A"" 5]] [[""A"" 5]] [[""A"" 3]] [[""A"" 5]] [[""A"" 5]] [[""A"" 5]] [[""A"" 5]] [[""A"" 5]] [[""A"" 3]] [[""A"" 3]] [[""A"" 3]] [[""A"" 3]] [[""A"" 5]] [[""A"" 3]] [[""A"" 5]] [[""A"" 3]] [[""A"" 5]] [[""A"" 5]] [[""A"" 5]] [[""A"" 5]] [[""A"" 5]] [[""A"" 3]] [[""A"" 5]] [[""A"" 5]] [[""A"" 5]] [[""A"" 5]] [[""A"" 3]] [[""A"" 5]] [[""A"" 5]] [[""A"" 5]] [[""A"" 3]] [[""A"" 5]] [[""A"" 5]] [[""A"" 5]] [[""A"" 5]] [[""A"" 5]] [[""A"" 5]] [[""A"" 5]] [[""A"" 5]] [[""A"" 5]] [[""A"" 5]] [[""A"" 5]] [[""A"" 3]]]] [87 [[[""A"" 2]] [[""A"" 4]] [[""A"" 4]] [[""A"" 4]] [[""A"" 2]] [[""A"" 4]] [[""A"" 4]] [[""A"" 2]] [[""A"" 4]] [[""A"" 4]] [[""A"" 4]] [[""A"" 2]] [[""A"" 2]] [[""A"" 4]] [[""A"" 4]] [[""A"" 2]] [[""A"" 2]] [[""A"" 4]] [[""A"" 4]] [[""A"" 4]] [[""A"" 4]] [[""A"" 2]] [[""A"" 4]] [[""A"" 4]] [[""A"" 4]] [[""A"" 4]] [[""A"" 4]] [[""A"" 4]] [[""A"" 4]] [[""A"" 4]] [[""A"" 4]] [[""A"" 2]] [[""A"" 4]] [[""A"" 4]] [[""A"" 4]] [[""A"" 4]] [[""A"" 4]] [[""A"" 2]] [[""A"" 4]] [[""A"" 2]] [[""A"" 4]] [[""A"" 4]] [[""A"" 4]] [[""A"" 4]] [[""A"" 4]] [[""A"" 2]] [[""A"" 2]] [[""A"" 4]] [[""A"" 4]] [[""A"" 4]]]] [88 [[[""A"" 3]] [[""A"" 3]] [[""A"" 3]] [[""A"" 3]] [[""A"" 3]] [[""A"" 3]] [[""A"" 3]] [[""A"" 3]] [[""A"" 3]] [[""A"" 3]] [[""A"" 3]] [[""A"" 3]] [[""A"" 3]] [[""A"" 3]] [[""A"" 3]] [[""A"" 3]] [[""A"" 3]] [[""A"" 3]] [[""A"" 3]] [[""A"" 3]] [[""A"" 3]] [[""A"" 3]] [[""A"" 3]] [[""A"" 3]] [[""A"" 3]] [[""A"" 3]] [[""A"" 3]] [[""A"" 3]] [[""A"" 3]] [[""A"" 3]] [[""A"" 3]] [[""A"" 3]] [[""A"" 3]] [[""A"" 3]] [[""A"" 3]] [[""A"" 3]] [[""A"" 3]] [[""A"" 3]] [[""A"" 3]] [[""A"" 3]] [[""A"" 3]] [[""A"" 3]] [[""A"" 3]] [[""A"" 3]] [[""A"" 3]] [[""A"" 3]] [[""A"" 3]] [[""A"" 3]] [[""A"" 3]] [[""A"" 3]]]] [89 [[[""A"" 3]] [[""A"" 3]] [[""A"" 3]] [[""A"" 5]] [[""A"" 3]] [[""A"" 3]] [[""A"" 2]] [[""A"" 5]] [[""A"" 5]] [[""A"" 5]] [[""A"" 3]] [[""A"" 3]] [[""A"" 5]] [[""A"" 3]] [[""A"" 3]] [[""A"" 5]] [[""A"" 3]] [[""A"" 5]] [[""A"" 3]] [[""A"" 3]] [[""A"" 3]] [[""A"" 5]] [[""A"" 5]] [[""A"" 5]] [[""A"" 5]] [[""A"" 3]] [[""A"" 5]] [[""A"" 5]] [[""A"" 3]] [[""A"" 3]] [[""A"" 3]] [[""A"" 5]] [[""A"" 5]] [[""A"" 5]] [[""A"" 3]] [[""A"" 3]] [[""A"" 3]] [[""A"" 5]] [[""A"" 3]] [[""A"" 3]] [[""A"" 3]] [[""A"" 3]] [[""A"" 3]] [[""A"" 5]] [[""A"" 5]] [[""A"" 5]] [[""A"" 5]] [[""A"" 3]] [[""A"" 3]] [[""A"" 3]]]] [90 [[[""A"" 3]] [[""A"" 3]] [[""A"" 3]] [[""A"" 3]] [[""A"" 3]] [[""A"" 3]] [[""A"" 3]] [[""A"" 3]] [[""A"" 3]] [[""A"" 3]] [[""A"" 3]] [[""A"" 3]] [[""A"" 3]] [[""A"" 3]] [[""A"" 3]] [[""A"" 3]] [[""A"" 3]] [[""A"" 3]] [[""A"" 3]] [[""A"" 3]] [[""A"" 3]] [[""A"" 3]] [[""A"" 3]] [[""A"" 3]] [[""A"" 3]] [[""A"" 3]] [[""A"" 3]] [[""A"" 3]] [[""A"" 3]] [[""A"" 3]] [[""A"" 3]] [[""A"" 3]] [[""A"" 3]] [[""A"" 3]] [[""A"" 3]] [[""A"" 3]] [[""A"" 3]] [[""A"" 3]] [[""A"" 3]] [[""A"" 3]] [[""A"" 3]] [[""A"" 3]] [[""A"" 3]] [[""A"" 3]] [[""A"" 3]] [[""A"" 3]] [[""A"" 3]] [[""A"" 3]] [[""A"" 3]] [[""A"" 3]]]] [91 [[[""A"" 4]] [[""A"" 4]] [[""A"" 4]] [[""A"" 2]] [[""A"" 2]] [[""A"" 4]] [[""A"" 4]] [[""A"" 4]] [[""A"" 4]] [[""A"" 4]] [[""A"" 4]] [[""A"" 4]] [[""A"" 4]] [[""A"" 4]] [[""A"" 4]] [[""A"" 4]] [[""A"" 4]] [[""A"" 4]] [[""A"" 4]] [[""A"" 4]] [[""A"" 4]] [[""A"" 4]] [[""A"" 4]] [[""A"" 4]] [[""A"" 4]] [[""A"" 4]] [[""A"" 4]] [[""A"" 4]] [[""A"" 2]] [[""A"" 4]] [[""A"" 2]] [[""A"" 4]] [[""A"" 4]] [[""A"" 4]] [[""A"" 4]] [[""A"" 2]] [[""A"" 4]] [[""A"" 2]] [[""A"" 4]] [[""A"" 4]] [[""A"" 4]] [[""A"" 2]] [[""A"" 4]] [[""A"" 2]] [[""A"" 2]] [[""A"" 4]] [[""A"" 4]] [[""A"" 4]] [[""A"" 4]] [[""A"" 2]]]] [92 [[[""A"" 5]] [[""A"" 2]] [[""A"" 2]] [[""A"" 2]] [[""A"" 5]] [[""A"" 2]] [[""A"" 2]] [[""A"" 5]] [[""A"" 2]] [[""A"" 2]] [[""A"" 2]] [[""A"" 2]] [[""A"" 5]] [[""A"" 2]] [[""A"" 2]] [[""A"" 2]] [[""A"" 2]] [[""A"" 2]] [[""A"" 2]] [[""A"" 2]] [[""A"" 5]] [[""A"" 2]] [[""A"" 2]] [[""A"" 2]] [[""A"" 5]] [[""A"" 5]] [[""A"" 2]] [[""A"" 2]] [[""A"" 2]] [[""A"" 2]] [[""A"" 2]] [[""A"" 2]] [[""A"" 2]] [[""A"" 2]] [[""A"" 2]] [[""A"" 2]] [[""A"" 2]] [[""A"" 2]] [[""A"" 5]] [[""A"" 2]] [[""A"" 2]] [[""A"" 2]] [[""A"" 2]] [[""A"" 2]] [[""A"" 2]] [[""A"" 2]] [[""A"" 2]] [[""A"" 2]] [[""A"" 2]] [[""A"" 2]]]] [93 [[[""A"" 4]] [[""A"" 4]] [[""A"" 4]] [[""A"" 4]] [[""A"" 4]] [[""A"" 4]] [[""A"" 4]] [[""A"" 4]] [[""A"" 4]] [[""A"" 4]] [[""A"" 4]] [[""A"" 4]] [[""A"" 4]] [[""A"" 4]] [[""A"" 4]] [[""A"" 4]] [[""A"" 4]] [[""A"" 4]] [[""A"" 4]] [[""A"" 4]] [[""A"" 4]] [[""A"" 4]] [[""A"" 4]] [[""A"" 4]] [[""A"" 4]] [[""A"" 4]] [[""A"" 4]] [[""A"" 4]] [[""A"" 4]] [[""A"" 4]] [[""A"" 4]] [[""A"" 4]] [[""A"" 4]] [[""A"" 4]] [[""A"" 4]] [[""A"" 4]] [[""A"" 4]] [[""A"" 4]] [[""A"" 4]] [[""A"" 4]] [[""A"" 4]] [[""A"" 4]] [[""A"" 4]] [[""A"" 4]] [[""A"" 4]] [[""A"" 4]] [[""A"" 4]] [[""A"" 4]] [[""A"" 4]] [[""A"" 4]]]] [94 [[[""A"" 3]] [[""A"" 3]] [[""A"" 3]] [[""A"" 3]] [[""A"" 3]] [[""A"" 3]] [[""A"" 3]] [[""A"" 3]] [[""A"" 3]] [[""A"" 3]] [[""A"" 3]] [[""A"" 3]] [[""A"" 3]] [[""A"" 3]] [[""A"" 3]] [[""A"" 3]] [[""A"" 3]] [[""A"" 3]] [[""A"" 3]] [[""A"" 3]] [[""A"" 3]] [[""A"" 3]] [[""A"" 3]] [[""A"" 3]] [[""A"" 3]] [[""A"" 3]] [[""A"" 3]] [[""A"" 3]] [[""A"" 3]] [[""A"" 3]] [[""A"" 3]] [[""A"" 3]] [[""A"" 3]] [[""A"" 3]] [[""A"" 3]] [[""A"" 3]] [[""A"" 3]] [[""A"" 3]] [[""A"" 3]] [[""A"" 3]] [[""A"" 3]] [[""A"" 3]] [[""A"" 3]] [[""A"" 3]] [[""A"" 3]] [[""A"" 3]] [[""A"" 3]] [[""A"" 3]] [[""A"" 3]] [[""A"" 3]]]] [95 [[[""A"" 2]] [[""A"" 3]] [[""A"" 3]] [[""A"" 3]] [[""A"" 3]] [[""A"" 3]] [[""A"" 3]] [[""A"" 3]] [[""A"" 3]] [[""A"" 3]] [[""A"" 3]] [[""A"" 3]] [[""A"" 3]] [[""A"" 3]] [[""A"" 3]] [[""A"" 3]] [[""A"" 3]] [[""A"" 3]] [[""A"" 3]] [[""A"" 3]] [[""A"" 3]] [[""A"" 4]] [[""A"" 3]] [[""A"" 3]] [[""A"" 3]] [[""A"" 3]] [[""A"" 3]] [[""A"" 3]] [[""A"" 3]] [[""A"" 3]] [[""A"" 3]] [[""A"" 3]] [[""A"" 3]] [[""A"" 3]] [[""A"" 3]] [[""A"" 3]] [[""A"" 3]] [[""A"" 3]] [[""A"" 3]] [[""A"" 3]] [[""A"" 3]] [[""A"" 3]] [[""A"" 3]] [[""A"" 3]] [[""A"" 3]] [[""A"" 3]] [[""A"" 3]] [[""A"" 3]] [[""A"" 3]] [[""A"" 3]]]] [96 [[[""A"" 4]] [[""A"" 4]] [[""A"" 4]] [[""A"" 4]] [[""A"" 4]] [[""A"" 4]] [[""A"" 4]] [[""A"" 4]] [[""A"" 4]] [[""A"" 4]] [[""A"" 4]] [[""A"" 4]] [[""A"" 4]] [[""A"" 4]] [[""A"" 4]] [[""A"" 4]] [[""A"" 4]] [[""A"" 4]] [[""A"" 4]] [[""A"" 4]] [[""A"" 4]] [[""A"" 4]] [[""A"" 4]] [[""A"" 4]] [[""A"" 4]] [[""A"" 4]] [[""A"" 4]] [[""A"" 4]] [[""A"" 4]] [[""A"" 4]] [[""A"" 4]] [[""A"" 4]] [[""A"" 4]] [[""A"" 4]] [[""A"" 4]] [[""A"" 4]] [[""A"" 4]] [[""A"" 4]] [[""A"" 4]] [[""A"" 4]] [[""A"" 4]] [[""A"" 4]] [[""A"" 4]] [[""A"" 4]] [[""A"" 4]] [[""A"" 4]] [[""A"" 4]] [[""A"" 4]] [[""A"" 4]] [[""A"" 4]]]] [97 [[[""A"" 5]] [[""A"" 5]] [[""A"" 5]] [[""A"" 5]] [[""A"" 5]] [[""A"" 5]] [[""A"" 5]] [[""A"" 5]] [[""A"" 5]] [[""A"" 5]] [[""A"" 5]] [[""A"" 5]] [[""A"" 5]] [[""A"" 5]] [[""A"" 5]] [[""A"" 5]] [[""A"" 5]] [[""A"" 5]] [[""A"" 5]] [[""A"" 5]] [[""A"" 5]] [[""A"" 5]] [[""A"" 5]] [[""A"" 5]] [[""A"" 5]] [[""A"" 5]] [[""A"" 5]] [[""A"" 5]] [[""A"" 5]] [[""A"" 3]] [[""A"" 5]] [[""A"" 5]] [[""A"" 5]] [[""A"" 5]] [[""A"" 5]] [[""A"" 5]] [[""A"" 5]] [[""A"" 5]] [[""A"" 5]] [[""A"" 5]] [[""A"" 5]] [[""A"" 5]] [[""A"" 5]] [[""A"" 5]] [[""A"" 5]] [[""A"" 5]] [[""A"" 4]] [[""A"" 5]] [[""A"" 5]] [[""A"" 5]]]] [98 [[[""A"" 4]] [[""A"" 4]] [[""A"" 4]] [[""A"" 4]] [[""A"" 4]] [[""A"" 4]] [[""A"" 4]] [[""A"" 4]] [[""A"" 4]] [[""A"" 4]] [[""A"" 4]] [[""A"" 4]] [[""A"" 4]] [[""A"" 4]] [[""A"" 4]] [[""A"" 4]] [[""A"" 4]] [[""A"" 4]] [[""A"" 4]] [[""A"" 4]] [[""A"" 4]] [[""A"" 4]] [[""A"" 4]] [[""A"" 4]] [[""A"" 4]] [[""A"" 4]] [[""A"" 4]] [[""A"" 4]] [[""A"" 4]] [[""A"" 4]] [[""A"" 4]] [[""A"" 4]] [[""A"" 4]] [[""A"" 4]] [[""A"" 4]] [[""A"" 4]] [[""A"" 4]] [[""A"" 4]] [[""A"" 4]] [[""A"" 4]] [[""A"" 4]] [[""A"" 4]] [[""A"" 4]] [[""A"" 4]] [[""A"" 4]] [[""A"" 4]] [[""A"" 4]] [[""A"" 4]] [[""A"" 4]] [[""A"" 4]]]] [99 [[[""A"" 2]] [[""A"" 2]] [[""A"" 2]] [[""A"" 2]] [[""A"" 2]] [[""A"" 2]] [[""A"" 2]] [[""A"" 2]] [[""A"" 2]] [[""A"" 2]] [[""A"" 2]] [[""A"" 2]] [[""A"" 2]] [[""A"" 2]] [[""A"" 2]] [[""A"" 2]] [[""A"" 5]] [[""A"" 3]] [[""A"" 2]] [[""A"" 2]] [[""A"" 2]] [[""A"" 2]] [[""A"" 2]] [[""A"" 2]] [[""A"" 2]] [[""A"" 2]] [[""A"" 2]] [[""A"" 2]] [[""A"" 2]] [[""A"" 2]] [[""A"" 2]] [[""A"" 2]] [[""A"" 2]] [[""A"" 2]] [[""A"" 2]] [[""A"" 2]] [[""A"" 2]] [[""A"" 2]] [[""A"" 2]] [[""A"" 2]] [[""A"" 2]] [[""A"" 2]] [[""A"" 2]] [[""A"" 2]] [[""A"" 2]] [[""A"" 2]] [[""A"" 2]] [[""A"" 2]] [[""A"" 2]] [[""A"" 2]]]]]","""discrete""","3","1","10","1","true","""normal""","[""A""]","0.1","true","[]","""average-bel""","true","4","true","""sigmoid-stubborn""","20","false","2","true","0.35","""C:/Users/cknox02/Documents/nicks outputs25-Feb-2023-parameter-sweep-low-res/2/broadcast-brain/normal/15/normal/0.5/0.25/10/1""","false","1500","0","0.05","false","""barabasi-albert""","""broadcast-brain""","5","""[[0.6,0.16,0.24],\n  [0.40,0.2,0.4],\n  [0.21,0.14,0.65]]""","""C:/Users/cknox02/Documents/nicks outputs25-Feb-2023-parameter-sweep-low-res/graphs/2-broadcast-brain-normal-15-normal-0.5-0.25-2-3.csv""","false","0","""default""","false","true","true","1","3","1","""distribution""","""normal""","""three-polarized""","15","""D:/school/grad-school/Tufts/research/cog-contagion-media-ecosystem/ecosystems/""","""gradual""","1","""D:/school/grad-school/Tufts/research/cog-contagion-media-ecosystem/messaging-data/""","0","50","1","""C:/Users/cknox02/Documents/nicks outputs25-Feb-2023-parameter-sweep-low-res/graphs/2-broadcast-brain-normal-15-normal-0.5-0.25-10-1.csv""","0","true","true","true","""C:/Users/cknox02/Documents/nicks outputs""","0.15","""cognitive""","20","100","[[""Q1"" [""A""]]]","5","0.5","0.5","0.25"

"TURTLES"
"who","color","heading","xcor","ycor","shape","label","label-color","breed","hidden?","size","pen-size","pen-mode","idee","brain","messages-heard","messages-believed","messages-sent","agent-messages-memory"
"0","[85 0 170]","40.40816326530612","4.290872110884589","5.035983052902276","""circle""","""""","9.9","{breed citizens}","false","0.5","1","""up""",,"[[""ID"" 0] [""alpha"" 1] [""beta"" 1] [""malleable"" [""A""]] [""prior"" []] [""cont_tokens"" []] [""A"" 4]]","[[0 [1 2 3 4 6 7 8 9 10 11 12 13 14]] [1 [15 16 17 18 19 20 21 22 23 25 26 28 29]] [2 [30 31 32 33 34 35 36 37 38 39 40 41 42 43 44]] [3 [45 46 47 48 49 50 51 52 53 54 55 56 57 58 59]] [4 [60 61 62 63 64 65 66 67 68 69 70 71 72 73 74]] [5 [75 76 77 78 80 83 84 85 86 87 88 89]] [6 [90 91 92 93 94 95 96 97 98 99 100 101 102 103 104]] [7 [105 106 107 108 109 110 111 112 113 114 115 116 117 118 119]] [8 [120 121 122 123 124 125 126 127 128 129 130 131 132 133 134]] [9 [135 136 137 138 139 140 141 142 143 144 145 146 147 148 149]] [10 [150 151 152 153 154 155 156 157 158 159 160 161 162 163 164]] [11 [165 166 167 168 169 170 171 172 173 174 175 176 177 178 179]] [12 [180 181 182 183 184 185 186 187 188 189 190 191 192 193 194]] [13 [195 196 197 198 199 200 201 202 203 204 205 206 207 208 209]] [14 [210 211 212 213 214 215 216 217 218 219 220 221 222 223 224]] [15 [225 226 227 228 229 230 231 232 233 234 235 236 237 238 239]] [16 [240 241 242 243 244 245 246 247 248 249 250 251 252 253 254]] [17 [255 256 257 258 259 260 261 262 263 264 265 266 267 268 269]] [18 [270 271 272 273 274 275 276 277 278 279 280 281 282 283 284]] [19 [285 286 287 288 289 290 291 292 293 294 295 296 297 298 299]] [20 [300 301 302 303 304 305 306 307 309 310 311 312 313 314]] [21 [315 316 317 318 319 320 321 322 323 324 325 326 327 328 329]] [22 [330 331 332 333 334 335 336 337 338 339 340 341 342 343 344]] [23 [345 346 347 348 349 350 351 352 353 354 355 356 357 358 359]] [24 [360 361 362 363 364 365 366 367 368 369 370 371 372 373 374]] [25 [375 376 377 378 379 380 381 382 383 384 385 386 387 388 389]] [26 [390 391 392 393 394 395 396 397 398 399 400 401 402 403 404]] [27 [405 406 407 408 409 410 411 412 413 414 415 416 417 418 419]] [28 [420 421 422 423 424 425 426 427 428 429 430 431 432 433 434]] [29 [435 436 437 438 439 440 441 442 443 444 445 446 447 448 449]] [30 [450 451 452 453 454 455 456 457 458 459 460 461 462 463 464]] [31 [465 466 467 468 469 470 471 472 473 474 475 476 477 478 479]] [32 [480 481 482 483 484 485 486 487 488 489 490 491 492 493 494]] [33 [495 496 497 498 499 500 501 502 503 504 505 506 507 508 509]] [34 [510 511 512 513 514 515 516 517 518 519 520 521 522 523 524]] [35 [525 526 527 528 529 530 531 532 533 534 535 536 537 538 539]] [36 [540 541 542 543 544 545 546 547 548 549 550 551 552 553 554]] [37 [555 556 557 558 559 560 561 562 563 564 565 566 567 568 569]] [38 [570 571 572 573 574 575 576 577 578 579 580 581 582 583 584]] [39 [585 586 587 588 589 590 591 592 593 594 595 596 597 598 599]] [40 [600 601 602 603 604 605 606 607 608 609 610 611 612 613 614]] [41 [615 616 617 618 619 620 621 622 623 624 625 626 627 628 629]] [42 [630 631 632 633 634 635 636 637 638 639 640 641 642 643 644]] [43 [645 646 647 648 649 650 651 652 653 654 656 657 658 659]] [44 [660 661 662 663 664 665 666 667 668 669 670 671 672 673 674]] [45 [675 676 677 678 679 680 681 682 683 684 685 686 687 688 689]] [46 [690 691 692 693 694 695 696 697 698 699 700 701 702 703 704]] [47 [705 706 707 708 709 710 711 712 713 714 715 716 717 718 719]] [48 [720 721 722 723 724 725 726 727 728 729 730 731 732 733 734]] [49 [735 736 737 738 739 740 741 742 743 744 745 746 747 748 749]] [50 [750 751 752 753 754 755 756 757 758 759 760 761 762 763 764]] [51 [765 766 767 768 769 770 771 772 773 774 775 776 777 778 779]] [52 [780 781 782 783 784 785 786 787 788 789 790 791 792 793 794]] [53 [795 796 797 798 799 800 801 802 803 804 805 806 807 808 809]] [54 [810 811 812 813 814 815 816 817 818 819 820 821 822 823 824]] [55 [825 826 827 828 829 830 831 832 833 834 835 836 837 838 839]] [56 [840 841 842 843 844 845 846 847 848 849 850 851 852 853 854]] [57 [855 856 857 858 859 860 861 862 863 864 865 866 867 868 869]] [58 [870 871 872 873 874 875 876 877 878 879 880 881 882 883 884]] [59 [885 886 887 888 889 890 891 892 893 894 895 896 897 898 899]] [60 [900 901 902 903 904 905 906 907 908 909 910 911 912 913 914]] [61 [915 916 917 918 919 920 921 922 923 924 925 926 927 928 929]] [62 [930 931 932 933 934 935 936 937 938 939 940 941 942 943 944]] [63 [945 946 947 948 949 950 951 952 953 954 955 956 957 958 959]] [64 [960 961 962 963 964 965 966 967 968 969 970 971 972 973 974]] [65 [975 976 977 978 979 980 981 984 985 986 987 988 989]] [66 [990 991 992 993 994 996 997 998 999 1000 1001 1002 1003 1004]] [67 [1005 1006 1007 1008 1009 1010 1011 1012 1013 1014 1015 1016 1017 1018 1019]] [68 [1020 1022 1023 1024 1025 1026 1027 1028 1029 1030 1031 1032 1034]] [69 [1035 1036 1037 1038 1039 1040 1041 1042 1043 1044 1045 1046 1047 1048 1049]] [70 [1050 1051 1052 1053 1054 1055 1056 1057 1058 1059 1060 1061 1062 1063 1064]] [71 [1065 1066 1067 1068 1069 1070 1071 1072 1073 1074 1075 1076 1077 1078 1079]] [72 [1080 1081 1082 1083 1084 1085 1086 1087 1088 1089 1090 1091 1092 1093 1094]] [73 [1095 1096 1097 1098 1099 1100 1101 1102 1103 1104 1105 1106 1107 1108 1109]] [74 [1110 1111 1112 1113 1114 1115 1116 1117 1118 1119 1120 1121 1122 1123 1124]] [75 [1125 1126 1127 1128 1129 1130 1131 1132 1133 1134 1135 1136 1137 1138 1139]] [76 [1140 1141 1142 1143 1144 1145 1146 1147 1148 1149 1150 1151 1152 1153 1154]] [77 [1155 1156 1157 1159 1161 1162 1163 1164 1165 1166 1167 1168 1169]] [78 [1170 1171 1172 1173 1174 1175 1176 1177 1178 1179 1180 1181 1182 1183 1184]] [79 [1185 1186 1187 1188 1189 1190 1191 1192 1193 1194 1195 1196 1197 1198 1199]] [80 [1200 1201 1202 1203 1204 1205 1206 1207 1208 1209 1210 1211 1212 1213 1214]] [81 [1215 1216 1217 1218 1219 1220 1221 1222 1223 1224 1225 1226 1227 1229]] [82 [1230 1231 1232 1233 1234 1235 1236 1237 1238 1239 1240 1241 1242 1243 1244]] [83 [1245 1246 1247 1248 1249 1250 1251 1252 1253 1254 1255 1256 1257 1258 1259]] [84 [1260 1262 1263 1264 1265 1266 1267 1269 1270 1271 1272 1273 1274]] [85 [1275 1276 1277 1278 1279 1280 1281 1282 1283 1284 1285 1286 1287 1288 1289]] [86 [1290 1291 1292 1293 1294 1295 1296 1297 1298 1299 1300 1301 1302 1303 1304]] [87 [1305 1306 1307 1308 1309 1310 1311 1312 1313 1314 1315 1316 1317 1318 1319]] [88 [1320 1321 1322 1323 1324 1325 1326 1327 1328 1329 1330 1331 1332 1333 1334]] [89 [1335 1336 1337 1338 1339 1340 1341 1342 1343 1344 1345 1346 1347 1348 1349]] [90 [1350 1351 1352 1353 1354 1355 1356 1357 1358 1359 1360 1361 1362 1363 1364]] [91 [1365 1366 1367 1368 1369 1370 1371 1372 1373 1374 1375 1376 1377 1378 1379]] [92 [1380 1381 1382 1383 1384 1385 1386 1387 1388 1389 1390 1391 1392 1393 1394]] [93 [1395 1396 1397 1398 1399 1400 1401 1402 1403 1404 1405 1406 1407 1408 1409]] [94 [1410 1411 1412 1413 1414 1415 1416 1417 1418 1419 1420 1421 1422 1423 1424]] [95 [1425 1426 1427 1428 1429 1430 1431 1432 1433 1434 1435 1436 1437 1438 1439]] [96 [1440 1441 1442 1443 1444 1445 1446 1447 1448 1449 1450 1451 1452 1453 1454]] [97 [1455 1456 1457 1458 1459 1461 1462 1463 1464 1465 1466 1467 1468 1469]] [98 [1470 1471 1472 1473 1474 1475 1476 1477 1478 1479 1480 1481 1482 1483 1484]] [99 [1485 1486 1487 1488 1489 1491 1492 1493 1494 1495 1496 1497 1498 1499]]]","[[0 [2 3 4 6 7 8 9 11 12 13 14]] [1 [15 16 17 18 19 20 21 22 23 25 26 28 29]] [2 [30 32 36 37 38 39 41 42 43 44]] [3 [45 46 47 48 49 50 51 52 53 55 56 57 58 59]] [4 [61 62 63 64 65 66 67 68 69 70 71 72 73 74]] [5 [75 76 77 78 80 83 84 85 86 87 88 89]] [6 [90 91 93 94 95 97 98 99 100 101 103 104]] [7 [105 106 107 108 109 110 112 114 116 118 119]] [8 [120 121 122 123 124 125 126 127 128 131 132 134]] [9 [135 136 137 138 139 142 143 144 145 146 147]] [10 [150 151 152 154 155 157 158 159 160 162 163 164]] [11 [165 166 169 170 171 172 173 174 177 178 179]] [12 [180 181 182 183 184 185 187 188 189 190 191 193 194]] [13 [195 196 197 198 199 200 201 202 204 205 207 208 209]] [14 [211 212 213 214 218 219 220 221 222 223 224]] [15 [225 226 227 228 229 230 231 232 233 234 236 239]] [16 [240 241 242 243 244 245 247 248 249 250 251 252 253 254]] [17 [255 256 257 258 259 260 262 263 264 265 266 267 268 269]] [18 [270 271 274 276 277 278 279 280 283 284]] [19 [285 287 288 289 290 291 292 293 294 297 298 299]] [20 [300 302 303 304 305 306 309 310 312 313 314]] [21 [316 317 318 319 320 321 324 325 326 327 328 329]] [22 [330 331 332 333 335 338 339 340 341 342 343 344]] [23 [345 346 349 350 351 354 355 356 357 358 359]] [24 [360 361 362 363 364 366 367 368 370 373]] [25 [376 377 378 379 381 382 383 384 385 386 388 389]] [26 [391 392 393 394 396 397 398 399 400 401 402 403 404]] [27 [405 406 407 408 409 410 411 412 413 414 415 416 417 418 419]] [28 [420 421 422 423 424 425 426 427 429 430 431 432 433 434]] [29 [435 436 437 440 441 442 443 444 445 446 447 448]] [30 [450 451 452 453 454 455 456 457 458 459 461 462]] [31 [465 466 467 468 469 470 471 472 473 474 475 477 478 479]] [32 [480 482 484 485 486 487 488 489 490 491 492 493 494]] [33 [495 497 499 501 502 503 504 505 506 507 508 509]] [34 [512 513 514 515 516 517 520 521 523 524]] [35 [525 526 527 528 529 531 532 533 534 536 538 539]] [36 [541 542 543 544 545 546 547 548 549 550 551 552 553 554]] [37 [555 556 557 558 559 560 561 562 563 564 565 566 567 568 569]] [38 [570 572 573 574 575 576 577 578 579 581 582 583 584]] [39 [585 586 587 588 589 590 592 593 594 596 597 598 599]] [40 [600 601 605 606 609 610 613 614]] [41 [615 616 617 618 619 620 622 623 625 626 627 629]] [42 [630 632 633 634 635 636 637 638 640 642 643 644]] [43 [645 646 649 651 652 653 654 656 657 658 659]] [44 [660 661 662 663 664 666 667 668 669 670 671 672 674]] [45 [675 676 677 678 679 680 681 682 683 686 688 689]] [46 [690 691 692 693 694 695 696 697 698 699 700 701 703]] [47 [705 706 707 708 709 710 714 715 716 717 718 719]] [48 [720 721 722 723 725 726 729 730 731 732 733 734]] [49 [735 736 737 738 739 740 741 742 743 744 745 746 748]] [50 [750 751 752 753 754 755 756 757 761 762 763 764]] [51 [765 766 767 769 770 771 772 773 774 775 776 777 778 779]] [52 [780 781 782 784 785 786 789 790 791 792 793 794]] [53 [795 796 797 798 799 800 801 802 803 804 805 806 808 809]] [54 [810 811 812 813 814 815 817 818 819 820 821 823 824]] [55 [825 826 827 828 829 830 831 832 833 835 837 838 839]] [56 [841 842 843 844 845 847 848 849 850 851 852 853]] [57 [855 857 858 859 861 862 863 864 865 866 867 868 869]] [58 [870 871 872 873 874 875 877 878 879 880 881 882 884]] [59 [887 888 889 890 891 892 893 894 895 896 898]] [60 [900 901 902 903 904 905 906 908 909 910 912 914]] [61 [915 916 917 918 919 920 921 922 924 925 926 927]] [62 [930 931 932 933 934 935 936 937 938 939 940 941 942 944]] [63 [946 948 949 950 951 952 953 954 955 957 958 959]] [64 [960 962 963 964 965 968 969 970 973 974]] [65 [975 976 977 978 979 980 984 985 986 987 988 989]] [66 [991 992 993 994 996 998 999 1002 1003]] [67 [1005 1006 1007 1009 1010 1011 1013 1014 1015 1016 1018 1019]] [68 [1020 1022 1023 1024 1025 1026 1028 1029 1030 1031 1032 1034]] [69 [1035 1036 1037 1038 1039 1040 1042 1043 1044 1045 1048 1049]] [70 [1050 1051 1052 1053 1054 1055 1056 1057 1059 1060 1061 1062 1063 1064]] [71 [1065 1066 1067 1068 1069 1070 1071 1073 1074 1075 1077 1078 1079]] [72 [1081 1082 1084 1085 1090 1091 1092 1093 1094]] [73 [1095 1096 1097 1099 1101 1102 1105 1106 1107 1108 1109]] [74 [1110 1111 1112 1114 1115 1116 1117 1119 1122 1123 1124]] [75 [1125 1126 1127 1128 1129 1130 1131 1132 1133 1134 1135 1136 1137 1138 1139]] [76 [1142 1143 1144 1148 1149 1150 1153 1154]] [77 [1155 1156 1157 1159 1161 1162 1163 1164 1165 1166 1167 1168]] [78 [1170 1171 1172 1175 1176 1177 1181 1182 1183 1184]] [79 [1185 1186 1187 1190 1192 1193 1194 1195 1196 1197 1198 1199]] [80 [1200 1201 1202 1203 1204 1205 1206 1207 1208 1209 1210 1211 1212 1214]] [81 [1215 1216 1217 1218 1219 1221 1222 1223 1225 1226 1227 1229]] [82 [1230 1231 1232 1233 1234 1235 1236 1237 1238 1239 1242 1243]] [83 [1245 1246 1247 1249 1250 1251 1253 1254 1255 1256 1257 1258 1259]] [84 [1260 1263 1264 1265 1266 1267 1270 1271 1272 1273 1274]] [85 [1275 1276 1277 1278 1279 1280 1281 1282 1283 1284 1285 1286 1287]] [86 [1290 1291 1292 1293 1294 1295 1296 1297 1300 1301]] [87 [1306 1307 1308 1309 1310 1311 1312 1314 1316 1317 1318 1319]] [88 [1320 1321 1323 1324 1325 1326 1327 1328 1329 1330 1331 1332 1333]] [89 [1337 1338 1339 1340 1341 1342 1343 1346 1347 1348 1349]] [90 [1350 1351 1352 1353 1354 1355 1356 1357 1358 1359 1360 1361 1362 1364]] [91 [1365 1366 1367 1369 1370 1371 1372 1373 1374 1375 1376 1379]] [92 [1380 1381 1382 1383 1384 1386 1387 1389 1390 1391 1392 1393 1394]] [93 [1395 1396 1397 1398 1399 1400 1401 1402 1404 1406 1408 1409]] [94 [1410 1411 1412 1413 1415 1416 1417 1418 1419 1420 1421 1422 1423]] [95 [1425 1426 1427 1428 1429 1430 1431 1432 1433 1435 1436 1437 1438 1439]] [96 [1441 1442 1444 1445 1446 1447 1448 1449 1451 1452 1453 1454]] [97 [1455 1456 1457 1458 1459 1462 1463 1464 1465 1466 1467 1468 1469]] [98 [1470 1471 1472 1473 1475 1476 1477 1478 1479 1480 1482 1483 1484]] [99 [1485 1486 1487 1488 1489 1491 1492 1493 1494 1496 1497 1498 1499]]]",,"[[{citizen 1} [[""A"" [5 3 2 2 3 3 4 3 4 4]]]] [{citizen 2} [[""A"" [3 5 2 3 4 3 2 4 5 4]]]] [{citizen 3} [[""A"" [5 3 2 3 3 4 3 4 4 4]]]] [{citizen 4} [[""A"" [2 3 4 2 2 3 3 4 4 4]]]] [{citizen 5} [[""A"" [3 3 2 2 3 4 3 4 4 4]]]] [{citizen 6} [[""A"" [4 3 4 3 2 3 4 3 2 4]]]] [{citizen 7} [[""A"" [4 3 2 2 3 3 4 4 4 4]]]] [{citizen 10} [[""A"" [5 3 3 2 2 3 4 3 5 4]]]] [{citizen 11} [[""A"" [2 2 2 3 4 4 2 4 5 4]]]] [{citizen 14} [[""A"" [4 4 3 2 2 2 4 3 4 4]]]] [{citizen 17} [[""A"" [4 4 3 2 3 4 3 2 5 4]]]] [{citizen 24} [[""A"" [5 4 3 2 2 3 4 3 4 4]]]] [{citizen 26} [[""A"" [4 3 3 2 2 2 3 3 4 4]]]] [{citizen 29} [[""A"" [3 2 2 3 4 3 4 2 5 4]]]] [{citizen 35} [[""A"" [4 3 4 4 3 2 2 4 5 4]]]] [{citizen 45} [[""A"" [4 2 3 5 4 2 2 3 4 4]]]] [{citizen 49} [[""A"" [4 3 2 3 3 4 3 4 5 4]]]] [{media 50} [[""A"" [4 4 4 4 4 4 4 4 4 4]]]] [{media 51} [[""A"" [3 3 3 3 3 3 3 3 3 3]]]] [{media 52} [[""A"" [4 4 4 4 4 4 4 4 4 4]]]] [{media 53} [[""A"" [3 3 3 3 3 3 3 3 3 3]]]] [{media 54} [[""A"" [4 4 4 4 4 4 4 4 4 4]]]] [{media 56} [[""A"" [3 3 3 3 3 3 3 3 3 3]]]] [{media 57} [[""A"" [3 3 3 3 3 3 3 3 3 3]]]] [{media 58} [[""A"" [4 4 4 4 4 4 4 4 4 4]]]] [{media 59} [[""A"" [2 2 2 2 2 2 2 2 2 2]]]] [{media 61} [[""A"" [3 3 3 3 3 3 3 3 3 3]]]] [{media 62} [[""A"" [2 2 2 2 2 2 2 2 2 2]]]] [{media 63} [[""A"" [4 4 4 4 4 4 4 4 4 4]]]] [{media 64} [[""A"" [2 2 2 2 2 2 2 2 2 2]]]] [{citizen 13} [[""A"" [4 4 3 2 2 3 4 2 4 4]]]] [{citizen 21} [[""A"" [2 2 2 4 3 3 3 4 4 4]]]] [{citizen 28} [[""A"" [2 3 4 5 3 2 2 3 4 4]]]] [{citizen 38} [[""A"" [4 3 2 2 3 4 3 4 2 4]]]] [{citizen 44} [[""A"" [4 3 4 5 2 3 3 4 5 4]]]] [{citizen 36} [[""A"" [4 2 2 3 3 4 4 4 5 4]]]] [{citizen 12} [[""A"" [3 2 2 3 3 4 3 4 4 4]]]] [{citizen 37} [[""A"" [5 3 3 2 2 3 4 4 4 4]]]] [{citizen 31} [[""A"" [5 3 2 2 4 3 4 4 2 4]]]] [{citizen 41} [[""A"" [3 5 4 2 4 4 2 3 4 4]]]] [{citizen 43} [[""A"" [3 3 2 2 3 4 3 4 4 4]]]] [{citizen 9} [[""A"" [3 2 2 4 3 3 4 2 4 4]]]] [{citizen 42} [[""A"" [3 2 2 4 3 4 3 4 4 5]]]] [{citizen 19} [[""A"" [3 2 2 2 3 4 3 4 4 4]]]] [{citizen 47} [[""A"" [4 3 2 2 4 3 3 3 4 4]]]] [{citizen 8} [[""A"" [4 4 3 3 5 3 2 3 4 4]]]] [{citizen 33} [[""A"" [4 2 2 2 4 3 4 2 4 4]]]] [{citizen 39} [[""A"" [5 3 2 2 2 3 4 4 4 4]]]] [{citizen 25} [[""A"" [4 4 2 3 4 3 3 3 4 4]]]] [{citizen 30} [[""A"" [4 3 3 2 2 3 3 4 4 4]]]] [{citizen 32} [[""A"" [4 3 2 2 3 3 4 3 4 4]]]] [{citizen 23} [[""A"" [3 2 2 4 3 4 3 2 5 4]]]] [{citizen 15} [[""A"" [3 2 2 2 4 3 4 2 4 4]]]] [{citizen 18} [[""A"" [4 3 4 3 4 3 2 2 3 4]]]] [{citizen 46} [[""A"" [3 4 3 2 2 3 3 4 4 4]]]] [{citizen 20} [[""A"" [4 3 2 4 3 3 4 3 4 4]]]] [{citizen 22} [[""A"" [4 3 4 2 2 3 4 3 4 4]]]] [{citizen 48} [[""A"" [3 5 4 3 2 4 3 4 4 4]]]] [{citizen 16} [[""A"" [2 3 4 5 3 3 4 4 5 4]]]] [{media 60} [[""A"" [5 5 5 5 5 5 5 5 5 5]]]] [{citizen 27} [[""A"" [3 4 3 2 3 3 4 3 4 4]]]] [{media 55} [[""A"" [5 5 5 5 5 5 5 5 5 5]]]] [{citizen 34} [[""A"" [3 2 4 3 3 4 3 2 4 4]]]] [{citizen 40} [[""A"" [4 4 4 3 4 3 2 3 4 4]]]]]"
"1","[85 0 170]","113.87755102040816","6.050527253299058","-2.3051274507763058","""circle""","""""","9.9","{breed citizens}","false","0.5","1","""up""",,"[[""ID"" 1] [""alpha"" 1] [""beta"" 1] [""malleable"" [""A""]] [""prior"" []] [""cont_tokens"" []] [""A"" 4]]","[[0 [0 1 2 3 4 5 6 7 8 9 10 11 12 13 14]] [1 [15 16 17 18 19 20 21 22 23 25 26 28 29]] [2 [30 31 32 33 34 35 36 37 38 39 40 41 42 43 44]] [3 [45 46 47 48 49 50 51 52 53 54 55 56 57 58 59]] [4 [60 61 62 63 64 65 66 67 68 69 70 71 72 73 74]] [5 [75 76 77 78 80 83 84 85 86 87 88 89]] [6 [90 91 92 93 94 95 96 97 98 99 100 101 102 103 104]] [7 [105 106 107 108 109 110 111 112 113 114 115 116 117 118 119]] [8 [120 121 122 123 124 125 126 127 128 129 130 131 132 133 134]] [9 [135 136 137 138 139 140 141 142 143 144 145 146 147 148 149]] [10 [150 151 152 153 154 155 156 157 158 159 160 161 162 163 164]] [11 [165 166 167 168 169 170 171 172 173 174 175 176 177 178 179]] [12 [180 181 182 183 184 185 186 187 188 189 190 191 192 193 194]] [13 [195 196 197 198 199 200 201 202 203 204 205 206 207 208 209]] [14 [210 211 212 213 214 215 216 217 218 219 220 221 222 223 224]] [15 [225 226 227 228 229 230 231 232 233 234 235 236 237 238 239]] [16 [240 241 242 243 244 245 246 247 248 249 250 251 252 253 254]] [17 [255 256 257 258 259 260 261 262 263 264 265 266 267 268 269]] [18 [270 271 272 273 274 275 276 277 278 279 280 281 282 283 284]] [19 [285 286 287 288 289 290 291 292 293 294 295 296 297 298 299]] [20 [300 301 302 303 304 305 306 307 309 310 311 312 313 314]] [21 [315 316 317 318 319 320 321 322 323 324 325 326 327 328 329]] [22 [330 331 332 333 334 335 336 337 338 339 340 341 342 343 344]] [23 [345 346 347 348 349 350 351 352 353 354 355 356 357 358 359]] [24 [360 361 362 363 364 365 366 367 368 369 370 371 372 373 374]] [25 [375 376 377 378 379 380 381 382 383 384 385 386 387 388 389]] [26 [390 391 392 393 394 395 396 397 398 399 400 401 402 403 404]] [27 [405 406 407 408 409 410 411 412 413 414 415 416 417 418 419]] [28 [420 421 422 423 424 425 426 427 428 429 430 431 432 433 434]] [29 [435 436 437 438 439 440 441 442 443 444 445 446 447 448 449]] [30 [450 451 452 453 454 455 456 457 458 459 460 461 462 463 464]] [31 [465 466 467 468 469 470 471 472 473 474 475 476 477 478 479]] [32 [480 481 482 483 484 485 486 487 488 489 490 491 492 493 494]] [33 [495 496 497 498 499 500 501 502 503 504 505 506 507 508 509]] [34 [510 511 512 513 514 515 516 517 519 520 521 522 523 524]] [35 [525 526 527 528 529 530 531 532 533 534 535 536 537 538 539]] [36 [540 541 542 543 544 545 546 547 548 549 550 551 552 553 554]] [37 [555 556 557 558 559 560 561 562 563 564 565 566 567 568 569]] [38 [570 571 572 573 574 575 576 577 578 579 580 581 582 583 584]] [39 [585 586 587 588 589 590 591 592 593 594 595 596 597 598 599]] [40 [600 601 602 603 604 605 606 607 608 609 610 611 612 613 614]] [41 [615 616 617 618 619 620 621 622 623 624 625 626 627 628 629]] [42 [630 631 632 633 634 635 636 637 638 639 640 641 642 643 644]] [43 [645 646 647 648 649 650 651 652 653 654 656 657 658 659]] [44 [660 661 662 663 664 665 666 667 668 669 670 671 672 673 674]] [45 [675 676 677 678 679 680 681 682 683 684 685 686 687 688 689]] [46 [690 691 692 693 694 695 696 697 698 699 700 701 702 703 704]] [47 [705 706 707 708 709 710 711 712 713 714 715 716 717 718 719]] [48 [720 721 722 723 724 725 726 727 728 729 730 731 732 733 734]] [49 [735 736 737 738 739 740 741 742 743 744 745 746 747 748 749]] [50 [750 751 752 753 754 755 756 757 758 759 760 761 762 763 764]] [51 [765 766 767 768 769 770 771 772 773 774 775 776 777 778 779]] [52 [780 781 782 783 784 785 786 787 788 789 790 791 792 793 794]] [53 [795 796 797 798 799 800 801 802 803 804 805 806 807 808 809]] [54 [810 811 812 813 814 815 816 817 818 819 820 821 822 823 824]] [55 [825 826 827 828 829 830 831 832 833 834 835 836 837 838 839]] [56 [840 841 842 843 844 845 846 847 848 849 850 851 852 853 854]] [57 [855 856 857 858 859 860 861 862 863 864 865 866 867 868 869]] [58 [870 871 872 873 874 875 876 877 878 879 880 881 882 883 884]] [59 [885 886 887 888 889 890 891 892 893 894 895 896 897 898 899]] [60 [900 901 902 903 904 905 906 907 908 909 910 911 912 913 914]] [61 [915 916 917 918 919 920 921 922 923 924 925 926 927 928 929]] [62 [930 931 932 933 934 935 936 937 938 939 940 941 942 943 944]] [63 [945 946 947 948 949 950 951 952 953 954 955 956 957 958 959]] [64 [960 961 962 963 964 965 966 967 968 969 970 971 972 973 974]] [65 [975 976 977 978 979 980 981 984 985 986 987 988 989]] [66 [990 991 992 993 994 996 997 998 999 1000 1001 1002 1003 1004]] [67 [1005 1006 1007 1008 1009 1010 1011 1012 1013 1014 1015 1016 1017 1018 1019]] [68 [1020 1022 1023 1024 1025 1026 1027 1028 1029 1030 1031 1032 1034]] [69 [1035 1036 1037 1038 1039 1040 1041 1042 1043 1044 1045 1046 1047 1048 1049]] [70 [1050 1051 1052 1053 1054 1055 1056 1057 1058 1059 1060 1061 1062 1063 1064]] [71 [1065 1066 1067 1068 1069 1070 1071 1072 1073 1074 1075 1076 1077 1078 1079]] [72 [1080 1081 1082 1083 1084 1085 1086 1087 1088 1089 1090 1091 1092 1093 1094]] [73 [1095 1096 1097 1098 1099 1100 1101 1102 1103 1104 1105 1106 1107 1108 1109]] [74 [1110 1111 1112 1113 1114 1115 1116 1117 1118 1119 1120 1121 1122 1123 1124]] [75 [1125 1126 1127 1128 1129 1130 1131 1132 1133 1134 1135 1136 1137 1138 1139]] [76 [1140 1141 1142 1143 1144 1145 1146 1147 1148 1149 1150 1151 1152 1153 1154]] [77 [1155 1156 1157 1159 1161 1162 1163 1164 1165 1166 1167 1168 1169]] [78 [1170 1171 1172 1173 1174 1175 1176 1177 1178 1179 1180 1181 1182 1183 1184]] [79 [1185 1186 1187 1188 1189 1190 1191 1192 1193 1194 1195 1196 1197 1198 1199]] [80 [1200 1201 1202 1203 1204 1205 1206 1207 1208 1209 1210 1211 1212 1213 1214]] [81 [1215 1216 1217 1218 1219 1220 1221 1222 1223 1224 1225 1226 1227 1228 1229]] [82 [1230 1231 1232 1233 1234 1235 1236 1237 1238 1239 1240 1241 1242 1243 1244]] [83 [1245 1246 1247 1248 1249 1250 1251 1252 1253 1254 1255 1256 1257 1258 1259]] [84 [1260 1262 1263 1264 1265 1266 1267 1269 1270 1271 1272 1273 1274]] [85 [1275 1276 1277 1278 1279 1280 1281 1282 1283 1284 1285 1286 1287 1288 1289]] [86 [1290 1291 1292 1293 1294 1295 1296 1297 1299 1300 1301 1302 1303 1304]] [87 [1305 1306 1307 1308 1309 1310 1311 1312 1313 1314 1315 1316 1317 1318 1319]] [88 [1320 1321 1322 1323 1324 1325 1326 1327 1328 1329 1330 1331 1332 1333 1334]] [89 [1335 1336 1337 1338 1339 1340 1341 1342 1343 1344 1345 1346 1347 1348 1349]] [90 [1350 1351 1352 1353 1354 1355 1356 1357 1358 1359 1360 1361 1362 1363 1364]] [91 [1365 1366 1367 1368 1369 1370 1371 1372 1373 1374 1375 1376 1377 1378 1379]] [92 [1380 1381 1382 1383 1384 1385 1386 1387 1388 1389 1390 1391 1392 1393 1394]] [93 [1395 1396 1397 1398 1399 1400 1401 1402 1403 1404 1405 1406 1407 1408 1409]] [94 [1410 1411 1412 1413 1414 1415 1416 1417 1418 1419 1420 1421 1422 1423 1424]] [95 [1425 1426 1427 1428 1429 1430 1431 1432 1433 1434 1435 1436 1437 1438 1439]] [96 [1440 1441 1442 1443 1444 1445 1446 1447 1448 1449 1450 1451 1452 1453 1454]] [97 [1455 1456 1457 1458 1459 1461 1462 1463 1464 1465 1466 1467 1468 1469]] [98 [1470 1471 1472 1473 1474 1475 1476 1477 1478 1479 1480 1481 1482 1483 1484]] [99 [1485 1486 1487 1488 1489 1491 1492 1493 1494 1495 1496 1497 1498 1499]]]","[[0 [0 1 2 3 4 5 6 7 8 9 11 12 13 14]] [1 [15 16 17 18 19 20 21 22 23 25 26 28 29]] [2 [31 33 34 35 37 38 40 41 42 43 44]] [3 [45 46 47 48 49 50 51 52 54 56 57 58 59]] [4 [61 62 63 64 65 66 67 68 69 70 71 73 74]] [5 [75 76 77 78 80 83 84 86 87 88]] [6 [90 91 93 94 95 98 99 100 101 103 104]] [7 [105 106 107 108 109 110 112 113 114 115 117 118 119]] [8 [120 121 122 123 124 125 126 127 128 131 132 133]] [9 [136 137 138 139 142 143 144 145 146 147 148 149]] [10 [150 151 152 153 154 156 157 158 159 160 161 164]] [11 [165 166 169 170 171 172 173 174 177 178 179]] [12 [180 181 182 183 186 187 188 189 191 193 194]] [13 [195 196 197 198 199 200 201 202 204 205 207 208 209]] [14 [210 215 216 217 218 219 220 221 222 223 224]] [15 [225 226 227 228 229 230 231 232 233 235 237 238 239]] [16 [241 242 243 244 245 246 247 248 249 250 251 252 253 254]] [17 [255 256 257 258 259 260 261 262 263 264 265 266 267 268]] [18 [270 271 272 273 274 276 277 278 279 280 281 282 283 284]] [19 [285 287 288 291 292 293 294 297 298 299]] [20 [300 302 303 304 305 306 307 309 311 312 313 314]] [21 [316 317 318 319 320 321 324 325 326 327 328 329]] [22 [330 331 332 333 335 336 337 338 339 340 341 342 343]] [23 [345 346 349 350 351 355 356 357 358 359]] [24 [360 361 362 363 365 366 367 368 370 373]] [25 [376 377 378 379 380 381 382 383 384 385 387 388 389]] [26 [390 391 392 393 395 396 397 398 399 400 401 402 403 404]] [27 [405 406 407 408 409 410 411 412 413 414 415 416 417 418]] [28 [420 421 422 424 425 426 427 429 430 431 432 433 434]] [29 [435 436 437 444 445 446 447 448]] [30 [450 451 452 453 454 455 457 458 459 461 462 464]] [31 [465 466 467 468 469 470 471 472 473 474 475 477]] [32 [480 483 484 485 486 487 488 489 490 491]] [33 [495 497 498 499 501 502 503 504 505 506 507 508]] [34 [510 511 512 513 514 515 516 517 520 521 522 524]] [35 [525 526 527 528 529 533 534 536 537 538 539]] [36 [541 542 543 544 546 547 548 549 550 551 552 554]] [37 [555 556 557 558 559 562 563 564 565 566 567 568 569]] [38 [570 572 573 574 575 576 577 578 579 581 582 584]] [39 [585 586 587 588 589 590 591 592 593 594 596 597 598 599]] [40 [600 601 604 605 607 608 609 610 613 614]] [41 [615 616 617 618 619 620 622 623 628 629]] [42 [630 632 633 634 635 636 637 638 640 641 643 644]] [43 [647 648 649 651 652 653 654 656 657 658 659]] [44 [660 661 663 665 668 669 670 671 672 673 674]] [45 [675 676 677 678 679 680 681 682 684 685]] [46 [690 691 692 693 694 695 696 697 700 701 702 703 704]] [47 [707 708 711 712 713 714 715 717 718 719]] [48 [720 721 722 724 726 729 730 731 732 733 734]] [49 [735 736 737 738 739 740 741 742 743 744 745 746 748]] [50 [750 752 753 754 755 756 757 759 760 761 762 763 764]] [51 [765 766 767 773 774 775 776 777 778 779]] [52 [780 781 782 784 785 786 788 789 790 791 792 794]] [53 [795 796 797 798 799 800 801 802 803 804 805 806 807 808 809]] [54 [810 811 812 813 814 815 816 817 818 819 821 823 824]] [55 [825 826 827 830 831 832 833 834 835 837 838 839]] [56 [841 842 843 844 845 846 847 848 849 851 852 853 854]] [57 [856 857 858 859 860 861 862 863 864 865 866 867 868]] [58 [870 871 872 873 874 875 878 880 881 882 883]] [59 [885 886 887 888 889 890 891 892 893 896 898]] [60 [900 901 902 903 904 905 906 907 908 909 910 911 912 914]] [61 [915 916 917 919 920 921 922 924 925 926 927 928 929]] [62 [930 931 932 933 934 935 936 937 938 939 940 941 942 944]] [63 [946 947 948 949 950 951 952 953 954 955 957 958 959]] [64 [960 961 962 963 964 965 967 968 969 971 972 973 974]] [65 [975 976 977 978 979 980 981 986 987 988 989]] [66 [990 991 992 993 994 996 997 998 999 1002 1003 1004]] [67 [1005 1006 1007 1008 1009 1010 1011 1013 1014 1015 1016 1018 1019]] [68 [1020 1022 1023 1024 1025 1026 1030 1031 1032 1034]] [69 [1035 1036 1037 1039 1040 1041 1042 1043 1044 1046 1047 1048 1049]] [70 [1050 1051 1052 1053 1054 1055 1056 1057 1058 1061 1062 1063]] [71 [1065 1066 1067 1068 1069 1070 1071 1073 1074 1075 1076 1078]] [72 [1080 1081 1082 1084 1085 1089 1091 1092 1093 1094]] [73 [1096 1097 1099 1100 1101 1102 1104 1105 1106 1107 1108 1109]] [74 [1110 1111 1112 1114 1115 1116 1118 1119 1122 1123 1124]] [75 [1125 1126 1127 1128 1129 1130 1131 1132 1133 1134 1136 1137 1138 1139]] [76 [1141 1142 1143 1144 1145 1146 1147 1148 1149 1150 1152 1153 1154]] [77 [1156 1157 1159 1161 1163 1164 1165 1166 1167 1168 1169]] [78 [1170 1171 1172 1175 1176 1177 1181 1182 1183 1184]] [79 [1185 1186 1187 1188 1189 1190 1192 1193 1194 1195 1196 1197 1198 1199]] [80 [1200 1202 1203 1204 1205 1206 1207 1208 1209 1211 1213]] [81 [1215 1216 1217 1221 1222 1223 1224 1225 1226 1227 1229]] [82 [1230 1231 1232 1233 1234 1236 1238 1239 1242 1244]] [83 [1245 1246 1247 1249 1250 1251 1252 1253 1254 1255 1256 1257 1258 1259]] [84 [1262 1263 1265 1266 1267 1269 1270 1271 1272 1273 1274]] [85 [1275 1276 1277 1278 1279 1280 1281 1282 1283 1284 1285 1286 1287 1288 1289]] [86 [1290 1291 1292 1294 1295 1296 1297 1299 1300 1301 1303 1304]] [87 [1305 1307 1308 1309 1310 1311 1313 1315 1316 1317 1318 1319]] [88 [1320 1321 1322 1323 1324 1325 1326 1327 1328 1329 1330 1331 1332 1333]] [89 [1335 1341 1342 1343 1344 1345 1346 1347 1348 1349]] [90 [1350 1351 1352 1353 1355 1356 1357 1358 1359 1360 1361 1362 1364]] [91 [1365 1366 1367 1369 1370 1371 1372 1373 1374 1375 1376 1377 1378]] [92 [1380 1381 1383 1386 1387 1388 1389 1390 1391 1392 1393 1394]] [93 [1395 1396 1397 1398 1399 1400 1401 1403 1404 1405 1406 1408 1409]] [94 [1410 1411 1412 1413 1414 1417 1418 1419 1420 1421 1422 1423 1424]] [95 [1425 1426 1427 1428 1429 1430 1431 1432 1433 1434 1435 1436 1437 1438 1439]] [96 [1440 1443 1445 1446 1447 1448 1449 1450 1451 1452 1453 1454]] [97 [1455 1456 1457 1458 1459 1461 1462 1465 1466 1467 1468 1469]] [98 [1470 1471 1472 1474 1475 1476 1477 1478 1479 1480 1482 1483 1484]] [99 [1485 1486 1488 1489 1491 1492 1493 1494 1496 1497 1498 1499]]]",,"[[{citizen 4} [[""A"" [2 4 2 3 4 3 2 3 3 4]]]] [{citizen 5} [[""A"" [4 5 3 3 3 2 3 3 4 5]]]] [{citizen 6} [[""A"" [4 2 3 4 4 5 3 4 3 5]]]] [{citizen 8} [[""A"" [4 3 4 4 3 3 2 3 4 5]]]] [{citizen 9} [[""A"" [5 4 3 5 3 2 4 3 4 2]]]] [{citizen 12} [[""A"" [4 3 5 3 2 3 3 3 4 5]]]] [{citizen 21} [[""A"" [4 2 4 5 4 2 2 3 4 5]]]] [{citizen 26} [[""A"" [4 4 3 3 3 2 2 3 3 5]]]] [{citizen 30} [[""A"" [4 4 3 3 2 2 3 3 4 5]]]] [{citizen 33} [[""A"" [4 2 4 4 4 3 2 2 4 5]]]] [{citizen 34} [[""A"" [4 3 5 3 3 2 4 3 3 5]]]] [{citizen 37} [[""A"" [5 3 5 3 3 2 2 4 4 5]]]] [{citizen 38} [[""A"" [3 4 4 3 5 2 3 4 5 4]]]] [{citizen 39} [[""A"" [3 3 3 2 2 3 4 4 5 4]]]] [{citizen 40} [[""A"" [4 4 3 3 3 2 3 3 5 4]]]] [{media 50} [[""A"" [4 4 4 4 4 4 4 4 4 4]]]] [{media 51} [[""A"" [3 3 3 3 3 3 3 3 3 3]]]] [{media 52} [[""A"" [4 4 4 4 4 4 4 4 4 4]]]] [{media 53} [[""A"" [3 3 3 3 3 3 3 3 3 3]]]] [{media 54} [[""A"" [4 4 4 4 4 4 4 4 4 4]]]] [{media 55} [[""A"" [5 5 5 5 5 5 5 5 5 5]]]] [{media 56} [[""A"" [3 3 3 3 3 3 3 3 3 3]]]] [{media 57} [[""A"" [3 3 3 3 3 3 3 3 3 3]]]] [{media 58} [[""A"" [4 4 4 4 4 4 4 4 4 4]]]] [{media 59} [[""A"" [2 2 2 2 2 2 2 2 2 2]]]] [{media 60} [[""A"" [5 5 5 5 5 5 5 5 5 5]]]] [{media 61} [[""A"" [3 3 3 3 3 3 3 3 3 3]]]] [{media 62} [[""A"" [2 2 2 2 2 2 2 2 2 2]]]] [{media 63} [[""A"" [4 4 4 4 4 4 4 4 4 4]]]] [{media 64} [[""A"" [2 2 2 2 2 2 2 2 2 2]]]] [{citizen 0} [[""A"" [2 4 4 3 3 2 3 3 4 5]]]] [{citizen 13} [[""A"" [4 2 4 4 3 3 2 2 3 2]]]] [{citizen 2} [[""A"" [4 4 4 4 3 3 3 2 3 5]]]] [{citizen 7} [[""A"" [4 5 3 2 2 2 3 4 4 5]]]] [{citizen 31} [[""A"" [4 2 3 4 5 5 3 2 4 4]]]] [{citizen 44} [[""A"" [4 2 4 4 5 3 2 3 4 5]]]] [{citizen 28} [[""A"" [4 4 3 3 3 2 2 4 5 4]]]] [{citizen 24} [[""A"" [3 4 4 5 3 3 2 2 3 5]]]] [{citizen 17} [[""A"" [4 4 4 4 3 3 2 3 5 4]]]] [{citizen 3} [[""A"" [4 2 3 5 5 3 3 3 4 5]]]] [{citizen 27} [[""A"" [4 2 2 3 4 4 3 3 3 5]]]] [{citizen 16} [[""A"" [3 4 4 5 3 4 3 4 5 4]]]] [{citizen 49} [[""A"" [4 2 4 3 4 3 3 3 3 5]]]] [{citizen 36} [[""A"" [4 2 3 4 3 2 3 4 5 4]]]] [{citizen 42} [[""A"" [3 5 3 3 2 2 4 3 4 5]]]] [{citizen 19} [[""A"" [3 3 2 2 4 3 4 4 5 4]]]] [{citizen 47} [[""A"" [4 3 4 4 3 3 2 3 3 5]]]] [{citizen 25} [[""A"" [2 3 4 4 3 3 3 3 4 5]]]] [{citizen 32} [[""A"" [3 4 4 5 3 2 3 3 3 5]]]] [{citizen 10} [[""A"" [3 5 4 3 3 3 2 2 3 5]]]] [{citizen 23} [[""A"" [4 3 5 3 2 2 4 3 4 5]]]] [{citizen 11} [[""A"" [3 4 4 3 5 2 2 3 4 5]]]] [{citizen 15} [[""A"" [4 4 3 5 3 3 2 2 3 5]]]] [{citizen 18} [[""A"" [3 4 3 4 3 4 3 5 3 2]]]] [{citizen 43} [[""A"" [3 5 3 3 2 2 3 4 4 5]]]] [{citizen 46} [[""A"" [4 3 4 3 3 2 3 3 4 5]]]] [{citizen 14} [[""A"" [2 3 4 4 3 3 2 4 3 4]]]] [{citizen 35} [[""A"" [3 4 4 3 3 2 2 4 5 4]]]] [{citizen 48} [[""A"" [4 3 5 4 3 3 2 3 5 4]]]] [{citizen 20} [[""A"" [4 2 3 4 4 3 3 3 3 5]]]] [{citizen 22} [[""A"" [4 4 3 3 2 2 2 3 4 5]]]] [{citizen 45} [[""A"" [2 2 5 4 3 2 3 3 4 4]]]] [{citizen 29} [[""A"" [4 4 4 4 3 3 2 3 4 5]]]] [{citizen 41} [[""A"" [3 4 5 4 5 2 4 4 3 4]]]]]"
"2","[85 0 170]","168.9795918367347","1.9524500417302166","-5.847522070898053","""circle""","""""","9.9","{breed citizens}","false","0.5","1","""up""",,"[[""ID"" 2] [""alpha"" 1] [""beta"" 1] [""malleable"" [""A""]] [""prior"" []] [""cont_tokens"" []] [""A"" 4]]","[[0 [0 1 2 3 4 5 6 7 8 9 10 11 12 13 14]] [1 [15 16 17 18 19 20 21 22 23 25 26 28 29]] [2 [30 31 32 33 34 35 36 37 38 39 40 41 42 43 44]] [3 [45 46 47 48 49 50 51 52 53 54 55 56 57 58 59]] [4 [60 61 62 63 64 65 66 67 68 69 70 71 72 73 74]] [5 [75 76 77 78 80 83 84 85 86 87 88 89]] [6 [90 91 92 93 94 95 96 97 98 99 100 101 102 103 104]] [7 [105 106 107 108 109 110 111 112 113 114 115 116 117 118 119]] [8 [120 121 122 123 124 125 126 127 128 129 130 131 132 133 134]] [9 [135 136 137 138 139 140 141 142 143 144 145 146 147 148 149]] [10 [150 151 152 153 154 155 156 157 158 159 160 161 162 163 164]] [11 [165 166 167 168 169 170 171 172 173 174 175 176 177 178 179]] [12 [180 181 182 183 184 185 186 187 188 189 190 191 192 193 194]] [13 [195 196 197 198 199 200 201 202 203 204 205 206 207 208 209]] [14 [210 211 212 213 214 215 216 217 218 219 220 221 222 223 224]] [15 [225 226 227 228 229 230 231 232 233 234 235 236 237 238 239]] [16 [240 241 242 243 244 245 246 247 248 249 250 251 252 253 254]] [17 [255 256 257 258 259 260 261 262 263 264 265 266 267 268 269]] [18 [270 271 272 273 274 275 276 277 278 279 280 281 282 283 284]] [19 [285 286 287 288 289 290 291 292 293 294 295 296 297 298 299]] [20 [300 301 302 303 304 305 306 307 309 310 311 312 313 314]] [21 [315 316 317 318 319 320 321 322 323 324 325 326 327 328 329]] [22 [330 331 332 333 334 335 336 337 338 339 340 341 342 343 344]] [23 [345 346 347 348 349 350 351 352 353 354 355 356 357 358 359]] [24 [360 361 362 363 364 365 366 367 368 369 370 371 372 373 374]] [25 [375 376 377 378 379 380 381 382 383 384 385 386 387 388 389]] [26 [390 391 392 393 394 395 396 397 398 399 400 401 402 403 404]] [27 [405 406 407 408 409 410 411 412 413 414 415 416 417 418 419]] [28 [420 421 422 423 424 425 426 427 428 429 430 431 432 433 434]] [29 [435 436 437 438 439 440 441 442 443 444 445 446 447 448 449]] [30 [450 451 452 453 454 455 456 457 458 459 460 461 462 463 464]] [31 [465 466 467 468 469 470 471 472 473 474 475 476 477 478 479]] [32 [480 481 482 483 484 485 486 487 488 489 490 491 492 493 494]] [33 [495 496 497 498 499 500 501 502 503 504 505 506 507 508 509]] [34 [510 511 512 513 514 515 516 517 519 520 521 522 523 524]] [35 [525 526 527 528 529 530 531 532 533 534 535 536 537 538 539]] [36 [540 541 542 543 544 545 546 547 548 549 550 551 552 553 554]] [37 [555 556 557 558 559 560 561 562 563 564 565 566 567 568 569]] [38 [570 571 572 573 574 575 576 577 578 579 580 581 582 583 584]] [39 [585 586 587 588 589 590 591 592 593 594 595 596 597 598 599]] [40 [600 601 602 603 604 605 606 607 608 609 610 611 612 613 614]] [41 [615 616 617 618 619 620 621 622 623 624 625 626 627 628 629]] [42 [630 631 632 633 634 635 636 637 638 639 640 641 642 643 644]] [43 [645 646 647 648 649 650 651 652 653 654 656 657 658 659]] [44 [660 661 662 663 664 665 666 667 668 669 670 671 672 673 674]] [45 [675 676 677 678 679 680 681 682 683 684 685 686 687 688 689]] [46 [690 691 692 693 694 695 696 697 698 699 700 701 702 703 704]] [47 [705 706 707 708 709 710 711 712 713 714 715 716 717 718 719]] [48 [720 721 722 723 724 725 726 727 728 729 730 731 732 733 734]] [49 [735 736 737 738 739 740 741 742 743 744 745 746 747 748 749]] [50 [750 751 752 753 754 755 756 757 758 759 760 761 762 763 764]] [51 [765 766 767 768 769 770 771 772 773 774 775 776 777 778 779]] [52 [780 781 782 783 784 785 786 787 788 789 790 791 792 793 794]] [53 [795 796 797 798 799 800 801 802 803 804 805 806 807 808 809]] [54 [810 811 812 813 814 815 816 817 818 819 820 821 822 823 824]] [55 [825 826 827 828 829 830 831 832 833 834 835 836 837 838 839]] [56 [840 841 842 843 844 845 846 847 848 849 850 851 852 853 854]] [57 [855 856 857 858 859 860 861 862 863 864 865 866 867 868 869]] [58 [870 871 872 873 874 875 876 877 878 879 880 881 882 883 884]] [59 [885 886 887 888 889 890 891 892 893 894 895 896 897 898 899]] [60 [900 901 902 903 904 905 906 907 908 909 910 911 912 913 914]] [61 [915 916 917 918 919 920 921 922 923 924 925 926 927 928 929]] [62 [930 931 932 933 934 935 936 937 938 939 940 941 942 943 944]] [63 [945 946 947 948 949 950 951 952 953 954 955 956 957 958 959]] [64 [960 961 962 963 964 965 966 967 968 969 970 971 972 973 974]] [65 [975 976 977 978 979 980 981 984 985 986 987 988 989]] [66 [990 991 992 993 994 996 997 998 999 1000 1001 1002 1003 1004]] [67 [1005 1006 1007 1008 1009 1010 1011 1012 1013 1014 1015 1016 1017 1018 1019]] [68 [1020 1022 1023 1024 1025 1026 1027 1028 1029 1030 1031 1032 1034]] [69 [1035 1036 1037 1038 1039 1040 1041 1042 1043 1044 1045 1046 1047 1048 1049]] [70 [1050 1051 1052 1053 1054 1055 1056 1057 1058 1059 1060 1061 1062 1063 1064]] [71 [1065 1066 1067 1068 1069 1070 1071 1072 1073 1074 1075 1076 1077 1078 1079]] [72 [1080 1081 1082 1083 1084 1085 1086 1087 1088 1089 1090 1091 1092 1093 1094]] [73 [1095 1096 1097 1098 1099 1100 1101 1102 1103 1104 1105 1106 1107 1108 1109]] [74 [1110 1111 1112 1113 1114 1115 1116 1117 1118 1119 1120 1121 1122 1123 1124]] [75 [1125 1126 1127 1128 1129 1130 1131 1132 1133 1134 1135 1136 1137 1138 1139]] [76 [1140 1141 1142 1143 1144 1145 1146 1147 1148 1149 1150 1151 1152 1153 1154]] [77 [1155 1156 1157 1159 1161 1162 1163 1164 1165 1166 1167 1168 1169]] [78 [1170 1171 1172 1173 1174 1175 1176 1177 1178 1179 1180 1181 1182 1183 1184]] [79 [1185 1186 1187 1188 1189 1190 1191 1192 1193 1194 1195 1196 1197 1198 1199]] [80 [1200 1201 1202 1203 1204 1205 1206 1207 1208 1209 1210 1211 1212 1213 1214]] [81 [1215 1216 1217 1218 1219 1220 1221 1222 1223 1224 1225 1226 1227 1229]] [82 [1230 1231 1232 1233 1234 1235 1236 1237 1238 1239 1240 1241 1242 1243 1244]] [83 [1245 1246 1247 1248 1249 1250 1251 1252 1253 1254 1255 1256 1257 1258 1259]] [84 [1260 1262 1263 1264 1265 1266 1267 1269 1270 1271 1272 1273 1274]] [85 [1275 1276 1277 1278 1279 1280 1281 1282 1283 1284 1285 1286 1287 1288 1289]] [86 [1290 1291 1292 1293 1294 1295 1296 1297 1299 1300 1301 1302 1303 1304]] [87 [1305 1306 1307 1308 1309 1310 1311 1312 1313 1314 1315 1316 1317 1318 1319]] [88 [1320 1321 1322 1323 1324 1325 1326 1327 1328 1329 1330 1331 1332 1333 1334]] [89 [1335 1336 1337 1338 1339 1340 1341 1342 1343 1344 1345 1346 1347 1348 1349]] [90 [1350 1351 1352 1353 1354 1355 1356 1357 1358 1359 1360 1361 1362 1363 1364]] [91 [1365 1366 1367 1368 1369 1370 1371 1372 1373 1374 1375 1376 1377 1378 1379]] [92 [1380 1381 1382 1383 1384 1385 1386 1387 1388 1389 1390 1391 1392 1393 1394]] [93 [1395 1396 1397 1398 1399 1400 1401 1402 1403 1404 1405 1406 1407 1408 1409]] [94 [1410 1411 1412 1413 1414 1415 1416 1417 1418 1419 1420 1421 1422 1423 1424]] [95 [1425 1426 1427 1428 1429 1430 1431 1432 1433 1434 1435 1436 1437 1438 1439]] [96 [1440 1441 1442 1443 1444 1445 1446 1447 1448 1449 1450 1451 1452 1453 1454]] [97 [1455 1456 1457 1458 1459 1461 1462 1463 1464 1465 1466 1467 1468 1469]] [98 [1470 1471 1472 1473 1474 1475 1476 1477 1478 1479 1480 1481 1482 1483 1484]] [99 [1485 1486 1487 1488 1489 1491 1492 1493 1494 1495 1496 1497 1498 1499]]]","[[0 [1 2 3 4 5 6 7 8 9 10 11 12 13 14]] [1 [15 16 17 18 20 21 22 23 25 26 28 29]] [2 [31 33 34 35 36 37 38 39 40 41 42 43 44]] [3 [45 46 47 48 49 50 51 52 54 55 56 57 58]] [4 [60 61 62 63 64 65 66 67 68 69 70 71 72 73 74]] [5 [75 76 77 78 80 83 84 85 86 87 88 89]] [6 [90 91 92 94 97 98 99 100 101 103 104]] [7 [105 106 107 108 109 110 112 113 114 115 117 118]] [8 [120 121 122 123 124 125 126 127 128 131 132 133 134]] [9 [135 136 137 140 141 142 143 144 145 146 147]] [10 [150 151 152 153 154 155 156 157 158 159 160 161 163 164]] [11 [165 167 168 170 171 172 173 175 176 177 178 179]] [12 [180 181 182 183 185 186 187 188 189 192 193 194]] [13 [195 196 197 198 199 200 201 202 204 205 207 208 209]] [14 [210 215 216 217 218 219 220 221 222 223 224]] [15 [225 226 227 228 229 230 231 232 233 234 236 238 239]] [16 [241 242 243 246 247 248 252 253 254]] [17 [255 256 257 258 259 260 262 263 264 265 266 267 268]] [18 [270 271 272 273 275 276 277 278 279 280 282 283 284]] [19 [285 287 288 291 292 293 294 297 298 299]] [20 [300 302 303 304 305 306 307 309 310 312 313 314]] [21 [316 317 318 319 320 321 324 325 326 327 328 329]] [22 [330 331 332 333 334 336 337 339 340 341 342 343 344]] [23 [345 346 349 350 351 352 353 354 355 356 357 358 359]] [24 [360 361 362 363 364 366 367 368 370 373]] [25 [376 380 381 382 383 384 385 387 388 389]] [26 [390 391 392 393 394 396 397 398 399 400 401 402 404]] [27 [405 406 407 408 409 410 411 412 413 414 415 416 417]] [28 [421 422 423 424 425 426 429 430 431 432 433 434]] [29 [435 436 437 440 441 442 443 444 445 446 447 448]] [30 [450 451 452 453 454 455 456 457 458 459 460 461 462]] [31 [466 467 468 469 470 471 472 473 475 477 478 479]] [32 [480 482 485 486 488 489 490 492 493 494]] [33 [495 497 498 499 500 501 502 503 504 505 506 507 508]] [34 [510 511 512 513 514 515 516 517 520 521 522 524]] [35 [526 527 528 529 533 534 535 537 538 539]] [36 [541 542 543 544 545 548 549 550 551 552 554]] [37 [555 556 557 558 559 562 563 564 565 566 567 568 569]] [38 [570 572 573 574 575 577 578 579 581 582 583 584]] [39 [585 586 587 588 589 590 592 593 594 596 597 598 599]] [40 [600 601 604 605 606 608 609 610 611 612 614]] [41 [615 616 617 618 619 620 623 624 625 626 627 629]] [42 [630 632 633 634 635 636 637 639 640 641 642 643 644]] [43 [645 646 649 651 652 653 654 656 657 658 659]] [44 [660 661 664 666 667 669 670 671 672 674]] [45 [675 676 677 678 679 680 681 682 683 684 685 687 688 689]] [46 [690 691 692 693 694 695 696 697 699 700 701 703]] [47 [705 706 707 708 711 712 713 715 716 717 718 719]] [48 [720 721 722 724 726 727 728 730 731 732 733 734]] [49 [735 736 737 738 739 740 741 742 743 744 745 746 748 749]] [50 [751 752 753 754 755 758 759 760 761 762 763 764]] [51 [765 768 769 770 771 772 773 774 775 776 777 778 779]] [52 [780 781 782 785 786 787 788 789 790 791 792 793 794]] [53 [795 796 797 798 799 800 801 802 803 804 805 806]] [54 [810 811 812 813 814 815 817 818 819 820 821 822 824]] [55 [825 826 827 834 836 837 838 839]] [56 [840 843 844 845 846 847 848 849 851 852 853 854]] [57 [856 857 858 859 860 861 862 863 864 865 866 867 868 869]] [58 [870 871 872 873 874 876 879 880 881 882 883]] [59 [885 886 887 888 889 890 891 892 893 895 896 898 899]] [60 [901 902 903 904 905 906 908 909 910 911 913]] [61 [917 919 920 921 922 924 925 926 927]] [62 [930 931 932 934 935 936 937 938 939 940 941 942 944]] [63 [946 947 948 949 950 951 952 954 955 957 958 959]] [64 [960 962 963 964 965 967 968 969 970 973 974]] [65 [975 976 977 978 979 980 981 984 985 986 987 988 989]] [66 [991 992 993 994 996 997 998 999 1001 1002 1003 1004]] [67 [1005 1006 1007 1008 1009 1010 1011 1013 1014 1015 1016 1018 1019]] [68 [1020 1022 1023 1024 1025 1026 1027 1028 1029 1032 1034]] [69 [1035 1036 1037 1039 1040 1041 1042 1043 1044 1045 1048 1049]] [70 [1050 1051 1052 1053 1054 1055 1056 1057 1059 1060 1061 1062 1063]] [71 [1065 1066 1067 1068 1069 1070 1071 1073 1074 1075 1077 1078]] [72 [1080 1081 1082 1084 1085 1089 1091 1092 1093 1094]] [73 [1095 1096 1097 1098 1100 1101 1102 1104 1105 1106 1107 1108 1109]] [74 [1110 1111 1112 1115 1116 1118 1120 1121 1122 1123 1124]] [75 [1125 1126 1127 1128 1129 1130 1131 1132 1133 1134 1136 1137 1138 1139]] [76 [1142 1143 1144 1145 1146 1147 1148 1149 1150 1153 1154]] [77 [1156 1157 1159 1161 1162 1163 1164 1165 1166 1167 1168 1169]] [78 [1170 1171 1172 1173 1174 1175 1176 1177 1181 1182 1183 1184]] [79 [1185 1186 1187 1188 1189 1190 1191 1195 1196 1197 1198 1199]] [80 [1200 1201 1202 1203 1205 1206 1207 1208 1209 1211 1212 1214]] [81 [1216 1217 1221 1222 1224 1225 1226 1227 1229]] [82 [1230 1231 1232 1233 1234 1235 1236 1237 1238 1239 1242 1243]] [83 [1245 1246 1247 1249 1250 1251 1252 1253 1254 1255 1256 1257 1258 1259]] [84 [1262 1263 1265 1266 1267 1270 1271 1272 1273 1274]] [85 [1275 1276 1277 1278 1279 1282 1283 1284 1286 1287 1289]] [86 [1290 1291 1292 1293 1294 1295 1296 1297 1302 1303 1304]] [87 [1305 1308 1309 1311 1313 1315 1316 1317 1318 1319]] [88 [1320 1321 1322 1323 1324 1325 1326 1327 1328 1329 1330 1331 1333]] [89 [1335 1337 1338 1339 1340 1341 1342 1343 1345 1346 1347 1348 1349]] [90 [1350 1351 1352 1353 1354 1355 1356 1357 1358 1359 1360 1361 1362 1364]] [91 [1365 1367 1369 1370 1371 1372 1373 1374 1377 1378]] [92 [1382 1383 1384 1386 1387 1389 1390 1391 1392 1393 1394]] [93 [1395 1396 1397 1398 1402 1404 1405 1406 1407 1408 1409]] [94 [1410 1411 1412 1413 1414 1416 1417 1418 1420 1421 1422 1424]] [95 [1425 1426 1428 1429 1430 1434 1436 1437 1438 1439]] [96 [1441 1442 1443 1444 1445 1446 1447 1448 1449 1450 1451 1452 1453 1454]] [97 [1455 1456 1457 1458 1459 1461 1462 1463 1464 1465 1466 1467 1468 1469]] [98 [1470 1471 1472 1474 1476 1477 1478 1479 1480 1482 1483 1484]] [99 [1485 1486 1488 1489 1491 1492 1493 1494 1495 1496 1497 1498 1499]]]",,"[[{citizen 4} [[""A"" [3 3 2 2 3 3 4 3 4 4]]]] [{citizen 5} [[""A"" [4 5 3 3 3 2 2 3 4 3]]]] [{citizen 6} [[""A"" [5 3 2 2 3 3 4 4 2 3]]]] [{citizen 7} [[""A"" [4 5 3 2 2 2 3 3 4 4]]]] [{citizen 9} [[""A"" [3 2 2 4 3 3 4 2 3 4]]]] [{citizen 10} [[""A"" [5 4 3 3 3 2 2 3 4 5]]]] [{citizen 13} [[""A"" [3 3 2 2 3 3 4 2 3 4]]]] [{citizen 15} [[""A"" [4 3 5 3 3 2 2 3 3 4]]]] [{citizen 16} [[""A"" [4 3 5 3 4 4 3 4 5 4]]]] [{citizen 18} [[""A"" [3 4 4 3 5 3 2 2 4 3]]]] [{citizen 19} [[""A"" [3 3 2 2 3 4 4 3 4 4]]]] [{citizen 29} [[""A"" [4 4 4 3 3 2 3 3 4 3]]]] [{citizen 34} [[""A"" [3 3 2 2 3 3 4 2 3 4]]]] [{citizen 38} [[""A"" [4 3 5 2 2 3 3 4 2 4]]]] [{citizen 43} [[""A"" [3 5 3 3 2 2 3 4 3 4]]]] [{citizen 46} [[""A"" [4 4 4 3 2 3 4 3 4 4]]]] [{media 50} [[""A"" [4 4 4 4 4 4 4 4 4 4]]]] [{media 51} [[""A"" [3 3 3 3 3 3 3 3 3 3]]]] [{media 52} [[""A"" [4 4 4 4 4 4 4 4 4 4]]]] [{media 53} [[""A"" [3 3 3 3 3 3 3 3 3 3]]]] [{media 54} [[""A"" [4 4 4 4 4 4 4 4 4 4]]]] [{media 55} [[""A"" [5 5 5 5 5 5 5 5 5 5]]]] [{media 56} [[""A"" [3 3 3 3 3 3 3 3 3 3]]]] [{media 57} [[""A"" [3 3 3 3 3 3 3 3 3 3]]]] [{media 58} [[""A"" [4 4 4 4 4 4 4 4 4 4]]]] [{media 59} [[""A"" [2 2 2 2 2 2 2 2 2 2]]]] [{media 60} [[""A"" [5 5 5 5 5 5 5 5 5 5]]]] [{media 61} [[""A"" [3 3 3 3 3 3 3 3 3 3]]]] [{media 62} [[""A"" [2 2 2 2 2 2 2 2 2 2]]]] [{media 63} [[""A"" [4 4 4 4 4 4 4 4 4 4]]]] [{media 64} [[""A"" [2 2 2 2 2 2 2 2 2 2]]]] [{citizen 0} [[""A"" [4 3 3 3 2 2 3 3 4 3]]]] [{citizen 28} [[""A"" [4 3 3 2 2 3 4 4 3 4]]]] [{citizen 36} [[""A"" [2 2 3 3 4 4 3 4 5 4]]]] [{citizen 12} [[""A"" [5 4 3 5 3 2 3 3 4 3]]]] [{citizen 49} [[""A"" [4 4 3 3 3 3 4 3 4 5]]]] [{citizen 37} [[""A"" [5 3 5 3 3 2 4 4 3 4]]]] [{citizen 42} [[""A"" [3 3 3 2 2 3 4 3 4 5]]]] [{citizen 47} [[""A"" [4 4 4 4 3 2 3 4 3 4]]]] [{citizen 8} [[""A"" [5 4 3 3 3 2 2 3 4 3]]]] [{citizen 3} [[""A"" [5 3 5 3 2 3 3 4 3 4]]]] [{citizen 33} [[""A"" [4 3 3 2 2 3 3 2 3 4]]]] [{citizen 31} [[""A"" [3 5 3 2 4 3 3 4 2 3]]]] [{citizen 39} [[""A"" [3 3 2 2 3 4 4 3 4 4]]]] [{citizen 17} [[""A"" [4 4 3 3 3 4 2 3 5 4]]]] [{citizen 25} [[""A"" [4 4 3 3 3 2 2 3 4 3]]]] [{citizen 30} [[""A"" [4 4 3 3 2 2 3 3 4 4]]]] [{citizen 24} [[""A"" [5 3 3 2 2 2 3 3 3 4]]]] [{citizen 32} [[""A"" [4 3 5 3 2 3 3 4 3 4]]]] [{citizen 23} [[""A"" [3 2 2 2 3 3 4 2 3 5]]]] [{citizen 11} [[""A"" [4 3 5 2 2 3 4 3 4 5]]]] [{citizen 44} [[""A"" [4 3 2 3 3 4 4 3 5 4]]]] [{citizen 1} [[""A"" [2 2 3 3 3 4 4 3 4 4]]]] [{citizen 45} [[""A"" [5 4 3 3 2 2 4 3 4 4]]]] [{citizen 14} [[""A"" [3 3 2 2 4 3 3 4 3 4]]]] [{citizen 20} [[""A"" [4 3 3 2 2 3 3 4 3 4]]]] [{citizen 22} [[""A"" [4 4 3 3 2 2 2 3 4 4]]]] [{citizen 41} [[""A"" [5 4 5 2 3 4 4 2 3 4]]]] [{citizen 27} [[""A"" [3 4 4 3 2 3 3 3 3 4]]]] [{citizen 35} [[""A"" [4 3 3 2 2 4 3 4 5 4]]]] [{citizen 26} [[""A"" [3 3 3 2 2 3 3 4 3 4]]]] [{citizen 40} [[""A"" [4 4 4 3 3 2 3 3 4 4]]]] [{citizen 21} [[""A"" [4 5 4 2 2 3 3 3 4 4]]]] [{citizen 48} [[""A"" [4 3 5 4 3 3 4 3 4 4]]]]]"
"3","[85 0 170]","4.040816326530612","2.0749085874913193","13.484208099397296","""circle""","""""","9.9","{breed citizens}","false","0.5","1","""up""",,"[[""ID"" 3] [""alpha"" 1] [""beta"" 1] [""malleable"" [""A""]] [""prior"" []] [""cont_tokens"" []] [""A"" 4]]","[[0 [0 1 2 3 4 5 6 7 8 9 10 11 12 13 14]] [1 [15 16 17 18 19 20 21 22 23 25 26 28 29]] [2 [30 31 32 33 34 35 36 37 38 39 40 41 42 43 44]] [3 [45 46 47 48 49 50 51 52 53 54 55 56 57 58 59]] [4 [60 61 62 63 64 65 66 67 68 69 70 71 72 73 74]] [5 [75 76 77 78 80 83 84 85 86 87 88 89]] [6 [90 91 92 93 94 95 96 97 98 99 100 101 102 103 104]] [7 [105 106 107 108 109 110 111 112 113 114 115 116 117 118 119]] [8 [120 121 122 123 124 125 126 127 128 129 130 131 132 133 134]] [9 [135 136 137 138 139 140 141 142 143 144 145 146 147 148 149]] [10 [150 151 152 153 154 155 156 157 158 159 160 161 162 163 164]] [11 [165 166 167 168 169 170 171 172 173 174 175 176 177 178 179]] [12 [180 181 182 183 184 185 186 187 188 189 190 191 192 193 194]] [13 [195 196 197 198 199 200 201 202 203 204 205 206 207 208 209]] [14 [210 211 212 213 214 215 216 217 218 219 220 221 222 223 224]] [15 [225 226 227 228 229 230 231 232 233 234 235 236 237 238 239]] [16 [240 241 242 243 244 245 246 247 248 249 250 251 252 253 254]] [17 [255 256 257 258 259 260 261 262 263 264 265 266 267 268 269]] [18 [270 271 272 273 274 275 276 277 278 279 280 281 282 283 284]] [19 [285 286 287 288 289 290 291 292 293 294 295 296 297 298 299]] [20 [300 301 302 303 304 305 306 307 309 310 311 312 313 314]] [21 [315 316 317 318 319 320 321 322 323 324 325 326 327 328 329]] [22 [330 331 332 333 334 335 336 337 338 339 340 341 342 343 344]] [23 [345 346 347 348 349 350 351 352 353 354 355 356 357 358 359]] [24 [360 361 362 363 364 365 366 367 368 369 370 371 372 373 374]] [25 [375 376 377 378 379 380 381 382 383 384 385 386 387 388 389]] [26 [390 391 392 393 394 395 396 397 398 399 400 401 402 403 404]] [27 [405 406 407 408 409 410 411 412 413 414 415 416 417 418 419]] [28 [420 421 422 423 424 425 426 427 428 429 430 431 432 433 434]] [29 [435 436 437 438 439 440 441 442 443 444 445 446 447 448 449]] [30 [450 451 452 453 454 455 456 457 458 459 460 461 462 463 464]] [31 [465 466 467 468 469 470 471 472 473 474 475 476 477 478 479]] [32 [480 481 482 483 484 485 486 487 488 489 490 491 492 493 494]] [33 [495 496 497 498 499 500 501 502 503 504 505 506 507 508 509]] [34 [510 511 512 513 514 515 516 517 519 520 521 522 523 524]] [35 [525 526 527 528 529 530 531 532 533 534 535 536 537 538 539]] [36 [540 541 542 543 544 545 546 547 548 549 550 551 552 553 554]] [37 [555 556 557 558 559 560 561 562 563 564 565 566 567 568 569]] [38 [570 571 572 573 574 575 576 577 578 579 580 581 582 583 584]] [39 [585 586 587 588 589 590 591 592 593 594 595 596 597 598 599]] [40 [600 601 602 603 604 605 606 607 608 609 610 611 612 613 614]] [41 [615 616 617 618 619 620 621 622 623 624 625 626 627 628 629]] [42 [630 631 632 633 634 635 636 637 638 639 640 641 642 643 644]] [43 [645 646 647 648 649 650 651 652 653 654 656 657 658 659]] [44 [660 661 662 663 664 665 666 667 668 669 670 671 672 673 674]] [45 [675 676 677 678 679 680 681 682 683 684 685 686 687 688 689]] [46 [690 691 692 693 694 695 696 697 698 699 700 701 702 703 704]] [47 [705 706 707 708 709 710 711 712 713 714 715 716 717 718 719]] [48 [720 721 722 723 724 725 726 727 728 729 730 731 732 733 734]] [49 [735 736 737 738 739 740 741 742 743 744 745 746 747 748 749]] [50 [750 751 752 753 754 755 756 757 758 759 760 761 762 763 764]] [51 [765 766 767 768 769 770 771 772 773 774 775 776 777 778 779]] [52 [780 781 782 783 784 785 786 787 788 789 790 791 792 793 794]] [53 [795 796 797 798 799 800 801 802 803 804 805 806 807 808 809]] [54 [810 811 812 813 814 815 816 817 818 819 820 821 822 823 824]] [55 [825 826 827 828 829 830 831 832 833 834 835 836 837 838 839]] [56 [840 841 842 843 844 845 846 847 848 849 850 851 852 853 854]] [57 [855 856 857 858 859 860 861 862 863 864 865 866 867 868 869]] [58 [870 871 872 873 874 875 876 877 878 879 880 881 882 883 884]] [59 [885 886 887 888 889 890 891 892 893 894 895 896 897 898 899]] [60 [900 901 902 903 904 905 906 907 908 909 910 911 912 913 914]] [61 [915 916 917 918 919 920 921 922 923 924 925 926 927 928 929]] [62 [930 931 932 933 934 935 936 937 938 939 940 941 942 943 944]] [63 [945 946 947 948 949 950 951 952 953 954 955 956 957 958 959]] [64 [960 961 962 963 964 965 966 967 968 969 970 971 972 973 974]] [65 [975 976 977 978 979 980 981 982 983 984 985 986 987 988 989]] [66 [990 991 992 993 994 996 997 998 999 1000 1001 1002 1003 1004]] [67 [1005 1006 1007 1008 1009 1010 1011 1012 1013 1014 1015 1016 1017 1018 1019]] [68 [1020 1022 1023 1024 1025 1026 1027 1028 1029 1030 1031 1032 1034]] [69 [1035 1036 1037 1038 1039 1040 1041 1042 1043 1044 1045 1046 1047 1048 1049]] [70 [1050 1051 1052 1053 1054 1055 1056 1057 1058 1059 1060 1061 1062 1063 1064]] [71 [1065 1066 1067 1068 1069 1070 1071 1072 1073 1074 1075 1076 1077 1078 1079]] [72 [1080 1081 1082 1083 1084 1085 1086 1087 1088 1089 1090 1091 1092 1093 1094]] [73 [1095 1096 1097 1098 1099 1100 1101 1102 1103 1104 1105 1106 1107 1108 1109]] [74 [1110 1111 1112 1113 1114 1115 1116 1117 1118 1119 1120 1121 1122 1123 1124]] [75 [1125 1126 1127 1128 1129 1130 1131 1132 1133 1134 1135 1136 1137 1138 1139]] [76 [1140 1141 1142 1143 1144 1145 1146 1147 1148 1149 1150 1151 1152 1153 1154]] [77 [1155 1156 1157 1159 1161 1162 1163 1164 1165 1166 1167 1168 1169]] [78 [1170 1171 1172 1173 1174 1175 1176 1177 1178 1179 1180 1181 1182 1183 1184]] [79 [1185 1186 1187 1188 1189 1190 1191 1192 1193 1194 1195 1196 1197 1198 1199]] [80 [1200 1201 1202 1203 1204 1205 1206 1207 1208 1209 1210 1211 1212 1213 1214]] [81 [1215 1216 1217 1218 1219 1220 1221 1222 1223 1224 1225 1226 1227 1229]] [82 [1230 1231 1232 1233 1234 1235 1236 1237 1238 1239 1240 1241 1242 1243 1244]] [83 [1245 1246 1247 1248 1249 1250 1251 1252 1253 1254 1255 1256 1257 1258 1259]] [84 [1260 1262 1263 1264 1265 1266 1267 1269 1270 1271 1272 1273 1274]] [85 [1275 1276 1277 1278 1279 1280 1281 1282 1283 1284 1285 1286 1287 1288 1289]] [86 [1290 1291 1292 1293 1294 1295 1296 1297 1298 1299 1300 1301 1302 1303 1304]] [87 [1305 1306 1307 1308 1309 1310 1311 1312 1313 1314 1315 1316 1317 1318 1319]] [88 [1320 1321 1322 1323 1324 1325 1326 1327 1328 1329 1330 1331 1332 1333 1334]] [89 [1335 1336 1337 1338 1339 1340 1341 1342 1343 1344 1345 1346 1347 1348 1349]] [90 [1350 1351 1352 1353 1354 1355 1356 1357 1358 1359 1360 1361 1362 1363 1364]] [91 [1365 1366 1367 1368 1369 1370 1371 1372 1373 1374 1375 1376 1377 1378 1379]] [92 [1380 1381 1382 1383 1384 1385 1386 1387 1388 1389 1390 1391 1392 1393 1394]] [93 [1395 1396 1397 1398 1399 1400 1401 1402 1403 1404 1405 1406 1407 1408 1409]] [94 [1410 1411 1412 1413 1414 1415 1416 1417 1418 1419 1420 1421 1422 1423 1424]] [95 [1425 1426 1427 1428 1429 1430 1431 1432 1433 1434 1435 1436 1437 1438 1439]] [96 [1440 1441 1442 1443 1444 1445 1446 1447 1448 1449 1450 1451 1452 1453 1454]] [97 [1455 1456 1457 1458 1459 1461 1462 1463 1464 1465 1466 1467 1468 1469]] [98 [1470 1471 1472 1473 1474 1475 1476 1477 1478 1479 1480 1481 1482 1483 1484]] [99 [1485 1486 1487 1488 1489 1491 1492 1493 1494 1495 1496 1497 1498 1499]]]","[[0 [0 1 2 3 4 6 7 8 9 11 12 13 14]] [1 [15 16 17 18 21 22 23 25 26 28 29]] [2 [30 32 33 34 35 37 38 39 41 42 43 44]] [3 [45 46 47 48 49 50 51 52 54 56 57 58 59]] [4 [61 62 64 65 66 67 68 69 70 71 73 74]] [5 [75 76 77 78 80 83 84 85 86 87 88 89]] [6 [90 91 93 94 95 97 98 99 100 101 103 104]] [7 [105 106 107 108 109 110 112 114 116 118 119]] [8 [121 122 123 124 125 126 127 128 131 132 133]] [9 [135 136 137 138 139 140 141 143 144 145 146 147]] [10 [150 151 152 153 154 155 156 157 158 160 162 163 164]] [11 [165 166 169 170 171 172 173 174 177 178 179]] [12 [180 181 182 183 184 185 186 187 188 189 190 191 193 194]] [13 [195 198 199 200 201 202 203 204 205 208 209]] [14 [211 212 213 214 218 221 222 223 224]] [15 [225 226 227 228 229 230 231 232 233 234 236 238 239]] [16 [241 242 244 245 247 248 249 250 251 252 253 254]] [17 [255 256 257 258 259 260 262 263 264 265 266 267 268]] [18 [272 273 275 278 279 281 282 283 284]] [19 [285 286 287 288 289 290 291 292 293 294 297 298 299]] [20 [301 302 303 304 305 306 309 310 313 314]] [21 [317 318 319 320 321 325 326 327 328 329]] [22 [330 331 332 333 334 336 337 338 339 340 341 342 343 344]] [23 [345 346 348 350 351 354 355 356 357 358 359]] [24 [360 361 362 363 364 365 366 367 368 370 372 373 374]] [25 [375 378 379 380 381 382 383 384 385 386 388 389]] [26 [390 391 392 393 394 396 397 398 399 400 401 402 404]] [27 [405 406 407 408 409 410 411 413 414 415 416 417 418 419]] [28 [420 421 422 423 424 425 426 427 429 430 431 432 433 434]] [29 [435 436 437 439 440 441 442 443 444 445 446 447 448 449]] [30 [450 451 452 453 454 455 457 458 459 461 462]] [31 [466 467 468 469 470 471 472 473 476 478 479]] [32 [480 483 484 485 486 487 488 489 490 492 493 494]] [33 [495 497 499 501 502 503 504 505 506 507 508]] [34 [510 511 512 513 514 515 516 517 520 521 523]] [35 [525 526 527 528 529 533 534 536 537 538 539]] [36 [540 541 542 543 544 546 547 548 549 550 551 552 554]] [37 [555 556 557 559 560 561 562 563 564 565 566 567 568 569]] [38 [570 571 572 573 574 575 577 578 579 581 582 583 584]] [39 [585 586 587 588 589 590 591 592 593 594 596 597 598 599]] [40 [600 601 604 605 606 608 609 610 611 612 613 614]] [41 [615 616 617 618 619 620 621 622 623 624 625 626 627 628 629]] [42 [630 632 633 635 636 637 638 639 640 642 643 644]] [43 [647 648 650 651 652 654 656 657 658 659]] [44 [660 661 663 665 666 667 669 670 671 672 674]] [45 [675 676 677 678 679 680 681 682 684 685 686 687 688 689]] [46 [690 691 692 693 694 695 696 697 698 699 700 701 703 704]] [47 [706 707 708 709 710 712 713 714 715 716 717 718 719]] [48 [720 721 722 724 725 726 727 728 729 730 731 732 733 734]] [49 [736 737 738 739 740 741 742 743 744 745 746 747 749]] [50 [751 752 753 754 755 757 762 763 764]] [51 [765 767 772 773 774 775 776 777 778 779]] [52 [780 781 782 784 785 786 788 789 790 791 792 793 794]] [53 [795 796 797 798 799 800 801 802 803 804 805 806 807 808 809]] [54 [810 811 812 813 814 815 817 819 821 822 824]] [55 [825 826 827 830 831 832 833 835 838 839]] [56 [840 843 844 845 847 848 849 850 851 852 853 854]] [57 [856 857 858 859 860 861 862 863 864 865 866 867 868 869]] [58 [870 871 872 873 874 875 877 878 880 881 882 883]] [59 [885 886 887 888 889 890 891 892 893 894 895 896 898]] [60 [900 901 902 903 904 905 906 908 909 910 911 912 914]] [61 [915 916 917 918 919 920 921 922 924 925 926 928 929]] [62 [931 932 933 934 935 936 937 938 939 943]] [63 [945 947 948 949 950 951 952 953 954 955 956 957 958 959]] [64 [960 961 962 963 964 965 966 967 968 969 971 972]] [65 [977 978 979 980 981 984 985 986 987 988 989]] [66 [991 992 993 994 996 997 998 999 1000 1001 1002 1003]] [67 [1005 1006 1007 1008 1009 1010 1011 1012 1013 1014 1015 1016 1018 1019]] [68 [1020 1022 1023 1024 1025 1026 1028 1029 1030 1031 1032 1034]] [69 [1035 1036 1037 1038 1039 1040 1042 1043 1044 1046 1047 1049]] [70 [1050 1051 1054 1055 1056 1057 1058 1061 1062 1063]] [71 [1065 1066 1068 1069 1070 1071 1073 1074 1075 1077 1078]] [72 [1080 1081 1082 1084 1085 1087 1088 1091 1092 1093 1094]] [73 [1095 1097 1098 1100 1101 1103 1104 1105 1106 1107 1108 1109]] [74 [1110 1111 1112 1115 1117 1118 1120 1121 1122 1123 1124]] [75 [1125 1126 1127 1128 1129 1130 1131 1132 1133 1134 1135 1136 1137 1138 1139]] [76 [1142 1143 1144 1145 1146 1147 1148 1149 1150 1152 1153 1154]] [77 [1155 1156 1157 1159 1161 1162 1163 1164 1165 1166 1167 1168]] [78 [1170 1171 1172 1173 1174 1175 1178 1179 1180 1181 1182 1183 1184]] [79 [1185 1186 1187 1188 1189 1190 1191 1192 1193 1194 1195 1196 1197 1198 1199]] [80 [1200 1201 1202 1203 1204 1205 1206 1207 1208 1209 1210 1211 1212 1214]] [81 [1215 1216 1217 1218 1219 1220 1221 1222 1223 1225 1226 1227 1229]] [82 [1230 1231 1232 1233 1234 1235 1237 1238 1239 1242 1243]] [83 [1245 1246 1247 1248 1250 1251 1252 1253 1254 1255 1256 1257 1258 1259]] [84 [1262 1263 1264 1265 1266 1267 1269 1271 1272 1273 1274]] [85 [1275 1276 1277 1278 1279 1280 1281 1282 1283 1284 1286 1287]] [86 [1290 1291 1292 1293 1295 1296 1297 1299 1300 1301 1303 1304]] [87 [1305 1307 1308 1309 1310 1311 1313 1315 1316 1317 1318 1319]] [88 [1320 1321 1322 1323 1324 1325 1326 1327 1328 1329 1330 1331 1332 1333 1334]] [89 [1336 1337 1338 1339 1340 1341 1342 1343 1345 1346 1347 1348 1349]] [90 [1350 1352 1353 1354 1355 1356 1357 1358 1359 1360 1361 1362 1363]] [91 [1366 1367 1368 1369 1370 1371 1372 1373 1374 1375 1376 1377 1378]] [92 [1380 1381 1382 1383 1385 1386 1387 1388 1389 1390 1391 1392 1393 1394]] [93 [1395 1396 1397 1398 1399 1400 1401 1402 1404 1405 1406 1408 1409]] [94 [1410 1412 1413 1415 1416 1417 1418 1419 1420 1421 1422 1424]] [95 [1425 1426 1428 1429 1430 1431 1432 1433 1435 1436 1437 1438 1439]] [96 [1441 1442 1443 1445 1446 1447 1448 1449 1450 1451 1452 1453 1454]] [97 [1455 1456 1457 1458 1459 1462 1463 1464 1465 1466 1467 1468 1469]] [98 [1470 1471 1472 1473 1474 1475 1476 1477 1478 1479 1480 1481 1483 1484]] [99 [1485 1486 1488 1489 1491 1492 1493 1494 1495 1496 1497 1498 1499]]]",,"[[{citizen 8} [[""A"" [4 3 3 4 4 3 2 3 4 4]]]] [{citizen 29} [[""A"" [4 4 3 2 3 4 3 2 5 4]]]] [{citizen 30} [[""A"" [3 3 2 2 3 3 4 4 5 4]]]] [{media 50} [[""A"" [4 4 4 4 4 4 4 4 4 4]]]] [{media 51} [[""A"" [3 3 3 3 3 3 3 3 3 3]]]] [{media 52} [[""A"" [4 4 4 4 4 4 4 4 4 4]]]] [{media 53} [[""A"" [3 3 3 3 3 3 3 3 3 3]]]] [{media 54} [[""A"" [4 4 4 4 4 4 4 4 4 4]]]] [{media 55} [[""A"" [5 5 5 5 5 5 5 5 5 5]]]] [{media 56} [[""A"" [3 3 3 3 3 3 3 3 3 3]]]] [{media 57} [[""A"" [3 3 3 3 3 3 3 3 3 3]]]] [{media 58} [[""A"" [4 4 4 4 4 4 4 4 4 4]]]] [{media 59} [[""A"" [2 2 2 2 2 2 2 2 2 2]]]] [{media 60} [[""A"" [5 5 5 5 5 5 5 5 5 5]]]] [{media 61} [[""A"" [3 3 3 3 3 3 3 3 3 3]]]] [{media 62} [[""A"" [2 2 2 2 2 2 2 2 2 2]]]] [{media 63} [[""A"" [4 4 4 4 4 4 4 4 4 4]]]] [{media 64} [[""A"" [2 2 2 2 2 2 2 2 2 2]]]] [{citizen 0} [[""A"" [4 4 3 3 2 2 4 3 3 5]]]] [{citizen 13} [[""A"" [4 3 3 2 2 3 4 2 4 4]]]] [{citizen 2} [[""A"" [4 4 2 2 3 4 3 2 5 4]]]] [{citizen 21} [[""A"" [4 2 2 4 3 3 4 4 5 4]]]] [{citizen 7} [[""A"" [4 2 2 2 4 3 4 4 5 4]]]] [{citizen 31} [[""A"" [5 2 2 4 3 4 4 2 3 4]]]] [{citizen 39} [[""A"" [3 3 2 2 3 3 4 4 2 4]]]] [{citizen 5} [[""A"" [3 3 4 5 3 2 2 3 3 4]]]] [{citizen 44} [[""A"" [3 4 4 4 3 2 3 4 5 4]]]] [{citizen 28} [[""A"" [4 4 3 3 2 2 2 3 4 4]]]] [{citizen 24} [[""A"" [4 4 3 2 2 2 4 3 3 5]]]] [{citizen 37} [[""A"" [5 3 2 2 3 4 4 3 5 4]]]] [{citizen 17} [[""A"" [4 4 3 3 2 3 3 2 5 4]]]] [{citizen 38} [[""A"" [5 2 2 3 4 3 4 2 5 4]]]] [{citizen 1} [[""A"" [3 2 2 2 3 3 4 3 4 4]]]] [{citizen 22} [[""A"" [4 4 3 2 2 2 3 4 3 4]]]] [{citizen 4} [[""A"" [3 4 3 2 2 3 4 3 4 4]]]] [{citizen 49} [[""A"" [4 3 4 3 4 3 3 4 3 5]]]] [{citizen 12} [[""A"" [4 3 2 3 3 4 3 4 5 4]]]] [{citizen 36} [[""A"" [3 4 3 2 2 3 4 4 5 4]]]] [{citizen 10} [[""A"" [4 3 2 2 2 3 4 3 5 4]]]] [{citizen 47} [[""A"" [2 2 2 4 3 3 3 3 5 4]]]] [{citizen 11} [[""A"" [5 2 2 3 4 4 2 3 5 4]]]] [{citizen 40} [[""A"" [4 3 4 4 3 3 2 3 3 4]]]] [{citizen 6} [[""A"" [4 4 2 2 4 3 4 3 2 4]]]] [{citizen 19} [[""A"" [2 2 2 3 4 3 4 4 5 4]]]] [{citizen 25} [[""A"" [3 4 4 3 2 2 3 3 3 4]]]] [{citizen 41} [[""A"" [4 5 4 2 3 4 4 2 3 4]]]] [{citizen 9} [[""A"" [3 3 2 2 4 3 3 4 2 4]]]] [{citizen 43} [[""A"" [3 3 2 2 3 4 3 4 4 4]]]] [{citizen 42} [[""A"" [2 2 2 4 3 4 3 4 4 5]]]] [{citizen 18} [[""A"" [4 3 4 4 3 3 2 2 3 4]]]] [{citizen 15} [[""A"" [3 2 2 4 3 4 2 4 5 4]]]] [{citizen 46} [[""A"" [4 3 2 2 3 3 4 2 4 4]]]] [{citizen 14} [[""A"" [4 3 2 2 2 4 3 3 4 4]]]] [{citizen 20} [[""A"" [3 3 2 2 4 3 4 3 5 4]]]] [{citizen 33} [[""A"" [3 2 2 4 3 4 2 4 5 4]]]] [{citizen 45} [[""A"" [4 3 4 4 2 2 2 3 4 4]]]] [{citizen 32} [[""A"" [4 3 2 2 3 4 3 4 5 4]]]] [{citizen 27} [[""A"" [3 4 4 3 2 3 4 3 3 4]]]] [{citizen 23} [[""A"" [2 2 2 4 3 4 3 2 5 4]]]] [{citizen 35} [[""A"" [4 3 2 2 4 3 3 4 5 4]]]] [{citizen 16} [[""A"" [4 3 4 4 4 3 4 4 5 4]]]] [{citizen 48} [[""A"" [4 3 2 4 3 4 3 4 5 4]]]] [{citizen 26} [[""A"" [4 4 3 3 2 2 3 3 4 4]]]] [{citizen 34} [[""A"" [2 4 3 3 4 3 2 3 5 4]]]]]"
"4","[85 0 170]","180","0.6964399076828354","-0.31192961899240984","""circle""","""""","9.9","{breed citizens}","false","0.5","1","""up""",,"[[""ID"" 4] [""alpha"" 1] [""beta"" 1] [""malleable"" [""A""]] [""prior"" []] [""cont_tokens"" []] [""A"" 4]]","[[0 [0 1 2 3 4 5 6 7 8 9 10 11 12 13 14]] [1 [15 16 17 18 19 20 21 22 23 25 26 28 29]] [2 [30 31 32 33 34 35 36 37 38 39 40 41 42 43 44]] [3 [45 46 47 48 49 50 51 52 53 54 55 56 57 58 59]] [4 [60 61 62 63 64 65 66 67 68 69 70 71 72 73 74]] [5 [75 76 77 78 80 83 84 85 86 87 88 89]] [6 [90 91 92 93 94 95 96 97 98 99 100 101 102 103 104]] [7 [105 106 107 108 109 110 111 112 113 114 115 116 117 118 119]] [8 [120 121 122 123 124 125 126 127 128 129 130 131 132 133 134]] [9 [135 136 137 138 139 140 141 142 143 144 145 146 147 148 149]] [10 [150 151 152 153 154 155 156 157 158 159 160 161 162 163 164]] [11 [165 166 167 168 169 170 171 172 173 174 175 176 177 178 179]] [12 [180 181 182 183 184 185 186 187 188 189 190 191 192 193 194]] [13 [195 196 197 198 199 200 201 202 203 204 205 206 207 208 209]] [14 [210 211 212 213 214 215 216 217 218 219 220 221 222 223 224]] [15 [225 226 227 228 229 230 231 232 233 234 235 236 237 238 239]] [16 [240 241 242 243 244 245 246 247 248 249 250 251 252 253 254]] [17 [255 256 257 258 259 260 261 262 263 264 265 266 267 268 269]] [18 [270 271 272 273 274 275 276 277 278 279 280 281 282 283 284]] [19 [285 286 287 288 289 290 291 292 293 294 295 296 297 298 299]] [20 [300 301 302 303 304 305 306 307 309 310 311 312 313 314]] [21 [315 316 317 318 319 320 321 322 323 324 325 326 327 328 329]] [22 [330 331 332 333 334 335 336 337 338 339 340 341 342 343 344]] [23 [345 346 347 348 349 350 351 352 353 354 355 356 357 358 359]] [24 [360 361 362 363 364 365 366 367 368 369 370 371 372 373 374]] [25 [375 376 377 378 379 380 381 382 383 384 385 386 387 388 389]] [26 [390 391 392 393 394 395 396 397 398 399 400 401 402 403 404]] [27 [405 406 407 408 409 410 411 412 413 414 415 416 417 418 419]] [28 [420 421 422 423 424 425 426 427 428 429 430 431 432 433 434]] [29 [435 436 437 438 439 440 441 442 443 444 445 446 447 448 449]] [30 [450 451 452 453 454 455 456 457 458 459 460 461 462 463 464]] [31 [465 466 467 468 469 470 471 472 473 474 475 476 477 478 479]] [32 [480 481 482 483 484 485 486 487 488 489 490 491 492 493 494]] [33 [495 496 497 498 499 500 501 502 503 504 505 506 507 508 509]] [34 [510 511 512 513 514 515 516 517 519 520 521 522 523 524]] [35 [525 526 527 528 529 530 531 532 533 534 535 536 537 538 539]] [36 [540 541 542 543 544 545 546 547 548 549 550 551 552 553 554]] [37 [555 556 557 558 559 560 561 562 563 564 565 566 567 568 569]] [38 [570 571 572 573 574 575 576 577 578 579 580 581 582 583 584]] [39 [585 586 587 588 589 590 591 592 593 594 595 596 597 598 599]] [40 [600 601 602 603 604 605 606 607 608 609 610 611 612 613 614]] [41 [615 616 617 618 619 620 621 622 623 624 625 626 627 628 629]] [42 [630 631 632 633 634 635 636 637 638 639 640 641 642 643 644]] [43 [645 646 647 648 649 650 651 652 653 654 656 657 658 659]] [44 [660 661 662 663 664 665 666 667 668 669 670 671 672 673 674]] [45 [675 676 677 678 679 680 681 682 683 684 685 686 687 688 689]] [46 [690 691 692 693 694 695 696 697 698 699 700 701 702 703 704]] [47 [705 706 707 708 709 710 711 712 713 714 715 716 717 718 719]] [48 [720 721 722 723 724 725 726 727 728 729 730 731 732 733 734]] [49 [735 736 737 738 739 740 741 742 743 744 745 746 747 748 749]] [50 [750 751 752 753 754 755 756 757 758 759 760 761 762 763 764]] [51 [765 766 767 768 769 770 771 772 773 774 775 776 777 778 779]] [52 [780 781 782 783 784 785 786 787 788 789 790 791 792 793 794]] [53 [795 796 797 798 799 800 801 802 803 804 805 806 807 808 809]] [54 [810 811 812 813 814 815 816 817 818 819 820 821 822 823 824]] [55 [825 826 827 828 829 830 831 832 833 834 835 836 837 838 839]] [56 [840 841 842 843 844 845 846 847 848 849 850 851 852 853 854]] [57 [855 856 857 858 859 860 861 862 863 864 865 866 867 868 869]] [58 [870 871 872 873 874 875 876 877 878 879 880 881 882 883 884]] [59 [885 886 887 888 889 890 891 892 893 894 895 896 897 898 899]] [60 [900 901 902 903 904 905 906 907 908 909 910 911 912 913 914]] [61 [915 916 917 918 919 920 921 922 923 924 925 926 927 928 929]] [62 [930 931 932 933 934 935 936 937 938 939 940 941 942 943 944]] [63 [945 946 947 948 949 950 951 952 953 954 955 956 957 958 959]] [64 [960 961 962 963 964 965 966 967 968 969 970 971 972 973 974]] [65 [975 976 977 978 979 980 981 982 983 984 985 986 987 988 989]] [66 [990 991 992 993 994 996 997 998 999 1000 1001 1002 1003 1004]] [67 [1005 1006 1007 1008 1009 1010 1011 1012 1013 1014 1015 1016 1017 1018 1019]] [68 [1020 1022 1023 1024 1025 1026 1027 1028 1029 1030 1031 1032 1034]] [69 [1035 1036 1037 1038 1039 1040 1041 1042 1043 1044 1045 1046 1047 1048 1049]] [70 [1050 1051 1052 1053 1054 1055 1056 1057 1058 1059 1060 1061 1062 1063 1064]] [71 [1065 1066 1067 1068 1069 1070 1071 1072 1073 1074 1075 1076 1077 1078 1079]] [72 [1080 1081 1082 1083 1084 1085 1086 1087 1088 1089 1090 1091 1092 1093 1094]] [73 [1095 1096 1097 1098 1099 1100 1101 1102 1103 1104 1105 1106 1107 1108 1109]] [74 [1110 1111 1112 1113 1114 1115 1116 1117 1118 1119 1120 1121 1122 1123 1124]] [75 [1125 1126 1127 1128 1129 1130 1131 1132 1133 1134 1135 1136 1137 1138 1139]] [76 [1140 1141 1142 1143 1144 1145 1146 1147 1148 1149 1150 1151 1152 1153 1154]] [77 [1155 1156 1157 1159 1161 1162 1163 1164 1165 1166 1167 1168 1169]] [78 [1170 1171 1172 1173 1174 1175 1176 1177 1178 1179 1180 1181 1182 1183 1184]] [79 [1185 1186 1187 1188 1189 1190 1191 1192 1193 1194 1195 1196 1197 1198 1199]] [80 [1200 1201 1202 1203 1204 1205 1206 1207 1208 1209 1210 1211 1212 1213 1214]] [81 [1215 1216 1217 1218 1219 1220 1221 1222 1223 1224 1225 1226 1227 1229]] [82 [1230 1231 1232 1233 1234 1235 1236 1237 1238 1239 1240 1241 1242 1243 1244]] [83 [1245 1246 1247 1248 1249 1250 1251 1252 1253 1254 1255 1256 1257 1258 1259]] [84 [1260 1262 1263 1264 1265 1266 1267 1269 1270 1271 1272 1273 1274]] [85 [1275 1276 1277 1278 1279 1280 1281 1282 1283 1284 1285 1286 1287 1288 1289]] [86 [1290 1291 1292 1293 1294 1295 1296 1297 1299 1300 1301 1302 1303 1304]] [87 [1305 1306 1307 1308 1309 1310 1311 1312 1313 1314 1315 1316 1317 1318 1319]] [88 [1320 1321 1322 1323 1324 1325 1326 1327 1328 1329 1330 1331 1332 1333 1334]] [89 [1335 1336 1337 1338 1339 1340 1341 1342 1343 1344 1345 1346 1347 1348 1349]] [90 [1350 1351 1352 1353 1354 1355 1356 1357 1358 1359 1360 1361 1362 1363 1364]] [91 [1365 1366 1367 1368 1369 1370 1371 1372 1373 1374 1375 1376 1377 1378 1379]] [92 [1380 1381 1382 1383 1384 1385 1386 1387 1388 1389 1390 1391 1392 1393 1394]] [93 [1395 1396 1397 1398 1399 1400 1401 1402 1403 1404 1405 1406 1407 1408 1409]] [94 [1410 1411 1412 1413 1414 1415 1416 1417 1418 1419 1420 1421 1422 1423 1424]] [95 [1425 1426 1427 1428 1429 1430 1431 1432 1433 1434 1435 1436 1437 1438 1439]] [96 [1440 1441 1442 1443 1444 1445 1446 1447 1448 1449 1450 1451 1452 1453 1454]] [97 [1455 1456 1457 1458 1459 1461 1462 1463 1464 1465 1466 1467 1468 1469]] [98 [1470 1471 1472 1473 1474 1475 1476 1477 1478 1479 1480 1481 1482 1483 1484]] [99 [1485 1486 1487 1488 1489 1491 1492 1493 1494 1495 1496 1497 1498 1499]]]","[[0 [1 2 3 4 6 7 8 9 11 12 13 14]] [1 [15 16 17 18 19 20 21 22 23 25 26 28 29]] [2 [31 33 34 35 37 38 39 41 42 43 44]] [3 [45 46 47 48 49 50 51 52 53 55 57 58 59]] [4 [61 62 63 65 66 67 68 69 70 71 73 74]] [5 [75 76 77 78 80 83 84 86 87 88 89]] [6 [90 91 93 94 95 98 99 100 102 103 104]] [7 [105 106 107 108 109 110 111 113 114 115 116 118]] [8 [120 121 122 123 124 125 126 127 128 131 132 134]] [9 [135 136 137 138 139 142 143 144 145 146 147 148 149]] [10 [150 151 153 154 155 157 158 159 161]] [11 [165 166 169 170 171 172 173 174 177 178 179]] [12 [180 181 182 183 186 187 188 189 190 191 192 193 194]] [13 [195 196 197 198 199 200 201 202 203 204 205 208 209]] [14 [210 212 213 214 215 216 217 219 220 221 222 223 224]] [15 [225 226 227 228 229 230 231 232 233 235 237 238 239]] [16 [240 241 242 244 245 247 248 252 253 254]] [17 [255 256 257 258 259 260 262 263 264 265 266 267 268]] [18 [270 271 272 273 274 275 279 280 282 284]] [19 [285 286 289 290 291 292 293 294 297 298 299]] [20 [300 301 302 303 304 305 306 309 310 311 312 313 314]] [21 [318 319 320 321 324 325 326 327 328 329]] [22 [330 331 332 333 334 336 337 338 339 340 341 342 343 344]] [23 [345 346 347 348 349 352 353 354 355 356 357 358 359]] [24 [360 361 362 363 364 365 366 367 368 369 370 371 372 373 374]] [25 [375 377 378 379 381 382 383 384 385 386 387 388 389]] [26 [390 391 392 393 395 398 399 400 401 402 403 404]] [27 [405 406 407 408 409 410 411 412 413 414 415 416 417 418 419]] [28 [420 422 424 425 426 427 429 430 431 432 433 434]] [29 [435 436 437 440 441 442 443 444 445 446 447 448 449]] [30 [450 451 452 453 456 457 458 459 461 462]] [31 [466 467 468 469 470 471 472 473 476 477 478 479]] [32 [480 481 482 484 486 488 489 490 491 492 493 494]] [33 [495 497 499 500 501 502 503 504 505 506 507 508]] [34 [510 511 512 513 514 515 516 517 520 521 522 524]] [35 [526 527 528 529 531 532 533 534 536 537 538 539]] [36 [541 542 543 544 546 547 548 549 550 551 552 553 554]] [37 [555 556 557 558 559 560 561 562 563 564 565 566 567 568 569]] [38 [570 572 573 574 575 576 577 578 579 581 582 583 584]] [39 [585 586 587 588 589 590 592 593 594 595 598 599]] [40 [600 601 603 604 605 606 608 609 610 613 614]] [41 [615 616 617 618 619 620 621 622 623 628 629]] [42 [630 632 633 634 635 636 637 639 640 642 643 644]] [43 [645 646 647 648 649 651 652 654 656 657 658 659]] [44 [660 661 663 665 667 669 670 671 672 674]] [45 [675 676 677 678 679 680 681 682 684 685 689]] [46 [690 691 692 693 694 695 696 697 698 699 700 701 703]] [47 [706 707 708 711 712 713 715 716 717 718 719]] [48 [720 722 723 725 726 727 728 730 731 732 733 734]] [49 [735 736 737 738 739 740 741 742 743 744 745 746 748]] [50 [750 752 753 754 755 757 762 763 764]] [51 [765 766 767 769 770 771 772 773 774 775 776 777 778 779]] [52 [780 781 782 784 785 786 788 789 790 791 792 793 794]] [53 [795 796 797 798 799 800 801 802 803 804 805 806 808 809]] [54 [810 811 812 813 814 815 816 817 819 821 823 824]] [55 [825 826 827 829 830 831 832 833 835 837 838 839]] [56 [841 842 843 844 845 847 848 849 850 851 852 853 854]] [57 [855 858 859 861 862 863 864 865 866 867 868 869]] [58 [870 871 872 873 874 876 877 878 880 881 882 883]] [59 [885 886 887 888 889 890 891 892 893 894 895 896 897 899]] [60 [902 903 904 905 906 907 908 909 910 911 912 914]] [61 [915 916 917 918 919 920 923 924 925 926 927 928 929]] [62 [931 932 933 934 935 936 937 938 940 941 942 944]] [63 [946 947 948 949 950 952 954 955 957 958 959]] [64 [960 961 962 963 964 965 968 969 971 972]] [65 [975 976 977 978 979 980 981 987 988 989]] [66 [991 992 993 994 996 997 998 999 1002 1003]] [67 [1005 1006 1007 1008 1009 1010 1011 1013 1014 1015 1016 1018 1019]] [68 [1020 1022 1023 1024 1025 1026 1027 1028 1029 1030 1031 1032 1034]] [69 [1035 1036 1037 1039 1040 1041 1042 1043 1044 1046 1047 1049]] [70 [1050 1051 1052 1053 1054 1055 1056 1057 1058 1061 1062 1063]] [71 [1065 1066 1067 1068 1069 1070 1072 1073 1074 1075 1077 1078 1079]] [72 [1081 1082 1084 1085 1087 1088 1089 1091 1092 1093 1094]] [73 [1095 1096 1097 1098 1100 1101 1102 1105 1106 1107 1108 1109]] [74 [1110 1111 1112 1114 1115 1116 1118 1119 1121 1122 1123 1124]] [75 [1125 1126 1127 1128 1129 1130 1131 1132 1133 1134 1136 1137 1138 1139]] [76 [1141 1142 1143 1144 1145 1146 1147 1148 1149 1150 1153 1154]] [77 [1156 1157 1159 1161 1162 1163 1164 1165 1166 1167 1168]] [78 [1170 1171 1172 1174 1175 1176 1177 1178 1179 1180 1181 1182 1183 1184]] [79 [1185 1186 1187 1190 1192 1193 1194 1195 1196 1197 1198 1199]] [80 [1200 1201 1202 1203 1204 1205 1206 1207 1208 1209 1210 1211 1212 1214]] [81 [1216 1217 1221 1222 1224 1225 1226 1227 1229]] [82 [1230 1231 1232 1233 1234 1235 1237 1238 1239 1242 1243 1244]] [83 [1245 1246 1247 1249 1250 1251 1252 1253 1254 1255 1256 1257 1258 1259]] [84 [1262 1263 1265 1266 1267 1270 1271 1272 1273 1274]] [85 [1275 1276 1277 1278 1279 1280 1281 1282 1283 1284 1285 1286 1287 1288 1289]] [86 [1292 1293 1295 1296 1297 1299 1300 1301]] [87 [1305 1309 1310 1311 1312 1314 1316 1317 1318 1319]] [88 [1320 1321 1325 1326 1327 1328 1329 1331 1332 1333]] [89 [1335 1339 1340 1341 1342 1343 1345 1347 1348 1349]] [90 [1350 1352 1353 1354 1357 1358 1359 1360 1361 1362 1363]] [91 [1366 1367 1368 1370 1371 1372 1373 1374 1375 1376 1379]] [92 [1380 1381 1383 1385 1388 1389 1390 1391 1392 1393 1394]] [93 [1395 1396 1397 1398 1401 1402 1403 1404 1406 1408 1409]] [94 [1410 1411 1412 1413 1415 1416 1417 1418 1419 1420 1421 1422 1424]] [95 [1425 1426 1428 1429 1430 1431 1432 1433 1434 1436 1437 1438 1439]] [96 [1440 1442 1444 1445 1446 1447 1448 1449 1450 1451 1452 1453 1454]] [97 [1455 1457 1458 1459 1462 1463 1464 1465 1466 1467 1468 1469]] [98 [1470 1471 1472 1473 1474 1475 1476 1477 1478 1479 1480 1482 1483 1484]] [99 [1485 1486 1488 1489 1491 1492 1493 1494 1496 1497 1499]]]",,"[[{citizen 7} [[""A"" [4 5 3 2 2 3 4 4 4 5]]]] [{citizen 9} [[""A"" [4 3 3 2 2 4 3 3 4 2]]]] [{citizen 11} [[""A"" [3 5 2 2 2 3 3 4 4 5]]]] [{citizen 12} [[""A"" [5 2 2 3 3 3 4 3 4 5]]]] [{citizen 13} [[""A"" [3 3 3 2 2 3 4 4 2 4]]]] [{citizen 14} [[""A"" [3 3 2 2 4 3 3 4 3 4]]]] [{citizen 16} [[""A"" [4 5 4 3 5 3 4 4 4 5]]]] [{citizen 20} [[""A"" [4 4 4 3 3 2 3 3 4 5]]]] [{citizen 21} [[""A"" [5 4 3 2 2 3 4 4 4 5]]]] [{citizen 22} [[""A"" [4 4 3 2 2 3 4 3 4 5]]]] [{citizen 23} [[""A"" [5 2 2 4 3 4 3 4 2 5]]]] [{citizen 28} [[""A"" [5 4 3 3 2 2 3 4 4 5]]]] [{citizen 32} [[""A"" [4 3 5 3 2 3 3 4 3 5]]]] [{citizen 35} [[""A"" [4 3 4 3 2 2 4 3 4 5]]]] [{citizen 36} [[""A"" [3 4 3 4 2 3 3 4 4 5]]]] [{citizen 41} [[""A"" [4 3 2 3 5 4 2 4 4 3]]]] [{citizen 47} [[""A"" [4 4 3 3 2 2 3 3 4 5]]]] [{citizen 48} [[""A"" [5 4 3 3 2 3 4 4 3 5]]]] [{media 50} [[""A"" [4 4 4 4 4 4 4 4 4 4]]]] [{media 51} [[""A"" [3 3 3 3 3 3 3 3 3 3]]]] [{media 52} [[""A"" [4 4 4 4 4 4 4 4 4 4]]]] [{media 53} [[""A"" [3 3 3 3 3 3 3 3 3 3]]]] [{media 54} [[""A"" [4 4 4 4 4 4 4 4 4 4]]]] [{media 56} [[""A"" [3 3 3 3 3 3 3 3 3 3]]]] [{media 57} [[""A"" [3 3 3 3 3 3 3 3 3 3]]]] [{media 58} [[""A"" [4 4 4 4 4 4 4 4 4 4]]]] [{media 59} [[""A"" [2 2 2 2 2 2 2 2 2 2]]]] [{media 61} [[""A"" [3 3 3 3 3 3 3 3 3 3]]]] [{media 62} [[""A"" [2 2 2 2 2 2 2 2 2 2]]]] [{media 63} [[""A"" [4 4 4 4 4 4 4 4 4 4]]]] [{media 64} [[""A"" [2 2 2 2 2 2 2 2 2 2]]]] [{media 60} [[""A"" [5 5 5 5 5 5 5 5 5 5]]]] [{citizen 1} [[""A"" [3 3 2 2 3 3 4 4 3 4]]]] [{citizen 0} [[""A"" [4 3 3 3 2 3 3 4 3 5]]]] [{media 55} [[""A"" [5 5 5 5 5 5 5 5 5 5]]]] [{citizen 2} [[""A"" [4 3 5 4 3 2 3 4 3 5]]]] [{citizen 31} [[""A"" [4 5 3 2 4 3 4 4 2 3]]]] [{citizen 39} [[""A"" [4 3 3 2 2 3 3 4 4 5]]]] [{citizen 5} [[""A"" [5 3 3 2 2 3 3 3 4 5]]]] [{citizen 44} [[""A"" [4 4 5 4 3 2 3 4 4 5]]]] [{citizen 24} [[""A"" [5 4 5 3 2 2 3 4 3 5]]]] [{citizen 37} [[""A"" [3 5 3 2 2 3 4 4 3 5]]]] [{citizen 17} [[""A"" [4 4 3 3 3 2 3 3 4 5]]]] [{citizen 30} [[""A"" [3 2 2 3 3 4 3 4 4 5]]]] [{citizen 3} [[""A"" [4 3 5 3 2 3 3 3 4 5]]]] [{citizen 27} [[""A"" [4 2 3 4 4 3 2 3 3 3]]]] [{citizen 49} [[""A"" [4 3 4 3 2 3 4 3 4 5]]]] [{citizen 8} [[""A"" [3 3 5 4 3 3 2 3 4 5]]]] [{citizen 33} [[""A"" [4 3 3 3 2 2 3 4 4 5]]]] [{citizen 38} [[""A"" [4 5 4 3 5 2 3 4 2 5]]]] [{citizen 42} [[""A"" [4 3 3 2 2 4 3 3 4 5]]]] [{citizen 19} [[""A"" [4 3 2 2 3 4 3 4 4 5]]]] [{citizen 25} [[""A"" [2 4 4 3 3 3 3 4 3 5]]]] [{citizen 6} [[""A"" [4 4 3 2 3 3 4 3 4 5]]]] [{citizen 15} [[""A"" [4 5 4 3 5 3 2 2 2 5]]]] [{citizen 10} [[""A"" [4 3 3 2 2 3 4 3 4 5]]]] [{citizen 46} [[""A"" [3 4 3 2 2 3 3 4 4 5]]]] [{citizen 43} [[""A"" [3 3 2 2 3 4 3 4 4 5]]]] [{citizen 45} [[""A"" [5 4 3 3 2 2 3 4 3 4]]]] [{citizen 18} [[""A"" [2 3 4 3 4 3 3 2 3 4]]]] [{citizen 29} [[""A"" [4 3 3 2 2 3 4 3 4 5]]]] [{citizen 26} [[""A"" [4 5 4 3 3 2 3 3 4 5]]]] [{citizen 34} [[""A"" [3 3 2 4 3 3 4 3 3 5]]]] [{citizen 40} [[""A"" [3 4 4 4 4 3 3 2 3 5]]]]]"
"5","[85 0 170]","12.122448979591836","2.87539498941733","13.84797779052874","""circle""","""""","9.9","{breed citizens}","false","0.5","1","""up""",,"[[""ID"" 5] [""alpha"" 1] [""beta"" 1] [""malleable"" [""A""]] [""prior"" []] [""cont_tokens"" []] [""A"" 4]]","[[0 [0 1 2 3 4 5 6 7 8 9 10 11 12 13 14]] [1 [15 16 17 18 19 20 21 22 23 25 26 28 29]] [2 [30 31 32 33 34 35 36 37 38 39 40 41 42 43 44]] [3 [45 46 47 48 49 50 51 52 53 54 55 56 57 58 59]] [4 [60 61 62 63 64 65 66 67 68 69 70 71 72 73 74]] [5 [75 76 77 78 80 83 84 85 86 87 88 89]] [6 [90 91 92 93 94 95 96 97 98 99 100 101 102 103 104]] [7 [105 106 107 108 109 110 111 112 113 114 115 116 117 118 119]] [8 [120 121 122 123 124 125 126 127 128 129 130 131 132 133 134]] [9 [135 136 137 138 139 140 141 142 143 144 145 146 147 148 149]] [10 [150 151 152 153 154 155 156 157 158 159 160 161 162 163 164]] [11 [165 166 167 168 169 170 171 172 173 174 175 176 177 178 179]] [12 [180 181 182 183 184 185 186 187 188 189 190 191 192 193 194]] [13 [195 196 197 198 199 200 201 202 203 204 205 206 207 208 209]] [14 [210 211 212 213 214 215 216 217 218 219 220 221 222 223 224]] [15 [225 226 227 228 229 230 231 232 233 234 235 236 237 238 239]] [16 [240 241 242 243 244 245 246 247 248 249 250 251 252 253 254]] [17 [255 256 257 258 259 260 261 262 263 264 265 266 267 268 269]] [18 [270 271 272 273 274 275 276 277 278 279 280 281 282 283 284]] [19 [285 286 287 288 289 290 291 292 293 294 295 296 297 298 299]] [20 [300 301 302 303 304 305 306 307 309 310 311 312 313 314]] [21 [315 316 317 318 319 320 321 322 323 324 325 326 327 328 329]] [22 [330 331 332 333 334 335 336 337 338 339 340 341 342 343 344]] [23 [345 346 347 348 349 350 351 352 353 354 355 356 357 358 359]] [24 [360 361 362 363 364 365 366 367 368 369 370 371 372 373 374]] [25 [375 376 377 378 379 380 381 382 383 384 385 386 387 388 389]] [26 [390 391 392 393 394 395 396 397 398 399 400 401 402 403 404]] [27 [405 406 407 408 409 410 411 412 413 414 415 416 417 418 419]] [28 [420 421 422 423 424 425 426 427 428 429 430 431 432 433 434]] [29 [435 436 437 438 439 440 441 442 443 444 445 446 447 448 449]] [30 [450 451 452 453 454 455 456 457 458 459 460 461 462 463 464]] [31 [465 466 467 468 469 470 471 472 473 474 475 476 477 478 479]] [32 [480 481 482 483 484 485 486 487 488 489 490 491 492 493 494]] [33 [495 496 497 498 499 500 501 502 503 504 505 506 507 508 509]] [34 [510 511 512 513 514 515 516 517 519 520 521 522 523 524]] [35 [525 526 527 528 529 530 531 532 533 534 535 536 537 538 539]] [36 [540 541 542 543 544 545 546 547 548 549 550 551 552 553 554]] [37 [555 556 557 558 559 560 561 562 563 564 565 566 567 568 569]] [38 [570 571 572 573 574 575 576 577 578 579 580 581 582 583 584]] [39 [585 586 587 588 589 590 591 592 593 594 595 596 597 598 599]] [40 [600 601 602 603 604 605 606 607 608 609 610 611 612 613 614]] [41 [615 616 617 618 619 620 621 622 623 624 625 626 627 628 629]] [42 [630 631 632 633 634 635 636 637 638 639 640 641 642 643 644]] [43 [645 646 647 648 649 650 651 652 653 654 656 657 658 659]] [44 [660 661 662 663 664 665 666 667 668 669 670 671 672 673 674]] [45 [675 676 677 678 679 680 681 682 683 684 685 686 687 688 689]] [46 [690 691 692 693 694 695 696 697 698 699 700 701 702 703 704]] [47 [705 706 707 708 709 710 711 712 713 714 715 716 717 718 719]] [48 [720 721 722 723 724 725 726 727 728 729 730 731 732 733 734]] [49 [735 736 737 738 739 740 741 742 743 744 745 746 747 748 749]] [50 [750 751 752 753 754 755 756 757 758 759 760 761 762 763 764]] [51 [765 766 767 768 769 770 771 772 773 774 775 776 777 778 779]] [52 [780 781 782 783 784 785 786 787 788 789 790 791 792 793 794]] [53 [795 796 797 798 799 800 801 802 803 804 805 806 807 808 809]] [54 [810 811 812 813 814 815 816 817 818 819 820 821 822 823 824]] [55 [825 826 827 828 829 830 831 832 833 834 835 836 837 838 839]] [56 [840 841 842 843 844 845 846 847 848 849 850 851 852 853 854]] [57 [855 856 857 858 859 860 861 862 863 864 865 866 867 868 869]] [58 [870 871 872 873 874 875 876 877 878 879 880 881 882 883 884]] [59 [885 886 887 888 889 890 891 892 893 894 895 896 897 898 899]] [60 [900 901 902 903 904 905 906 907 908 909 910 911 912 913 914]] [61 [915 916 917 918 919 920 921 922 923 924 925 926 927 928 929]] [62 [930 931 932 933 934 935 936 937 938 939 940 941 942 943 944]] [63 [945 946 947 948 949 950 951 952 953 954 955 956 957 958 959]] [64 [960 961 962 963 964 965 966 967 968 969 970 971 972 973 974]] [65 [975 976 977 978 979 980 981 984 985 986 987 988 989]] [66 [990 991 992 993 994 996 997 998 999 1000 1001 1002 1003 1004]] [67 [1005 1006 1007 1008 1009 1010 1011 1012 1013 1014 1015 1016 1017 1018 1019]] [68 [1020 1022 1023 1024 1025 1026 1027 1028 1029 1030 1031 1032 1034]] [69 [1035 1036 1037 1038 1039 1040 1041 1042 1043 1044 1045 1046 1047 1048 1049]] [70 [1050 1051 1052 1053 1054 1055 1056 1057 1058 1059 1060 1061 1062 1063 1064]] [71 [1065 1066 1067 1068 1069 1070 1071 1072 1073 1074 1075 1076 1077 1078 1079]] [72 [1080 1081 1082 1083 1084 1085 1086 1087 1088 1089 1090 1091 1092 1093 1094]] [73 [1095 1096 1097 1098 1099 1100 1101 1102 1103 1104 1105 1106 1107 1108 1109]] [74 [1110 1111 1112 1113 1114 1115 1116 1117 1118 1119 1120 1121 1122 1123 1124]] [75 [1125 1126 1127 1128 1129 1130 1131 1132 1133 1134 1135 1136 1137 1138 1139]] [76 [1140 1141 1142 1143 1144 1145 1146 1147 1148 1149 1150 1151 1152 1153 1154]] [77 [1155 1156 1157 1159 1161 1162 1163 1164 1165 1166 1167 1168 1169]] [78 [1170 1171 1172 1173 1174 1175 1176 1177 1178 1179 1180 1181 1182 1183 1184]] [79 [1185 1186 1187 1188 1189 1190 1191 1192 1193 1194 1195 1196 1197 1198 1199]] [80 [1200 1201 1202 1203 1204 1205 1206 1207 1208 1209 1210 1211 1212 1213 1214]] [81 [1215 1216 1217 1218 1219 1220 1221 1222 1223 1224 1225 1226 1227 1228 1229]] [82 [1230 1231 1232 1233 1234 1235 1236 1237 1238 1239 1240 1241 1242 1243 1244]] [83 [1245 1246 1247 1248 1249 1250 1251 1252 1253 1254 1255 1256 1257 1258 1259]] [84 [1260 1262 1263 1264 1265 1266 1267 1269 1270 1271 1272 1273 1274]] [85 [1275 1276 1277 1278 1279 1280 1281 1282 1283 1284 1285 1286 1287 1288 1289]] [86 [1290 1291 1292 1293 1294 1295 1296 1297 1299 1300 1301 1302 1303 1304]] [87 [1305 1306 1307 1308 1309 1310 1311 1312 1313 1314 1315 1316 1317 1318 1319]] [88 [1320 1321 1322 1323 1324 1325 1326 1327 1328 1329 1330 1331 1332 1333 1334]] [89 [1335 1336 1337 1338 1339 1340 1341 1342 1343 1344 1345 1346 1347 1348 1349]] [90 [1350 1351 1352 1353 1354 1355 1356 1357 1358 1359 1360 1361 1362 1363 1364]] [91 [1365 1366 1367 1368 1369 1370 1371 1372 1373 1374 1375 1376 1377 1378 1379]] [92 [1380 1381 1382 1383 1384 1385 1386 1387 1388 1389 1390 1391 1392 1393 1394]] [93 [1395 1396 1397 1398 1399 1400 1401 1402 1403 1404 1405 1406 1407 1408 1409]] [94 [1410 1411 1412 1413 1414 1415 1416 1417 1418 1419 1420 1421 1422 1423 1424]] [95 [1425 1426 1427 1428 1429 1430 1431 1432 1433 1434 1435 1436 1437 1438 1439]] [96 [1440 1441 1442 1443 1444 1445 1446 1447 1448 1449 1450 1451 1452 1453 1454]] [97 [1455 1456 1457 1458 1459 1461 1462 1463 1464 1465 1466 1467 1468 1469]] [98 [1470 1471 1472 1473 1474 1475 1476 1477 1478 1479 1480 1481 1482 1483 1484]] [99 [1485 1486 1487 1488 1489 1491 1492 1493 1494 1495 1496 1497 1498 1499]]]","[[0 [1 2 3 4 5 7 8 9 11 12 13 14]] [1 [15 16 17 18 19 20 21 22 23 25 26 28 29]] [2 [30 32 34 35 36 37 38 39 40 41 42 43 44]] [3 [45 46 47 48 49 50 51 52 54 55 56 57 58]] [4 [60 61 62 63 64 65 66 67 68 69 70 71 72 73 74]] [5 [75 76 77 78 80 83 84 86 87 88 89]] [6 [90 91 93 94 95 97 98 99 100 102 103 104]] [7 [105 106 107 108 109 110 112 114 115 116 117]] [8 [120 121 122 123 124 125 126 127 128 131 132 133]] [9 [135 136 137 139 140 141 142 143 144 145 146 147 148 149]] [10 [150 151 152 154 156 157 158 159 160 161 163 164]] [11 [165 167 168 169 170 171 172 173 174 175 176 177 178 179]] [12 [180 181 182 183 185 186 187 188 189 190 191 193 194]] [13 [195 196 197 198 199 200 201 202 205 208 209]] [14 [211 212 213 214 215 216 217 219 220 221 222 223 224]] [15 [225 226 227 228 229 230 231 232 233 234 236 238 239]] [16 [240 241 242 244 245 246 247 248 250 251 252 253 254]] [17 [255 256 257 258 259 260 261 262 263 264 265 266 267 268 269]] [18 [270 271 274 275 277 278 279 281 282 284]] [19 [285 286 289 290 291 292 293 294 295 296 298 299]] [20 [300 302 303 304 305 306 309 310 311 312 313 314]] [21 [315 316 317 318 319 320 321 324 325 326 327 328 329]] [22 [330 331 332 333 334 336 337 339 340 341 342 343 344]] [23 [345 346 347 348 350 351 355 356 357 358 359]] [24 [360 361 362 363 364 365 366 367 368 369 370 371 372 373 374]] [25 [375 377 378 379 380 381 382 383 384 385 386 388 389]] [26 [391 392 393 394 396 397 398 399 400 401 402 403 404]] [27 [405 406 407 408 409 410 411 413 414 415 416 417 418]] [28 [420 421 422 423 424 425 426 427 429 430 431 432 433 434]] [29 [435 436 437 439 440 441 442 443 444 445 446 447 448]] [30 [450 451 452 453 454 455 457 458 459 460 461 462 464]] [31 [465 466 467 468 469 470 471 472 473 474 475 477 478 479]] [32 [480 483 484 485 486 487 490 492 493 494]] [33 [495 497 499 500 501 502 503 504 505 507 508]] [34 [510 511 512 513 514 515 516 517 520 521 522 524]] [35 [525 526 527 528 529 532 534 535 536 537 538 539]] [36 [540 541 542 543 544 545 546 547 548 549 550 551 552 554]] [37 [555 556 557 558 559 560 561 562 563 564 565 566 567 568 569]] [38 [570 572 573 574 575 577 578 579 581 582 583 584]] [39 [585 586 587 588 589 590 592 593 594 596 597 598 599]] [40 [600 601 604 605 607 608 609 610 611 612 613 614]] [41 [615 616 617 618 619 620 622 623 625 626 627 629]] [42 [630 632 633 634 635 636 637 638 640 641 642 643 644]] [43 [645 646 649 650 651 652 653 654 656 657 658]] [44 [660 661 662 663 664 665 666 667 668 669 670 671 672 673 674]] [45 [675 676 677 678 679 680 681 682 683 686 687 688 689]] [46 [690 691 694 695 696 697 698 699 700 701 702 703]] [47 [705 706 707 708 711 712 713 714 715 716 717 718 719]] [48 [720 721 722 724 725 726 729 730 731 732 733 734]] [49 [735 736 737 738 739 740 742 743 744 745 747 749]] [50 [751 752 753 754 755 758 759 760 761 762 763 764]] [51 [765 766 767 772 773 774 775 776 777 778 779]] [52 [780 781 782 785 786 787 788 789 790 791 792 793 794]] [53 [795 796 797 798 799 800 801 802 803 804 805 806 807 808 809]] [54 [810 811 812 813 814 815 817 819 821 822 823 824]] [55 [825 826 827 828 829 830 831 832 833 834 835 838 839]] [56 [841 842 845 847 848 849 851 852 853 854]] [57 [855 856 857 858 859 860 861 862 863 864 865 866 867 868 869]] [58 [870 871 872 873 874 875 877 878 880 881 882 884]] [59 [887 888 889 890 891 892 893 896 898]] [60 [900 901 902 903 904 906 907 908 909 910 911 912 914]] [61 [915 916 917 918 919 920 921 922 924 925 926 927]] [62 [930 931 932 933 934 935 936 937 938 939 943 944]] [63 [946 948 949 950 951 952 953 954 955 956 957 958 959]] [64 [960 961 962 963 964 965 966 967 968 969 970 971 972 973 974]] [65 [975 976 977 978 979 980 981 986 987 988 989]] [66 [990 991 992 993 994 996 997 998 999 1000 1001 1002 1003 1004]] [67 [1005 1006 1007 1008 1009 1010 1011 1012 1013 1014 1015 1016 1018 1019]] [68 [1020 1022 1023 1024 1025 1026 1027 1028 1029 1031 1032 1034]] [69 [1035 1036 1037 1038 1039 1040 1042 1043 1044 1045 1048 1049]] [70 [1050 1051 1052 1053 1054 1055 1056 1057 1058 1061 1062 1063 1064]] [71 [1066 1067 1068 1069 1070 1071 1072 1073 1074 1075 1077 1078]] [72 [1080 1081 1082 1084 1085 1087 1088 1089 1090 1092 1093 1094]] [73 [1095 1096 1097 1099 1100 1101 1102 1103 1104 1105 1106 1107 1108 1109]] [74 [1110 1111 1112 1114 1115 1116 1118 1119 1122 1123 1124]] [75 [1125 1126 1127 1128 1129 1130 1131 1132 1133 1134 1136 1137 1138 1139]] [76 [1142 1143 1144 1145 1146 1147 1148 1149 1150 1153 1154]] [77 [1155 1156 1157 1159 1161 1162 1163 1164 1165 1166 1167 1168 1169]] [78 [1170 1171 1172 1173 1174 1175 1176 1177 1178 1179 1180 1182 1183 1184]] [79 [1185 1186 1187 1191 1195 1196 1197 1198 1199]] [80 [1200 1201 1202 1203 1206 1207 1208 1209 1210 1211 1213]] [81 [1215 1216 1217 1220 1221 1222 1223 1225 1226 1227 1229]] [82 [1230 1231 1232 1233 1234 1235 1236 1237 1238 1239 1242 1243]] [83 [1245 1246 1247 1249 1250 1251 1252 1254 1255 1256 1257 1258 1259]] [84 [1262 1263 1264 1265 1266 1267 1269 1271 1272 1273 1274]] [85 [1275 1276 1277 1278 1279 1280 1281 1282 1283 1284 1287 1288 1289]] [86 [1292 1294 1296 1297 1299 1300 1301 1304]] [87 [1305 1306 1307 1308 1309 1310 1311 1313 1315 1316 1317 1318 1319]] [88 [1320 1321 1322 1323 1324 1325 1326 1327 1328 1329 1330 1331 1332 1333]] [89 [1335 1337 1338 1339 1340 1341 1342 1343 1346 1347 1348 1349]] [90 [1350 1351 1352 1353 1355 1356 1357 1358 1359 1360 1361 1362 1364]] [91 [1365 1366 1367 1368 1369 1370 1371 1372 1373 1374 1375 1376 1377 1378]] [92 [1380 1381 1382 1383 1384 1386 1387 1388 1389 1390 1391 1392 1393 1394]] [93 [1395 1396 1397 1398 1402 1403 1404 1405 1406 1407 1408 1409]] [94 [1410 1412 1413 1414 1417 1418 1419 1420 1421 1422 1423 1424]] [95 [1426 1427 1428 1429 1430 1431 1432 1433 1435 1436 1437 1438 1439]] [96 [1441 1442 1443 1444 1445 1446 1447 1448 1449 1450 1451 1452 1453 1454]] [97 [1455 1457 1458 1459 1462 1463 1464 1465 1466 1467 1468 1469]] [98 [1470 1471 1472 1474 1476 1477 1478 1479 1480 1482 1483 1484]] [99 [1485 1486 1488 1489 1491 1492 1493 1494 1496 1497 1498 1499]]]",,"[[{citizen 17} [[""A"" [4 4 3 2 3 4 3 2 5 4]]]] [{media 50} [[""A"" [4 4 4 4 4 4 4 4 4 4]]]] [{media 51} [[""A"" [3 3 3 3 3 3 3 3 3 3]]]] [{media 52} [[""A"" [4 4 4 4 4 4 4 4 4 4]]]] [{media 53} [[""A"" [3 3 3 3 3 3 3 3 3 3]]]] [{media 54} [[""A"" [4 4 4 4 4 4 4 4 4 4]]]] [{media 55} [[""A"" [5 5 5 5 5 5 5 5 5 5]]]] [{media 56} [[""A"" [3 3 3 3 3 3 3 3 3 3]]]] [{media 57} [[""A"" [3 3 3 3 3 3 3 3 3 3]]]] [{media 58} [[""A"" [4 4 4 4 4 4 4 4 4 4]]]] [{media 59} [[""A"" [2 2 2 2 2 2 2 2 2 2]]]] [{media 60} [[""A"" [5 5 5 5 5 5 5 5 5 5]]]] [{media 61} [[""A"" [3 3 3 3 3 3 3 3 3 3]]]] [{media 62} [[""A"" [2 2 2 2 2 2 2 2 2 2]]]] [{media 63} [[""A"" [4 4 4 4 4 4 4 4 4 4]]]] [{media 64} [[""A"" [2 2 2 2 2 2 2 2 2 2]]]] [{citizen 2} [[""A"" [4 2 3 3 4 3 2 4 5 4]]]] [{citizen 1} [[""A"" [4 4 2 2 3 3 4 3 4 4]]]] [{citizen 0} [[""A"" [3 4 4 3 2 4 3 3 3 5]]]] [{citizen 13} [[""A"" [3 4 4 3 2 3 3 4 2 4]]]] [{citizen 21} [[""A"" [4 2 2 4 3 3 4 4 5 4]]]] [{citizen 7} [[""A"" [4 3 5 4 2 2 3 4 4 5]]]] [{citizen 31} [[""A"" [5 2 4 3 3 4 4 2 3 4]]]] [{citizen 39} [[""A"" [3 2 2 3 4 4 2 4 5 4]]]] [{citizen 28} [[""A"" [2 3 4 3 2 2 3 4 5 4]]]] [{citizen 38} [[""A"" [4 5 2 3 4 3 4 2 5 4]]]] [{citizen 44} [[""A"" [4 4 3 2 2 3 3 4 5 4]]]] [{citizen 22} [[""A"" [3 4 4 3 2 2 2 4 4 4]]]] [{citizen 4} [[""A"" [2 3 4 3 2 3 4 3 4 4]]]] [{citizen 49} [[""A"" [2 4 3 3 3 2 3 4 4 5]]]] [{citizen 12} [[""A"" [3 3 2 3 3 4 3 4 2 5]]]] [{citizen 36} [[""A"" [3 4 3 2 3 4 4 4 5 4]]]] [{citizen 10} [[""A"" [4 3 2 2 3 3 4 3 5 4]]]] [{citizen 47} [[""A"" [4 4 2 2 4 3 3 3 4 5]]]] [{citizen 37} [[""A"" [3 3 2 2 3 4 4 3 4 5]]]] [{citizen 11} [[""A"" [2 2 3 4 4 2 3 4 5 4]]]] [{citizen 41} [[""A"" [4 3 4 3 4 4 2 3 4 4]]]] [{citizen 3} [[""A"" [3 2 3 3 4 4 2 3 4 5]]]] [{citizen 43} [[""A"" [3 2 2 3 4 3 4 4 5 4]]]] [{citizen 45} [[""A"" [2 4 3 2 2 3 2 3 4 4]]]] [{citizen 9} [[""A"" [4 3 2 4 3 3 4 2 4 4]]]] [{citizen 8} [[""A"" [4 3 4 3 2 3 3 4 5 4]]]] [{citizen 33} [[""A"" [4 3 2 2 4 3 4 2 4 5]]]] [{citizen 30} [[""A"" [4 3 4 3 2 2 3 4 4 5]]]] [{citizen 42} [[""A"" [2 2 4 3 3 4 3 4 4 5]]]] [{citizen 19} [[""A"" [4 3 2 2 4 3 4 4 5 4]]]] [{citizen 25} [[""A"" [2 3 4 3 3 3 2 3 4 4]]]] [{citizen 24} [[""A"" [3 2 2 3 3 4 3 3 4 5]]]] [{citizen 32} [[""A"" [3 4 3 4 2 3 4 3 4 5]]]] [{citizen 23} [[""A"" [4 4 3 2 2 4 4 3 2 5]]]] [{citizen 6} [[""A"" [4 3 4 3 3 3 4 3 2 5]]]] [{citizen 15} [[""A"" [4 3 2 2 4 3 4 2 4 5]]]] [{citizen 27} [[""A"" [3 4 3 3 3 4 3 3 4 4]]]] [{citizen 16} [[""A"" [3 4 3 4 3 3 4 4 5 4]]]] [{citizen 18} [[""A"" [3 4 3 4 3 4 3 2 3 4]]]] [{citizen 46} [[""A"" [4 3 2 2 3 4 2 4 5 4]]]] [{citizen 20} [[""A"" [3 4 3 4 3 4 3 2 4 5]]]] [{citizen 14} [[""A"" [4 3 2 2 2 4 3 3 4 4]]]] [{citizen 35} [[""A"" [3 4 3 2 2 2 3 4 5 4]]]] [{citizen 40} [[""A"" [4 3 4 3 3 2 3 3 4 4]]]] [{citizen 48} [[""A"" [3 3 2 4 3 4 3 4 5 4]]]] [{citizen 26} [[""A"" [2 3 4 3 3 2 2 3 4 5]]]] [{citizen 29} [[""A"" [3 2 3 3 4 3 4 2 5 4]]]] [{citizen 34} [[""A"" [3 4 3 3 4 2 3 4 5 4]]]]]"
"6","[85 0 170]","20.204081632653057","4.821719685155708","12.330449775269242","""circle""","""""","9.9","{breed citizens}","false","0.5","1","""up""",,"[[""ID"" 6] [""alpha"" 1] [""beta"" 1] [""malleable"" [""A""]] [""prior"" []] [""cont_tokens"" []] [""A"" 4]]","[[0 [0 1 2 3 4 5 6 7 8 9 10 11 12 13 14]] [1 [15 16 17 18 19 20 21 22 23 25 26 28 29]] [2 [30 31 32 33 34 35 36 37 38 39 40 41 42 43 44]] [3 [45 46 47 48 49 50 51 52 53 54 55 56 57 58 59]] [4 [60 61 62 63 64 65 66 67 68 69 70 71 72 73 74]] [5 [75 76 77 78 80 83 84 85 86 87 88 89]] [6 [90 91 92 93 94 95 96 97 98 99 100 101 102 103 104]] [7 [105 106 107 108 109 110 111 112 113 114 115 116 117 118 119]] [8 [120 121 122 123 124 125 126 127 128 129 130 131 132 133 134]] [9 [135 136 137 138 139 140 141 142 143 144 145 146 147 148 149]] [10 [150 151 152 153 154 155 156 157 158 159 160 161 162 163 164]] [11 [165 166 167 168 169 170 171 172 173 174 175 176 177 178 179]] [12 [180 181 182 183 184 185 186 187 188 189 190 191 192 193 194]] [13 [195 196 197 198 199 200 201 202 203 204 205 206 207 208 209]] [14 [210 211 212 213 214 215 216 217 218 219 220 221 222 223 224]] [15 [225 226 227 228 229 230 231 232 233 234 235 236 237 238 239]] [16 [240 241 242 243 244 245 246 247 248 249 250 251 252 253 254]] [17 [255 256 257 258 259 260 261 262 263 264 265 266 267 268 269]] [18 [270 271 272 273 274 275 276 277 278 279 280 281 282 283 284]] [19 [285 286 287 288 289 290 291 292 293 294 295 296 297 298 299]] [20 [300 301 302 303 304 305 306 307 309 310 311 312 313 314]] [21 [315 316 317 318 319 320 321 322 323 324 325 326 327 328 329]] [22 [330 331 332 333 334 335 336 337 338 339 340 341 342 343 344]] [23 [345 346 347 348 349 350 351 352 353 354 355 356 357 358 359]] [24 [360 361 362 363 364 365 366 367 368 369 370 371 372 373 374]] [25 [375 376 377 378 379 380 381 382 383 384 385 386 387 388 389]] [26 [390 391 392 393 394 395 396 397 398 399 400 401 402 403 404]] [27 [405 406 407 408 409 410 411 412 413 414 415 416 417 418 419]] [28 [420 421 422 423 424 425 426 427 428 429 430 431 432 433 434]] [29 [435 436 437 438 439 440 441 442 443 444 445 446 447 448 449]] [30 [450 451 452 453 454 455 456 457 458 459 460 461 462 463 464]] [31 [465 466 467 468 469 470 471 472 473 474 475 476 477 478 479]] [32 [480 481 482 483 484 485 486 487 488 489 490 491 492 493 494]] [33 [495 496 497 498 499 500 501 502 503 504 505 506 507 508 509]] [34 [510 511 512 513 514 515 516 517 519 520 521 522 523 524]] [35 [525 526 527 528 529 530 531 532 533 534 535 536 537 538 539]] [36 [540 541 542 543 544 545 546 547 548 549 550 551 552 553 554]] [37 [555 556 557 558 559 560 561 562 563 564 565 566 567 568 569]] [38 [570 571 572 573 574 575 576 577 578 579 580 581 582 583 584]] [39 [585 586 587 588 589 590 591 592 593 594 595 596 597 598 599]] [40 [600 601 602 603 604 605 606 607 608 609 610 611 612 613 614]] [41 [615 616 617 618 619 620 621 622 623 624 625 626 627 628 629]] [42 [630 631 632 633 634 635 636 637 638 639 640 641 642 643 644]] [43 [645 646 647 648 649 650 651 652 653 654 656 657 658 659]] [44 [660 661 662 663 664 665 666 667 668 669 670 671 672 673 674]] [45 [675 676 677 678 679 680 681 682 683 684 685 686 687 688 689]] [46 [690 691 692 693 694 695 696 697 698 699 700 701 702 703 704]] [47 [705 706 707 708 709 710 711 712 713 714 715 716 717 718 719]] [48 [720 721 722 723 724 725 726 727 728 729 730 731 732 733 734]] [49 [735 736 737 738 739 740 741 742 743 744 745 746 747 748 749]] [50 [750 751 752 753 754 755 756 757 758 759 760 761 762 763 764]] [51 [765 766 767 768 769 770 771 772 773 774 775 776 777 778 779]] [52 [780 781 782 783 784 785 786 787 788 789 790 791 792 793 794]] [53 [795 796 797 798 799 800 801 802 803 804 805 806 807 808 809]] [54 [810 811 812 813 814 815 816 817 818 819 820 821 822 823 824]] [55 [825 826 827 828 829 830 831 832 833 834 835 836 837 838 839]] [56 [840 841 842 843 844 845 846 847 848 849 850 851 852 853 854]] [57 [855 856 857 858 859 860 861 862 863 864 865 866 867 868 869]] [58 [870 871 872 873 874 875 876 877 878 879 880 881 882 883 884]] [59 [885 886 887 888 889 890 891 892 893 894 895 896 897 898 899]] [60 [900 901 902 903 904 905 906 907 908 909 910 911 912 913 914]] [61 [915 916 917 918 919 920 921 922 923 924 925 926 927 928 929]] [62 [930 931 932 933 934 935 936 937 938 939 940 941 942 943 944]] [63 [945 946 947 948 949 950 951 952 953 954 955 956 957 958 959]] [64 [960 961 962 963 964 965 966 967 968 969 970 971 972 973 974]] [65 [975 976 977 978 979 980 981 984 985 986 987 988 989]] [66 [990 991 992 993 994 996 997 998 999 1000 1001 1002 1003 1004]] [67 [1005 1006 1007 1008 1009 1010 1011 1012 1013 1014 1015 1016 1017 1018 1019]] [68 [1020 1022 1023 1024 1025 1026 1027 1028 1029 1030 1031 1032 1034]] [69 [1035 1036 1037 1038 1039 1040 1041 1042 1043 1044 1045 1046 1047 1048 1049]] [70 [1050 1051 1052 1053 1054 1055 1056 1057 1058 1059 1060 1061 1062 1063 1064]] [71 [1065 1066 1067 1068 1069 1070 1071 1072 1073 1074 1075 1076 1077 1078 1079]] [72 [1080 1081 1082 1083 1084 1085 1086 1087 1088 1089 1090 1091 1092 1093 1094]] [73 [1095 1096 1097 1098 1099 1100 1101 1102 1103 1104 1105 1106 1107 1108 1109]] [74 [1110 1111 1112 1113 1114 1115 1116 1117 1118 1119 1120 1121 1122 1123 1124]] [75 [1125 1126 1127 1128 1129 1130 1131 1132 1133 1134 1135 1136 1137 1138 1139]] [76 [1140 1141 1142 1143 1144 1145 1146 1147 1148 1149 1150 1151 1152 1153 1154]] [77 [1155 1156 1157 1159 1161 1162 1163 1164 1165 1166 1167 1168 1169]] [78 [1170 1171 1172 1173 1174 1175 1176 1177 1178 1179 1180 1181 1182 1183 1184]] [79 [1185 1186 1187 1188 1189 1190 1191 1192 1193 1194 1195 1196 1197 1198 1199]] [80 [1200 1201 1202 1203 1204 1205 1206 1207 1208 1209 1210 1211 1212 1213 1214]] [81 [1215 1216 1217 1218 1219 1220 1221 1222 1223 1224 1225 1226 1227 1228 1229]] [82 [1230 1231 1232 1233 1234 1235 1236 1237 1238 1239 1240 1241 1242 1243 1244]] [83 [1245 1246 1247 1248 1249 1250 1251 1252 1253 1254 1255 1256 1257 1258 1259]] [84 [1260 1262 1263 1264 1265 1266 1267 1269 1270 1271 1272 1273 1274]] [85 [1275 1276 1277 1278 1279 1280 1281 1282 1283 1284 1285 1286 1287 1288 1289]] [86 [1290 1291 1292 1293 1294 1295 1296 1297 1299 1300 1301 1302 1303 1304]] [87 [1305 1306 1307 1308 1309 1310 1311 1312 1313 1314 1315 1316 1317 1318 1319]] [88 [1320 1321 1322 1323 1324 1325 1326 1327 1328 1329 1330 1331 1332 1333 1334]] [89 [1335 1336 1337 1338 1339 1340 1341 1342 1343 1344 1345 1346 1347 1348 1349]] [90 [1350 1351 1352 1353 1354 1355 1356 1357 1358 1359 1360 1361 1362 1363 1364]] [91 [1365 1366 1367 1368 1369 1370 1371 1372 1373 1374 1375 1376 1377 1378 1379]] [92 [1380 1381 1382 1383 1384 1385 1386 1387 1388 1389 1390 1391 1392 1393 1394]] [93 [1395 1396 1397 1398 1399 1400 1401 1402 1403 1404 1405 1406 1407 1408 1409]] [94 [1410 1411 1412 1413 1414 1415 1416 1417 1418 1419 1420 1421 1422 1423 1424]] [95 [1425 1426 1427 1428 1429 1430 1431 1432 1433 1434 1435 1436 1437 1438 1439]] [96 [1440 1441 1442 1443 1444 1445 1446 1447 1448 1449 1450 1451 1452 1453 1454]] [97 [1455 1456 1457 1458 1459 1461 1462 1463 1464 1465 1466 1467 1468 1469]] [98 [1470 1471 1472 1473 1474 1475 1476 1477 1478 1479 1480 1481 1482 1483 1484]] [99 [1485 1486 1487 1488 1489 1491 1492 1493 1494 1495 1496 1497 1498 1499]]]","[[0 [1 2 3 4 6 7 8 9 11 12 13 14]] [1 [15 16 17 18 20 21 22 23 25 26 28 29]] [2 [31 33 34 35 37 38 40 41 42 43 44]] [3 [45 46 47 48 49 50 51 52 54 55 56 57 58 59]] [4 [61 62 63 64 65 66 67 68 69 70 71 72 73 74]] [5 [75 76 77 78 80 83 84 85 86 87 88 89]] [6 [90 91 92 93 94 95 97 98 99 100 102 103]] [7 [105 106 107 108 109 110 112 113 114 115 117 118 119]] [8 [122 123 124 125 126 127 128 131 132 133]] [9 [136 137 138 139 142 143 144 145 146 147 148 149]] [10 [150 151 153 154 155 157 158 159 161 163 164]] [11 [165 167 168 169 170 171 172 173 174 177 178 179]] [12 [180 181 182 183 184 185 186 187 188 189 190 191 192 193 194]] [13 [195 196 197 198 199 200 201 202 203 204 205 207 209]] [14 [210 212 213 214 215 216 217 219 220 221 222 223 224]] [15 [225 226 227 228 229 230 231 232 233 235 237 238 239]] [16 [241 242 244 245 247 248 250 251 252 253 254]] [17 [255 256 257 258 259 260 262 263 264 265 266 267 268]] [18 [270 271 272 273 274 275 276 277 278 279 280 281 282 284]] [19 [285 286 287 288 289 290 291 292 293 294 297 298 299]] [20 [300 301 302 303 304 305 306 310 312 313]] [21 [315 316 317 318 319 320 321 324 325 326 327 328 329]] [22 [330 331 332 333 334 337 338 339 340 341 342 343 344]] [23 [345 346 347 348 350 351 355 356 357 358 359]] [24 [360 361 362 363 364 365 366 367 368 369 370 371 372 373]] [25 [376 377 378 379 380 381 382 383 384 385 387 388 389]] [26 [390 391 392 393 394 396 397 398 399 400 401 402 403 404]] [27 [405 406 407 408 409 410 411 412 413 414 415 416 417 418]] [28 [421 422 424 425 426 427 429 430 431 432 434]] [29 [435 436 437 440 441 442 443 444 445 446 447 448 449]] [30 [450 451 452 453 456 457 458 459 463 464]] [31 [465 466 467 468 469 470 471 472 473 476 478 479]] [32 [480 481 482 485 486 487 490 492 493 494]] [33 [495 496 498 499 500 501 502 503 504 505 506 507 508]] [34 [510 511 512 513 514 515 516 517 520 521 522 523]] [35 [525 526 527 528 529 532 536 538 539]] [36 [540 543 544 545 546 547 548 549 550 551 552 553 554]] [37 [555 556 557 558 559 562 564 565 566 567 568 569]] [38 [570 572 573 574 575 576 577 578 579 583 584]] [39 [585 586 587 588 589 590 592 593 594 595 596 597 598 599]] [40 [600 601 602 603 604 605 607 608 609 610 613 614]] [41 [615 616 617 618 619 620 621 622 623 624 625 626 627 629]] [42 [630 631 632 633 634 635 636 637 639 640 641 642 643 644]] [43 [647 648 649 650 651 652 653 654 656 657 658 659]] [44 [660 661 662 663 664 665 668 669 670 671 672 673 674]] [45 [675 676 677 678 679 680 681 682 683 686 687 688 689]] [46 [690 692 693 694 695 696 697 698 699 700 701 703]] [47 [705 706 707 708 711 712 713 714 715 716 717 718 719]] [48 [720 722 723 725 726 728 730 731 732 733 734]] [49 [735 736 737 738 739 740 741 742 743 744 745 746 748]] [50 [750 751 752 753 754 755 757 761 762 763 764]] [51 [765 766 767 769 770 771 772 773 774 775 776 777 778 779]] [52 [780 781 782 784 785 786 787 788 789 790 791 792 793 794]] [53 [795 796 797 798 799 800 801 802 803 804 805 806 807 808 809]] [54 [810 811 812 813 814 815 816 817 818 819 820 821 823 824]] [55 [825 826 827 830 831 832 833 834 835 836 837 838 839]] [56 [840 841 842 843 844 845 846 847 848 849 850 851 852 853]] [57 [855 856 857 858 859 860 861 862 863 864 865 866 867 868 869]] [58 [870 871 872 873 874 876 877 878 880 881 882 883]] [59 [885 886 887 888 889 890 891 892 893 895 896 897 899]] [60 [901 902 903 904 905 906 909 910 911 913]] [61 [917 918 919 920 921 922 924 925 926 927]] [62 [930 931 932 934 935 936 937 938 939 941 942 944]] [63 [946 948 949 950 951 952 953 954 955 957 958 959]] [64 [960 961 962 963 964 965 968 969 970 971 972 973 974]] [65 [975 976 977 978 979 980 981 985 986 987 988 989]] [66 [990 991 992 993 994 996 997 998 999 1002 1003 1004]] [67 [1005 1006 1007 1008 1009 1010 1011 1012 1013 1014 1015 1016 1018 1019]] [68 [1020 1022 1023 1024 1025 1026 1028 1029 1030 1031 1032 1034]] [69 [1035 1036 1037 1038 1040 1042 1043 1044 1046 1047 1048 1049]] [70 [1050 1051 1052 1053 1054 1055 1056 1057 1058 1059 1060 1061 1062 1063]] [71 [1065 1066 1067 1068 1069 1070 1071 1074 1075 1077 1078 1079]] [72 [1080 1081 1082 1083 1084 1085 1090 1091 1092 1093 1094]] [73 [1095 1096 1097 1098 1100 1101 1103 1104 1105 1106 1107 1108 1109]] [74 [1110 1111 1113 1114 1115 1116 1117 1118 1119 1122 1123 1124]] [75 [1125 1126 1127 1128 1129 1130 1131 1132 1133 1134 1136 1137 1138 1139]] [76 [1141 1142 1143 1145 1146 1147 1148 1149 1150 1152 1153 1154]] [77 [1155 1156 1157 1159 1161 1162 1163 1164 1165 1166 1167 1168]] [78 [1170 1171 1172 1174 1175 1178 1179 1180 1181 1182 1183 1184]] [79 [1185 1186 1187 1188 1189 1190 1191 1192 1193 1194 1196 1197 1198 1199]] [80 [1200 1201 1202 1203 1205 1206 1207 1208 1209 1211 1213]] [81 [1215 1216 1217 1221 1222 1223 1225 1226 1227 1229]] [82 [1230 1231 1232 1233 1234 1235 1236 1237 1238 1239 1242 1244]] [83 [1245 1246 1247 1248 1250 1251 1252 1253 1254 1255 1256 1257 1258 1259]] [84 [1262 1263 1265 1266 1267 1270 1271 1272 1273 1274]] [85 [1275 1276 1277 1278 1279 1282 1283 1284 1285 1286 1287 1288 1289]] [86 [1290 1291 1292 1294 1295 1296 1297 1299 1300 1301 1303 1304]] [87 [1305 1307 1308 1309 1310 1311 1312 1314 1315 1317 1318 1319]] [88 [1320 1321 1322 1323 1324 1325 1326 1327 1328 1329 1330 1331 1332]] [89 [1335 1337 1338 1339 1340 1341 1342 1343 1344 1345 1347 1348 1349]] [90 [1350 1351 1352 1353 1354 1359 1360 1361 1362 1363 1364]] [91 [1365 1366 1367 1368 1370 1371 1372 1373 1374 1376 1378]] [92 [1380 1381 1383 1384 1386 1387 1389 1390 1391 1392 1393 1394]] [93 [1395 1396 1397 1398 1399 1400 1401 1402 1404 1406 1408 1409]] [94 [1410 1411 1412 1413 1416 1417 1418 1419 1420 1421 1422 1423 1424]] [95 [1425 1426 1427 1429 1430 1431 1432 1433 1435 1436 1437 1438 1439]] [96 [1440 1441 1442 1444 1445 1446 1448 1449 1451 1452 1453 1454]] [97 [1455 1457 1458 1459 1462 1463 1464 1465 1466 1467 1468 1469]] [98 [1470 1471 1472 1474 1475 1476 1477 1478 1479 1481 1483 1484]] [99 [1485 1486 1487 1488 1489 1491 1492 1493 1494 1495 1496 1497 1498 1499]]]",,"[[{citizen 10} [[""A"" [5 3 3 2 2 2 3 4 5 4]]]] [{citizen 13} [[""A"" [4 3 3 2 2 3 4 2 3 4]]]] [{citizen 26} [[""A"" [4 3 3 2 2 3 3 3 4 5]]]] [{citizen 38} [[""A"" [4 3 5 2 2 4 2 4 5 4]]]] [{citizen 40} [[""A"" [3 3 4 4 3 3 2 3 4 4]]]] [{citizen 47} [[""A"" [3 3 2 2 4 3 3 3 4 5]]]] [{media 50} [[""A"" [4 4 4 4 4 4 4 4 4 4]]]] [{media 51} [[""A"" [3 3 3 3 3 3 3 3 3 3]]]] [{media 52} [[""A"" [4 4 4 4 4 4 4 4 4 4]]]] [{media 53} [[""A"" [3 3 3 3 3 3 3 3 3 3]]]] [{media 54} [[""A"" [4 4 4 4 4 4 4 4 4 4]]]] [{media 55} [[""A"" [5 5 5 5 5 5 5 5 5 5]]]] [{media 56} [[""A"" [3 3 3 3 3 3 3 3 3 3]]]] [{media 57} [[""A"" [3 3 3 3 3 3 3 3 3 3]]]] [{media 58} [[""A"" [4 4 4 4 4 4 4 4 4 4]]]] [{media 59} [[""A"" [2 2 2 2 2 2 2 2 2 2]]]] [{media 60} [[""A"" [5 5 5 5 5 5 5 5 5 5]]]] [{media 61} [[""A"" [3 3 3 3 3 3 3 3 3 3]]]] [{media 62} [[""A"" [2 2 2 2 2 2 2 2 2 2]]]] [{media 63} [[""A"" [4 4 4 4 4 4 4 4 4 4]]]] [{media 64} [[""A"" [2 2 2 2 2 2 2 2 2 2]]]] [{citizen 2} [[""A"" [4 3 5 3 2 3 3 4 5 4]]]] [{citizen 1} [[""A"" [2 2 2 3 3 3 4 3 4 4]]]] [{citizen 0} [[""A"" [3 2 2 4 3 3 4 3 4 5]]]] [{citizen 21} [[""A"" [4 2 2 4 3 3 4 4 5 4]]]] [{citizen 7} [[""A"" [5 4 5 2 2 2 3 4 4 5]]]] [{citizen 31} [[""A"" [2 5 5 2 4 4 2 3 4 4]]]] [{citizen 39} [[""A"" [3 3 2 2 3 4 4 3 4 4]]]] [{citizen 5} [[""A"" [3 3 2 2 2 3 4 3 4 4]]]] [{citizen 44} [[""A"" [3 2 2 3 3 4 3 4 5 4]]]] [{citizen 28} [[""A"" [3 4 5 3 3 2 2 3 4 4]]]] [{citizen 24} [[""A"" [5 3 2 2 2 3 3 3 4 5]]]] [{citizen 37} [[""A"" [3 5 3 3 2 2 4 3 4 5]]]] [{citizen 17} [[""A"" [3 3 4 3 3 2 3 3 5 4]]]] [{citizen 30} [[""A"" [3 4 3 3 3 2 2 3 4 5]]]] [{citizen 3} [[""A"" [3 5 3 2 3 3 4 3 4 5]]]] [{citizen 27} [[""A"" [5 3 3 2 3 3 3 3 4 4]]]] [{citizen 12} [[""A"" [5 3 2 3 3 3 4 3 4 5]]]] [{citizen 16} [[""A"" [3 4 5 5 3 3 3 4 5 4]]]] [{citizen 49} [[""A"" [4 3 4 3 3 2 3 3 4 5]]]] [{citizen 8} [[""A"" [4 3 5 3 2 3 4 3 5 4]]]] [{citizen 22} [[""A"" [4 5 4 3 2 2 2 4 4 4]]]] [{citizen 33} [[""A"" [4 3 2 2 4 3 2 3 4 5]]]] [{citizen 4} [[""A"" [3 2 5 3 2 2 3 3 4 4]]]] [{citizen 35} [[""A"" [3 4 3 2 2 4 3 4 5 4]]]] [{citizen 19} [[""A"" [3 3 2 2 2 4 3 4 5 4]]]] [{citizen 25} [[""A"" [5 4 3 3 2 3 4 3 4 4]]]] [{citizen 9} [[""A"" [5 3 2 2 4 4 2 3 4 4]]]] [{citizen 41} [[""A"" [2 5 4 5 2 4 2 3 4 4]]]] [{citizen 46} [[""A"" [4 3 3 2 2 3 3 4 5 4]]]] [{citizen 11} [[""A"" [5 2 2 2 3 4 3 4 5 4]]]] [{citizen 36} [[""A"" [3 2 2 3 3 4 3 4 5 4]]]] [{citizen 43} [[""A"" [5 3 3 2 2 3 4 3 4 4]]]] [{citizen 45} [[""A"" [4 3 3 2 2 2 3 3 4 4]]]] [{citizen 42} [[""A"" [3 3 2 2 4 3 4 3 4 5]]]] [{citizen 32} [[""A"" [5 3 5 2 3 3 3 4 5 4]]]] [{citizen 23} [[""A"" [2 2 4 3 4 2 3 4 5 4]]]] [{citizen 18} [[""A"" [3 4 4 3 5 3 2 3 3 4]]]] [{citizen 15} [[""A"" [5 3 5 3 2 2 2 4 4 5]]]] [{citizen 20} [[""A"" [2 2 2 4 3 3 4 3 4 5]]]] [{citizen 14} [[""A"" [2 2 2 4 3 3 4 3 4 4]]]] [{citizen 29} [[""A"" [4 5 3 3 2 3 4 3 5 4]]]] [{citizen 34} [[""A"" [2 2 4 3 3 2 3 4 5 4]]]] [{citizen 48} [[""A"" [4 3 3 2 4 3 3 4 5 4]]]]]"
"7","[85 0 170]","198.36734693877554","-1.8681796889922277","-6.454485057612835","""circle""","""""","9.9","{breed citizens}","false","0.5","1","""up""",,"[[""ID"" 7] [""alpha"" 1] [""beta"" 1] [""malleable"" [""A""]] [""prior"" []] [""cont_tokens"" []] [""A"" 4]]","[[0 [1 2 3 4 5 6 7 8 9 10 11 12 13 14]] [1 [15 16 17 18 19 20 21 22 23 25 26 28 29]] [2 [30 31 32 33 34 35 36 37 38 39 40 41 42 43 44]] [3 [45 46 47 48 49 50 51 52 53 54 55 56 57 58 59]] [4 [60 61 62 63 64 65 66 67 68 69 70 71 72 73 74]] [5 [75 76 77 78 80 83 84 85 86 87 88 89]] [6 [90 91 92 93 94 95 96 97 98 99 100 101 102 103 104]] [7 [105 106 107 108 109 110 111 112 113 114 115 116 117 118 119]] [8 [120 121 122 123 124 125 126 127 128 129 130 131 132 133 134]] [9 [135 136 137 138 139 140 141 142 143 144 145 146 147 148 149]] [10 [150 151 152 153 154 155 156 157 158 159 160 161 162 163 164]] [11 [165 166 167 168 169 170 171 172 173 174 175 176 177 178 179]] [12 [180 181 182 183 184 185 186 187 188 189 190 191 192 193 194]] [13 [195 196 197 198 199 200 201 202 203 204 205 206 207 208 209]] [14 [210 211 212 213 214 215 216 217 218 219 220 221 222 223 224]] [15 [225 226 227 228 229 230 231 232 233 234 235 236 237 238 239]] [16 [240 241 242 243 244 245 246 247 248 249 250 251 252 253 254]] [17 [255 256 257 258 259 260 261 262 263 264 265 266 267 268 269]] [18 [270 271 272 273 274 275 276 277 278 279 280 281 282 283 284]] [19 [285 286 287 288 289 290 291 292 293 294 295 296 297 298 299]] [20 [300 301 302 303 304 305 306 307 309 310 311 312 313 314]] [21 [315 316 317 318 319 320 321 322 323 324 325 326 327 328 329]] [22 [330 331 332 333 334 335 336 337 338 339 340 341 342 343 344]] [23 [345 346 347 348 349 350 351 352 353 354 355 356 357 358 359]] [24 [360 361 362 363 364 365 366 367 368 369 370 371 372 373 374]] [25 [375 376 377 378 379 380 381 382 383 384 385 386 387 388 389]] [26 [390 391 392 393 394 395 396 397 398 399 400 401 402 403 404]] [27 [405 406 407 408 409 410 411 412 413 414 415 416 417 418 419]] [28 [420 421 422 423 424 425 426 427 428 429 430 431 432 433 434]] [29 [435 436 437 438 439 440 441 442 443 444 445 446 447 448 449]] [30 [450 451 452 453 454 455 456 457 458 459 460 461 462 463 464]] [31 [465 466 467 468 469 470 471 472 473 474 475 476 477 478 479]] [32 [480 481 482 483 484 485 486 487 488 489 490 491 492 493 494]] [33 [495 496 497 498 499 500 501 502 503 504 505 506 507 508 509]] [34 [510 511 512 513 514 515 516 517 518 519 520 521 522 523 524]] [35 [525 526 527 528 529 530 531 532 533 534 535 536 537 538 539]] [36 [540 541 542 543 544 545 546 547 548 549 550 551 552 553 554]] [37 [555 556 557 558 559 560 561 562 563 564 565 566 567 568 569]] [38 [570 571 572 573 574 575 576 577 578 579 580 581 582 583 584]] [39 [585 586 587 588 589 590 591 592 593 594 595 596 597 598 599]] [40 [600 601 602 603 604 605 606 607 608 609 610 611 612 613 614]] [41 [615 616 617 618 619 620 621 622 623 624 625 626 627 628 629]] [42 [630 631 632 633 634 635 636 637 638 639 640 641 642 643 644]] [43 [645 646 647 648 649 650 651 652 653 654 656 657 658 659]] [44 [660 661 662 663 664 665 666 667 668 669 670 671 672 673 674]] [45 [675 676 677 678 679 680 681 682 683 684 685 686 687 688 689]] [46 [690 691 692 693 694 695 696 697 698 699 700 701 702 703 704]] [47 [705 706 707 708 709 710 711 712 713 714 715 716 717 718 719]] [48 [720 721 722 723 724 725 726 727 728 729 730 731 732 733 734]] [49 [735 736 737 738 739 740 741 742 743 744 745 746 747 748 749]] [50 [750 751 752 753 754 755 756 757 758 759 760 761 762 763 764]] [51 [765 766 767 768 769 770 771 772 773 774 775 776 777 778 779]] [52 [780 781 782 783 784 785 786 787 788 789 790 791 792 793 794]] [53 [795 796 797 798 799 800 801 802 803 804 805 806 807 808 809]] [54 [810 811 812 813 814 815 816 817 818 819 820 821 822 823 824]] [55 [825 826 827 828 829 830 831 832 833 834 835 836 837 838 839]] [56 [840 841 842 843 844 845 846 847 848 849 850 851 852 853 854]] [57 [855 856 857 858 859 860 861 862 863 864 865 866 867 868 869]] [58 [870 871 872 873 874 875 876 877 878 879 880 881 882 883 884]] [59 [885 886 887 888 889 890 891 892 893 894 895 896 897 898 899]] [60 [900 901 902 903 904 905 906 907 908 909 910 911 912 913 914]] [61 [915 916 917 918 919 920 921 922 923 924 925 926 927 928 929]] [62 [930 931 932 933 934 935 936 937 938 939 940 941 942 943 944]] [63 [945 946 947 948 949 950 951 952 953 954 955 956 957 958 959]] [64 [960 961 962 963 964 965 966 967 968 969 970 971 972 973 974]] [65 [975 976 977 978 979 980 981 984 985 986 987 988 989]] [66 [990 991 992 993 994 996 997 998 999 1000 1001 1002 1003 1004]] [67 [1005 1006 1007 1008 1009 1010 1011 1012 1013 1014 1015 1016 1017 1018 1019]] [68 [1020 1022 1023 1024 1025 1026 1027 1028 1029 1030 1031 1032 1034]] [69 [1035 1036 1037 1038 1039 1040 1041 1042 1043 1044 1045 1046 1047 1048 1049]] [70 [1050 1051 1052 1053 1054 1055 1056 1057 1058 1059 1060 1061 1062 1063 1064]] [71 [1065 1066 1067 1068 1069 1070 1071 1072 1073 1074 1075 1076 1077 1078 1079]] [72 [1080 1081 1082 1083 1084 1085 1086 1087 1088 1089 1090 1091 1092 1093 1094]] [73 [1095 1096 1097 1098 1099 1100 1101 1102 1103 1104 1105 1106 1107 1108 1109]] [74 [1110 1111 1112 1113 1114 1115 1116 1117 1118 1119 1120 1121 1122 1123 1124]] [75 [1125 1126 1127 1128 1129 1130 1131 1132 1133 1134 1135 1136 1137 1138 1139]] [76 [1140 1141 1142 1143 1144 1145 1146 1147 1148 1149 1150 1151 1152 1153 1154]] [77 [1155 1156 1157 1159 1161 1162 1163 1164 1165 1166 1167 1168 1169]] [78 [1170 1171 1172 1173 1174 1175 1176 1177 1178 1179 1180 1181 1182 1183 1184]] [79 [1185 1186 1187 1188 1189 1190 1191 1192 1193 1194 1195 1196 1197 1198 1199]] [80 [1200 1201 1202 1203 1204 1205 1206 1207 1208 1209 1210 1211 1212 1213 1214]] [81 [1215 1216 1217 1218 1219 1220 1221 1222 1223 1224 1225 1226 1227 1229]] [82 [1230 1231 1232 1233 1234 1235 1236 1237 1238 1239 1240 1241 1242 1243 1244]] [83 [1245 1246 1247 1248 1249 1250 1251 1252 1253 1254 1255 1256 1257 1258 1259]] [84 [1260 1262 1263 1264 1265 1266 1267 1269 1270 1271 1272 1273 1274]] [85 [1275 1276 1277 1278 1279 1280 1281 1282 1283 1284 1285 1286 1287 1288 1289]] [86 [1290 1291 1292 1293 1294 1295 1296 1297 1299 1300 1301 1302 1303 1304]] [87 [1305 1306 1307 1308 1309 1310 1311 1312 1313 1314 1315 1316 1317 1318 1319]] [88 [1320 1321 1322 1323 1324 1325 1326 1327 1328 1329 1330 1331 1332 1333 1334]] [89 [1335 1336 1337 1338 1339 1340 1341 1342 1343 1344 1345 1346 1347 1348 1349]] [90 [1350 1351 1352 1353 1354 1355 1356 1357 1358 1359 1360 1361 1362 1363 1364]] [91 [1365 1366 1367 1368 1369 1370 1371 1372 1373 1374 1375 1376 1377 1378 1379]] [92 [1380 1381 1382 1383 1384 1385 1386 1387 1388 1389 1390 1391 1392 1393 1394]] [93 [1395 1396 1397 1398 1399 1400 1401 1402 1403 1404 1405 1406 1407 1408 1409]] [94 [1410 1411 1412 1413 1414 1415 1416 1417 1418 1419 1420 1421 1422 1423 1424]] [95 [1425 1426 1427 1428 1429 1430 1431 1432 1433 1434 1435 1436 1437 1438 1439]] [96 [1440 1441 1442 1443 1444 1445 1446 1447 1448 1449 1450 1451 1452 1453 1454]] [97 [1455 1456 1457 1458 1459 1461 1462 1463 1464 1465 1466 1467 1468 1469]] [98 [1470 1471 1472 1473 1474 1475 1476 1477 1478 1479 1480 1481 1482 1483 1484]] [99 [1485 1486 1487 1488 1489 1491 1492 1493 1494 1495 1496 1497 1498 1499]]]","[[0 [1 2 3 4 6 7 8 9 11 12 13 14]] [1 [15 16 17 18 20 21 22 23 25 26 28 29]] [2 [31 33 34 35 36 37 38 40 41 42 43 44]] [3 [45 46 47 48 49 50 51 52 54 56 57 58 59]] [4 [61 62 63 64 65 66 67 68 69 70 71 72 73 74]] [5 [75 76 77 78 80 83 84 85 86 87 88 89]] [6 [90 91 92 94 95 98 99 100 101 103 104]] [7 [105 106 107 108 109 110 112 113 114 116 118]] [8 [120 121 122 123 124 125 126 127 128 131 132 134]] [9 [135 136 137 140 141 142 143 144 145 146 147 148 149]] [10 [150 151 152 154 155 157 158 159 161 163 164]] [11 [165 166 169 170 171 172 173 174 177 178 179]] [12 [180 181 182 183 184 185 186 187 188 189 190 191 192 193 194]] [13 [195 196 197 198 199 200 201 202 203 204 205 208 209]] [14 [211 212 213 214 216 217 219 220 221 222 223 224]] [15 [225 226 227 228 229 230 231 232 233 234 236 238 239]] [16 [240 241 242 244 245 246 247 249 250 251 252 253 254]] [17 [255 256 257 258 259 260 261 262 263 264 265 266 267 268]] [18 [270 271 272 273 274 276 277 278 279 281 282 283 284]] [19 [285 287 288 290 291 292 293 294 297 298 299]] [20 [301 302 303 304 305 306 309 310 311 312 313]] [21 [315 316 317 318 319 320 321 324 325 326 327 328 329]] [22 [330 331 332 333 335 338 339 340 341 342 343]] [23 [346 348 350 351 355 356 357 358 359]] [24 [360 362 363 364 366 367 368 370 371 372 373 374]] [25 [375 377 378 379 380 381 382 383 384 385 387 388 389]] [26 [391 392 393 395 396 397 398 399 400 401 402 403 404]] [27 [405 406 407 408 409 410 411 412 413 414 415 416 417 418]] [28 [421 422 423 424 425 426 427 429 430 431 432 433 434]] [29 [435 436 437 439 441 442 443 444 445 446 447 448]] [30 [450 451 452 453 454 455 456 457 458 459 463 464]] [31 [465 466 467 468 469 470 471 472 473 474 475 477]] [32 [481 482 484 485 486 488 489 490 492 493 494]] [33 [495 497 498 499 500 502 503 504 505 506 507 509]] [34 [512 513 514 515 516 517 519 520 521 522 523]] [35 [525 526 527 528 529 533 534 535 537 538 539]] [36 [541 542 543 544 545 548 549 550 551 552 554]] [37 [555 556 557 558 559 560 561 562 563 564 565 566 567 568 569]] [38 [570 572 573 574 575 576 577 578 579 581 582 583 584]] [39 [585 586 587 588 589 590 591 592 593 594 596 597 598 599]] [40 [600 601 602 603 604 605 606 609 610 611 612 613 614]] [41 [615 616 617 618 619 620 622 623 628 629]] [42 [630 632 633 634 635 636 637 638 640 642 643 644]] [43 [645 646 647 648 649 651 652 653 654 656 657 658 659]] [44 [660 661 663 664 665 666 667 668 669 670 671 672 673 674]] [45 [675 676 677 678 679 680 681 682 684 685 689]] [46 [690 691 692 693 694 695 696 697 699 700 701 703 704]] [47 [706 707 708 711 712 713 715 716 717 718 719]] [48 [720 721 722 723 725 726 729 730 731 732 733 734]] [49 [735 736 737 738 739 740 741 742 743 744 745 746 748]] [50 [750 752 753 754 755 758 759 760 761 762 763 764]] [51 [765 768 769 770 771 772 773 774 775 776 777 778 779]] [52 [780 781 782 784 785 786 789 790 791 792 793 794]] [53 [795 796 797 798 799 800 801 802 803 804 805 807 808 809]] [54 [810 811 812 813 814 815 816 817 819 820 821 822 824]] [55 [825 826 827 829 830 831 832 833 834 835 836 837 838 839]] [56 [841 842 843 844 845 846 847 848 849 851 852 853]] [57 [855 857 858 859 860 861 862 863 864 865 866 867 868 869]] [58 [870 871 872 873 874 876 877 878 880 881 882 884]] [59 [885 886 887 888 889 890 891 892 893 894 895 896 897 899]] [60 [902 903 904 905 906 907 908 909 910 911]] [61 [915 916 917 919 920 921 922 924 925 926 927 928 929]] [62 [930 931 932 933 934 935 936 937 938 939 940 941 942 944]] [63 [946 948 949 950 951 952 954 955 957 958 959]] [64 [960 962 963 964 965 968 969 970 971 972 973 974]] [65 [975 976 977 978 979 980 981 984 985 986 987 988 989]] [66 [991 992 993 994 996 997 998 999 1000 1001 1002 1003 1004]] [67 [1006 1007 1008 1009 1010 1011 1013 1014 1015 1016 1018 1019]] [68 [1020 1022 1023 1024 1025 1026 1028 1029 1030 1031 1032 1034]] [69 [1035 1036 1037 1039 1040 1042 1043 1044 1047]] [70 [1050 1051 1052 1053 1054 1055 1056 1057 1058 1061 1062 1063 1064]] [71 [1065 1066 1067 1068 1069 1070 1072 1073 1074 1075 1076 1079]] [72 [1081 1082 1083 1084 1085 1087 1089 1091 1092 1093 1094]] [73 [1095 1096 1097 1099 1100 1102 1104 1105 1106 1107 1108 1109]] [74 [1110 1111 1112 1115 1116 1117 1118 1119 1122 1123 1124]] [75 [1125 1126 1127 1128 1129 1130 1131 1132 1133 1134 1135 1136 1137 1138 1139]] [76 [1142 1143 1144 1145 1146 1147 1148 1149 1150 1153 1154]] [77 [1155 1156 1157 1159 1161 1162 1163 1164 1165 1166 1167 1168]] [78 [1170 1171 1172 1174 1175 1177 1181 1182 1183 1184]] [79 [1185 1186 1187 1188 1189 1190 1191 1195 1196 1197 1198 1199]] [80 [1201 1202 1203 1204 1205 1206 1207 1208 1209 1210 1211 1212 1214]] [81 [1218 1219 1220 1221 1222 1223 1224 1225 1226 1227 1229]] [82 [1230 1231 1232 1233 1234 1235 1237 1238 1239 1242 1243]] [83 [1245 1246 1247 1248 1249 1250 1251 1252 1253 1254 1255 1256 1257 1258 1259]] [84 [1260 1263 1265 1266 1267 1270 1271 1272 1273 1274]] [85 [1275 1276 1277 1278 1279 1282 1283 1284 1285 1286 1287 1289]] [86 [1290 1291 1292 1293 1295 1296 1299 1300 1301]] [87 [1306 1307 1308 1309 1310 1311 1312 1314 1316 1317 1318 1319]] [88 [1320 1321 1325 1326 1327 1328 1329 1330 1331 1333 1334]] [89 [1335 1339 1340 1341 1342 1343 1344 1345 1347 1348 1349]] [90 [1350 1352 1353 1355 1356 1357 1358 1359 1360 1361 1362 1363 1364]] [91 [1365 1366 1367 1369 1370 1371 1372 1373 1374 1376 1379]] [92 [1380 1381 1383 1384 1386 1387 1388 1389 1390 1391 1392 1393 1394]] [93 [1395 1396 1397 1398 1402 1404 1406 1408 1409]] [94 [1410 1411 1412 1413 1415 1416 1417 1418 1419 1420 1421 1422 1423 1424]] [95 [1425 1428 1429 1430 1433 1434 1436 1437 1438 1439]] [96 [1441 1442 1444 1445 1446 1447 1448 1449 1450 1451 1452 1453 1454]] [97 [1455 1458 1459 1462 1463 1464 1465 1466 1467 1468 1469]] [98 [1470 1472 1474 1476 1477 1478 1479 1480 1481 1483 1484]] [99 [1485 1486 1487 1488 1489 1491 1492 1493 1494 1496 1497 1498 1499]]]",,"[[{citizen 8} [[""A"" [4 4 3 3 3 3 3 4 3 4]]]] [{citizen 42} [[""A"" [4 3 3 2 4 3 3 4 3 5]]]] [{media 50} [[""A"" [4 4 4 4 4 4 4 4 4 4]]]] [{media 51} [[""A"" [3 3 3 3 3 3 3 3 3 3]]]] [{media 52} [[""A"" [4 4 4 4 4 4 4 4 4 4]]]] [{media 53} [[""A"" [3 3 3 3 3 3 3 3 3 3]]]] [{media 54} [[""A"" [4 4 4 4 4 4 4 4 4 4]]]] [{media 56} [[""A"" [3 3 3 3 3 3 3 3 3 3]]]] [{media 57} [[""A"" [3 3 3 3 3 3 3 3 3 3]]]] [{media 58} [[""A"" [4 4 4 4 4 4 4 4 4 4]]]] [{media 59} [[""A"" [2 2 2 2 2 2 2 2 2 2]]]] [{media 61} [[""A"" [3 3 3 3 3 3 3 3 3 3]]]] [{media 62} [[""A"" [2 2 2 2 2 2 2 2 2 2]]]] [{media 63} [[""A"" [4 4 4 4 4 4 4 4 4 4]]]] [{media 64} [[""A"" [2 2 2 2 2 2 2 2 2 2]]]] [{citizen 1} [[""A"" [3 4 4 3 3 3 4 3 3 4]]]] [{citizen 4} [[""A"" [4 2 3 3 2 3 3 3 3 4]]]] [{citizen 0} [[""A"" [4 4 3 3 2 4 3 3 3 5]]]] [{media 55} [[""A"" [5 5 5 5 5 5 5 5 5 5]]]] [{citizen 2} [[""A"" [4 4 3 3 3 4 3 3 5 4]]]] [{citizen 13} [[""A"" [4 2 4 3 3 2 3 3 2 3]]]] [{citizen 21} [[""A"" [4 4 4 2 2 4 3 3 3 4]]]] [{citizen 28} [[""A"" [4 4 4 3 3 2 3 4 3 4]]]] [{citizen 38} [[""A"" [3 4 3 3 5 2 3 4 2 4]]]] [{citizen 44} [[""A"" [4 4 3 2 3 3 4 3 5 4]]]] [{citizen 22} [[""A"" [4 4 3 2 2 3 4 3 3 4]]]] [{citizen 49} [[""A"" [4 4 4 4 3 3 3 3 3 5]]]] [{citizen 12} [[""A"" [2 3 3 2 3 3 3 3 4 3]]]] [{citizen 36} [[""A"" [3 2 3 3 4 3 4 3 5 4]]]] [{citizen 10} [[""A"" [4 4 3 3 3 2 3 3 5 4]]]] [{citizen 31} [[""A"" [4 2 3 2 4 3 3 4 3 4]]]] [{citizen 47} [[""A"" [4 4 3 3 2 4 3 3 3 5]]]] [{citizen 5} [[""A"" [3 3 3 2 3 3 3 4 3 4]]]] [{citizen 39} [[""A"" [3 3 2 2 3 3 4 4 3 4]]]] [{citizen 11} [[""A"" [3 5 2 2 3 3 4 3 5 4]]]] [{citizen 40} [[""A"" [4 4 4 3 3 2 3 3 3 4]]]] [{citizen 6} [[""A"" [4 3 3 4 3 3 4 3 3 4]]]] [{citizen 37} [[""A"" [3 5 3 3 2 3 4 3 4 3]]]] [{citizen 19} [[""A"" [3 3 2 3 4 3 4 3 5 4]]]] [{citizen 25} [[""A"" [3 4 4 4 3 3 3 3 3 4]]]] [{citizen 17} [[""A"" [4 4 4 3 3 3 3 3 5 4]]]] [{citizen 41} [[""A"" [4 4 2 4 3 4 3 4 3 4]]]] [{citizen 24} [[""A"" [4 3 4 4 3 2 2 3 3 3]]]] [{citizen 9} [[""A"" [3 3 2 4 3 3 4 2 3 4]]]] [{citizen 43} [[""A"" [3 3 3 2 2 3 3 4 3 4]]]] [{citizen 3} [[""A"" [4 2 3 5 3 3 3 3 4 3]]]] [{citizen 30} [[""A"" [4 4 3 3 3 2 2 3 3 3]]]] [{citizen 45} [[""A"" [2 3 4 4 3 3 3 3 3 4]]]] [{citizen 33} [[""A"" [4 3 3 2 2 4 3 3 3 4]]]] [{citizen 18} [[""A"" [3 4 4 3 3 2 3 3 3 4]]]] [{citizen 15} [[""A"" [2 3 3 3 2 2 4 3 3 4]]]] [{citizen 46} [[""A"" [4 4 4 3 3 3 3 3 3 4]]]] [{citizen 14} [[""A"" [2 4 3 3 2 4 3 3 3 4]]]] [{citizen 20} [[""A"" [4 3 4 3 3 4 3 3 3 5]]]] [{citizen 32} [[""A"" [3 3 2 3 3 3 4 3 3 4]]]] [{citizen 27} [[""A"" [4 4 2 3 3 3 3 3 3 4]]]] [{citizen 23} [[""A"" [4 3 3 2 4 3 3 3 5 4]]]] [{citizen 35} [[""A"" [4 4 3 3 2 4 3 3 5 4]]]] [{citizen 48} [[""A"" [4 4 4 3 3 4 3 3 3 4]]]] [{citizen 16} [[""A"" [4 3 4 3 4 3 3 4 5 4]]]] [{citizen 26} [[""A"" [4 4 3 3 3 2 2 3 3 3]]]] [{media 60} [[""A"" [5 5 5 5 5 5 5 5 5 5]]]] [{citizen 29} [[""A"" [4 3 3 2 3 3 4 3 5 4]]]] [{citizen 34} [[""A"" [3 3 3 4 3 3 4 3 3 4]]]]]"
"8","[85 0 170]","84.94897959183673","13.168970083001618","1.0397034724855732","""circle""","""""","9.9","{breed citizens}","false","0.5","1","""up""",,"[[""ID"" 8] [""alpha"" 1] [""beta"" 1] [""malleable"" [""A""]] [""prior"" []] [""cont_tokens"" []] [""A"" 4]]","[[0 [0 1 2 3 4 5 6 7 8 9 10 11 12 13 14]] [1 [15 16 17 18 19 20 21 22 23 25 26 28 29]] [2 [30 31 32 33 34 35 36 37 38 39 40 41 42 43 44]] [3 [45 46 47 48 49 50 51 52 53 54 55 56 57 58 59]] [4 [60 61 62 63 64 65 66 67 68 69 70 71 72 73 74]] [5 [75 76 77 78 80 83 84 85 86 87 88 89]] [6 [90 91 92 93 94 95 96 97 98 99 100 101 102 103 104]] [7 [105 106 107 108 109 110 111 112 113 114 115 116 117 118 119]] [8 [120 121 122 123 124 125 126 127 128 129 130 131 132 133 134]] [9 [135 136 137 138 139 140 141 142 143 144 145 146 147 148 149]] [10 [150 151 152 153 154 155 156 157 158 159 160 161 162 163 164]] [11 [165 166 167 168 169 170 171 172 173 174 175 176 177 178 179]] [12 [180 181 182 183 184 185 186 187 188 189 190 191 192 193 194]] [13 [195 196 197 198 199 200 201 202 203 204 205 206 207 208 209]] [14 [210 211 212 213 214 215 216 217 218 219 220 221 222 223 224]] [15 [225 226 227 228 229 230 231 232 233 234 235 236 237 238 239]] [16 [240 241 242 243 244 245 246 247 248 249 250 251 252 253 254]] [17 [255 256 257 258 259 260 261 262 263 264 265 266 267 268 269]] [18 [270 271 272 273 274 275 276 277 278 279 280 281 282 283 284]] [19 [285 286 287 288 289 290 291 292 293 294 295 296 297 298 299]] [20 [300 301 302 303 304 305 306 307 309 310 311 312 313 314]] [21 [315 316 317 318 319 320 321 322 323 324 325 326 327 328 329]] [22 [330 331 332 333 334 335 336 337 338 339 340 341 342 343 344]] [23 [345 346 347 348 349 350 351 352 353 354 355 356 357 358 359]] [24 [360 361 362 363 364 365 366 367 368 369 370 371 372 373 374]] [25 [375 376 377 378 379 380 381 382 383 384 385 386 387 388 389]] [26 [390 391 392 393 394 395 396 397 398 399 400 401 402 403 404]] [27 [405 406 407 408 409 410 411 412 413 414 415 416 417 418 419]] [28 [420 421 422 423 424 425 426 427 428 429 430 431 432 433 434]] [29 [435 436 437 438 439 440 441 442 443 444 445 446 447 448 449]] [30 [450 451 452 453 454 455 456 457 458 459 460 461 462 463 464]] [31 [465 466 467 468 469 470 471 472 473 474 475 476 477 478 479]] [32 [480 481 482 483 484 485 486 487 488 489 490 491 492 493 494]] [33 [495 496 497 498 499 500 501 502 503 504 505 506 507 508 509]] [34 [510 511 512 513 514 515 516 517 519 520 521 522 523 524]] [35 [525 526 527 528 529 530 531 532 533 534 535 536 537 538 539]] [36 [540 541 542 543 544 545 546 547 548 549 550 551 552 553 554]] [37 [555 556 557 558 559 560 561 562 563 564 565 566 567 568 569]] [38 [570 571 572 573 574 575 576 577 578 579 580 581 582 583 584]] [39 [585 586 587 588 589 590 591 592 593 594 595 596 597 598 599]] [40 [600 601 602 603 604 605 606 607 608 609 610 611 612 613 614]] [41 [615 616 617 618 619 620 621 622 623 624 625 626 627 628 629]] [42 [630 631 632 633 634 635 636 637 638 639 640 641 642 643 644]] [43 [645 646 647 648 649 650 651 652 653 654 656 657 658 659]] [44 [660 661 662 663 664 665 666 667 668 669 670 671 672 673 674]] [45 [675 676 677 678 679 680 681 682 683 684 685 686 687 688 689]] [46 [690 691 692 693 694 695 696 697 698 699 700 701 702 703 704]] [47 [705 706 707 708 709 710 711 712 713 714 715 716 717 718 719]] [48 [720 721 722 723 724 725 726 727 728 729 730 731 732 733 734]] [49 [735 736 737 738 739 740 741 742 743 744 745 746 747 748 749]] [50 [750 751 752 753 754 755 756 757 758 759 760 761 762 763 764]] [51 [765 766 767 768 769 770 771 772 773 774 775 776 777 778 779]] [52 [780 781 782 783 784 785 786 787 788 789 790 791 792 793 794]] [53 [795 796 797 798 799 800 801 802 803 804 805 806 807 808 809]] [54 [810 811 812 813 814 815 816 817 818 819 820 821 822 823 824]] [55 [825 826 827 828 829 830 831 832 833 834 835 836 837 838 839]] [56 [840 841 842 843 844 845 846 847 848 849 850 851 852 853 854]] [57 [855 856 857 858 859 860 861 862 863 864 865 866 867 868 869]] [58 [870 871 872 873 874 875 876 877 878 879 880 881 882 883 884]] [59 [885 886 887 888 889 890 891 892 893 894 895 896 897 898 899]] [60 [900 901 902 903 904 905 906 907 908 909 910 911 912 913 914]] [61 [915 916 917 918 919 920 921 922 923 924 925 926 927 928 929]] [62 [930 931 932 933 934 935 936 937 938 939 940 941 942 943 944]] [63 [945 946 947 948 949 950 951 952 953 954 955 956 957 958 959]] [64 [960 961 962 963 964 965 966 967 968 969 970 971 972 973 974]] [65 [975 976 977 978 979 980 981 984 985 986 987 988 989]] [66 [990 991 992 993 994 996 997 998 999 1000 1001 1002 1003 1004]] [67 [1005 1006 1007 1008 1009 1010 1011 1012 1013 1014 1015 1016 1017 1018 1019]] [68 [1020 1022 1023 1024 1025 1026 1027 1028 1029 1030 1031 1032 1034]] [69 [1035 1036 1037 1038 1039 1040 1041 1042 1043 1044 1045 1046 1047 1048 1049]] [70 [1050 1051 1052 1053 1054 1055 1056 1057 1058 1059 1060 1061 1062 1063 1064]] [71 [1065 1066 1067 1068 1069 1070 1071 1072 1073 1074 1075 1076 1077 1078 1079]] [72 [1080 1081 1082 1083 1084 1085 1086 1087 1088 1089 1090 1091 1092 1093 1094]] [73 [1095 1096 1097 1098 1099 1100 1101 1102 1103 1104 1105 1106 1107 1108 1109]] [74 [1110 1111 1112 1113 1114 1115 1116 1117 1118 1119 1120 1121 1122 1123 1124]] [75 [1125 1126 1127 1128 1129 1130 1131 1132 1133 1134 1135 1136 1137 1138 1139]] [76 [1140 1141 1142 1143 1144 1145 1146 1147 1148 1149 1150 1151 1152 1153 1154]] [77 [1155 1156 1157 1159 1161 1162 1163 1164 1165 1166 1167 1168 1169]] [78 [1170 1171 1172 1173 1174 1175 1176 1177 1178 1179 1180 1181 1182 1183 1184]] [79 [1185 1186 1187 1188 1189 1190 1191 1192 1193 1194 1195 1196 1197 1198 1199]] [80 [1200 1201 1202 1203 1204 1205 1206 1207 1208 1209 1210 1211 1212 1213 1214]] [81 [1215 1216 1217 1218 1219 1220 1221 1222 1223 1224 1225 1226 1227 1228 1229]] [82 [1230 1231 1232 1233 1234 1235 1236 1237 1238 1239 1240 1241 1242 1243 1244]] [83 [1245 1246 1247 1248 1249 1250 1251 1252 1253 1254 1255 1256 1257 1258 1259]] [84 [1260 1262 1263 1264 1265 1266 1267 1269 1270 1271 1272 1273 1274]] [85 [1275 1276 1277 1278 1279 1280 1281 1282 1283 1284 1285 1286 1287 1288 1289]] [86 [1290 1291 1292 1293 1294 1295 1296 1297 1299 1300 1301 1302 1303 1304]] [87 [1305 1306 1307 1308 1309 1310 1311 1312 1313 1314 1315 1316 1317 1318 1319]] [88 [1320 1321 1322 1323 1324 1325 1326 1327 1328 1329 1330 1331 1332 1333 1334]] [89 [1335 1336 1337 1338 1339 1340 1341 1342 1343 1344 1345 1346 1347 1348 1349]] [90 [1350 1351 1352 1353 1354 1355 1356 1357 1358 1359 1360 1361 1362 1363 1364]] [91 [1365 1366 1367 1368 1369 1370 1371 1372 1373 1374 1375 1376 1377 1378 1379]] [92 [1380 1381 1382 1383 1384 1385 1386 1387 1388 1389 1390 1391 1392 1393 1394]] [93 [1395 1396 1397 1398 1399 1400 1401 1402 1403 1404 1405 1406 1407 1408 1409]] [94 [1410 1411 1412 1413 1414 1415 1416 1417 1418 1419 1420 1421 1422 1423 1424]] [95 [1425 1426 1427 1428 1429 1430 1431 1432 1433 1434 1435 1436 1437 1438 1439]] [96 [1440 1441 1442 1443 1444 1445 1446 1447 1448 1449 1450 1451 1452 1453 1454]] [97 [1455 1456 1457 1458 1459 1461 1462 1463 1464 1465 1466 1467 1468 1469]] [98 [1470 1471 1472 1473 1474 1475 1476 1477 1478 1479 1480 1481 1482 1483 1484]] [99 [1485 1486 1487 1488 1489 1491 1492 1493 1494 1495 1496 1497 1498 1499]]]","[[0 [1 2 3 4 5 7 8 9 10 12 13 14]] [1 [15 16 17 18 21 22 23 25 26 28 29]] [2 [31 34 35 37 38 39 40 41 42 43 44]] [3 [45 46 47 48 49 50 51 52 54 56 57 58 59]] [4 [61 62 63 64 65 66 67 68 69 70 71 72 73 74]] [5 [75 76 77 78 80 83 84 86 87 88 89]] [6 [90 91 93 94 95 97 98 99 100 101 103 104]] [7 [105 106 107 108 109 110 112 113 114 116 118]] [8 [120 121 122 123 124 125 126 127 128 131 132 134]] [9 [135 136 137 139 142 143 144 145 146 147 148 149]] [10 [150 151 152 154 156 157 158 159 161]] [11 [165 167 168 170 171 172 173 174 175 176 179]] [12 [180 181 182 183 185 186 187 188 189 190 191 193 194]] [13 [195 196 197 198 199 200 201 202 206 207 208 209]] [14 [210 212 213 214 215 216 217 218 219 220 221 222 223 224]] [15 [225 226 227 228 229 230 231 232 233 234 236 238 239]] [16 [241 242 243 246 247 248 250 251 252 253 254]] [17 [256 257 258 259 260 261 262 263 264 265 266 267 268 269]] [18 [270 271 272 273 274 276 277 278 279 281 282 284]] [19 [285 287 288 291 292 293 294 295 296 297 298 299]] [20 [300 301 302 303 304 305 306 309 310 313 314]] [21 [316 317 318 319 320 321 324 325 326 327 328 329]] [22 [330 331 332 333 334 336 337 339 340 341 342 343]] [23 [345 346 349 350 351 354 355 356 357 358 359]] [24 [360 361 362 363 364 369 370 373 374]] [25 [375 377 378 379 380 381 382 383 384 385 386 387 388 389]] [26 [391 392 393 394 396 397 398 399 400 401 402 404]] [27 [405 406 407 408 409 410 411 412 413 414 415 416 417 418 419]] [28 [420 421 422 423 424 425 426 427 429 430 431 432 433]] [29 [435 436 437 439 440 441 442 443 444 445 446 447 448 449]] [30 [450 451 452 453 454 455 456 457 458 459 460 461 462]] [31 [465 466 467 468 469 470 471 472 473 474 475 477 478 479]] [32 [480 481 482 484 485 486 488 489 490 492 493 494]] [33 [495 496 498 499 500 501 502 503 504 505 506 507 508]] [34 [510 511 512 513 514 515 516 517 520 521 522 523 524]] [35 [526 527 528 529 531 532 533 534 536 537 538 539]] [36 [540 543 544 545 546 547 548 549 550 551 552 554]] [37 [555 556 557 558 560 561 562 563 564 565 566 567 568 569]] [38 [570 572 573 574 575 576 577 578 579 581 582 583 584]] [39 [585 586 587 588 589 590 592 593 596 597 598 599]] [40 [600 601 604 605 606 609 610 613 614]] [41 [615 616 617 618 619 620 621 622 623 625 626 627 629]] [42 [630 632 633 634 635 636 637 638 640 641 643 644]] [43 [647 648 649 651 652 653 654 656 657 658 659]] [44 [660 661 663 665 666 667 668 669 670 671 672 673 674]] [45 [675 676 677 678 679 680 681 682 684 685 686 687 688 689]] [46 [690 691 692 693 694 695 697 698 699 700 701 703 704]] [47 [707 708 709 710 714 715 716 717 718 719]] [48 [720 721 722 723 725 726 729 731 732 733 734]] [49 [735 736 738 739 740 741 742 743 744 745 746 747 749]] [50 [750 752 753 754 755 757 762 763 764]] [51 [765 766 767 769 770 771 772 773 774 775 776 777 778 779]] [52 [780 781 782 785 786 790 791 792 793 794]] [53 [795 796 797 798 799 800 801 802 803 804 805 806 807 808 809]] [54 [810 811 812 813 814 815 816 817 818 819 821 823 824]] [55 [825 826 827 828 829 830 831 832 833 835 837 838 839]] [56 [841 842 843 844 845 847 848 849 850 851 852 853 854]] [57 [856 857 858 859 861 862 863 864 865 866 867 868 869]] [58 [870 871 872 873 874 876 877 878 880 881 882 884]] [59 [887 888 889 890 891 892 893 894 895 896 898]] [60 [900 901 902 903 904 905 906 907 908 909 910 911 913]] [61 [917 918 919 920 921 922 924 925 926 927]] [62 [930 931 932 933 934 935 936 937 938 939 940 941 942 944]] [63 [946 948 949 950 951 952 954 955 956 957 958 959]] [64 [960 962 963 964 965 967 968 969 971 972 973 974]] [65 [975 976 977 978 979 980 981 984 985 986 987 988 989]] [66 [991 992 993 994 996 997 998 999 1002 1003]] [67 [1005 1006 1007 1008 1009 1010 1011 1013 1014 1015 1016 1018 1019]] [68 [1020 1022 1023 1024 1025 1026 1027 1028 1029 1030 1031 1032 1034]] [69 [1035 1036 1037 1038 1040 1041 1042 1043 1044 1046 1047 1048 1049]] [70 [1050 1051 1052 1053 1054 1055 1056 1057 1058 1064]] [71 [1066 1067 1068 1069 1070 1071 1073 1074 1075 1076 1079]] [72 [1081 1082 1084 1085 1089 1090 1092 1093 1094]] [73 [1095 1096 1097 1098 1100 1101 1102 1105 1106 1107 1108 1109]] [74 [1110 1111 1112 1114 1115 1116 1117 1119 1121 1122 1123 1124]] [75 [1125 1126 1127 1128 1129 1130 1131 1132 1133 1134 1135 1136 1137 1138 1139]] [76 [1142 1143 1144 1145 1146 1147 1148 1149 1150 1152 1153 1154]] [77 [1155 1156 1157 1159 1161 1162 1163 1164 1165 1166 1167 1168]] [78 [1170 1171 1172 1175 1176 1177 1178 1179 1180 1182 1183 1184]] [79 [1185 1186 1187 1189 1190 1192 1193 1194 1196 1197 1198 1199]] [80 [1201 1202 1203 1204 1205 1206 1207 1208 1209 1210 1211 1213]] [81 [1215 1216 1217 1220 1221 1222 1224 1225 1226 1227 1229]] [82 [1230 1231 1232 1233 1234 1235 1237 1238 1239 1242 1243]] [83 [1245 1246 1247 1248 1250 1251 1252 1253 1254 1255 1256 1257 1258 1259]] [84 [1262 1263 1265 1266 1267 1269 1270 1271 1272 1273 1274]] [85 [1275 1276 1277 1278 1279 1280 1281 1284 1285 1286 1287 1288 1289]] [86 [1291 1292 1294 1295 1296 1297 1302 1303 1304]] [87 [1305 1309 1310 1311 1312 1314 1316 1317 1318 1319]] [88 [1321 1323 1324 1326 1327 1328 1329 1330 1331 1332 1333 1334]] [89 [1336 1337 1338 1339 1340 1341 1342 1343 1344 1345 1346 1347 1348 1349]] [90 [1350 1351 1352 1353 1355 1356 1357 1358 1359 1360 1361 1362 1364]] [91 [1365 1366 1367 1369 1370 1371 1372 1373 1374 1377 1378]] [92 [1380 1381 1382 1383 1384 1386 1387 1391 1392 1393 1394]] [93 [1395 1396 1397 1398 1402 1404 1407 1408 1409]] [94 [1410 1412 1413 1415 1416 1417 1418 1419 1420 1421 1422 1423 1424]] [95 [1425 1426 1427 1429 1430 1431 1432 1433 1434 1437 1438 1439]] [96 [1440 1441 1442 1444 1445 1446 1447 1448 1449 1450 1451 1452 1453 1454]] [97 [1455 1456 1457 1458 1459 1462 1463 1464 1465 1466 1467 1468 1469]] [98 [1470 1471 1472 1473 1474 1476 1477 1478 1479 1480 1482 1483 1484]] [99 [1485 1486 1488 1489 1491 1492 1493 1494 1495 1496 1497 1498 1499]]]",,"[[{citizen 22} [[""A"" [3 4 4 2 2 2 3 4 3 4]]]] [{citizen 31} [[""A"" [5 2 2 4 3 4 4 2 3 4]]]] [{media 50} [[""A"" [4 4 4 4 4 4 4 4 4 4]]]] [{media 51} [[""A"" [3 3 3 3 3 3 3 3 3 3]]]] [{media 52} [[""A"" [4 4 4 4 4 4 4 4 4 4]]]] [{media 53} [[""A"" [3 3 3 3 3 3 3 3 3 3]]]] [{media 54} [[""A"" [4 4 4 4 4 4 4 4 4 4]]]] [{media 55} [[""A"" [5 5 5 5 5 5 5 5 5 5]]]] [{media 56} [[""A"" [3 3 3 3 3 3 3 3 3 3]]]] [{media 57} [[""A"" [3 3 3 3 3 3 3 3 3 3]]]] [{media 58} [[""A"" [4 4 4 4 4 4 4 4 4 4]]]] [{media 59} [[""A"" [2 2 2 2 2 2 2 2 2 2]]]] [{media 60} [[""A"" [5 5 5 5 5 5 5 5 5 5]]]] [{media 61} [[""A"" [3 3 3 3 3 3 3 3 3 3]]]] [{media 62} [[""A"" [2 2 2 2 2 2 2 2 2 2]]]] [{media 63} [[""A"" [4 4 4 4 4 4 4 4 4 4]]]] [{media 64} [[""A"" [2 2 2 2 2 2 2 2 2 2]]]] [{citizen 3} [[""A"" [2 2 3 3 4 3 2 3 4 5]]]] [{citizen 1} [[""A"" [3 2 2 3 3 3 4 3 4 4]]]] [{citizen 0} [[""A"" [3 2 2 3 3 4 3 3 4 5]]]] [{citizen 7} [[""A"" [5 4 2 2 2 3 3 4 4 5]]]] [{citizen 4} [[""A"" [3 2 2 3 3 4 3 3 4 4]]]] [{citizen 2} [[""A"" [4 2 3 3 4 3 2 4 5 4]]]] [{citizen 13} [[""A"" [3 3 2 2 2 3 3 4 2 4]]]] [{citizen 21} [[""A"" [4 2 2 2 3 3 3 4 4 5]]]] [{citizen 39} [[""A"" [5 3 2 2 2 3 4 2 4 4]]]] [{citizen 5} [[""A"" [5 3 3 2 2 3 4 3 3 4]]]] [{citizen 44} [[""A"" [2 2 3 3 3 4 3 4 5 4]]]] [{citizen 28} [[""A"" [4 5 3 2 2 3 3 4 4 4]]]] [{citizen 24} [[""A"" [4 2 2 2 3 4 3 3 4 5]]]] [{citizen 37} [[""A"" [3 3 2 2 3 4 4 3 4 5]]]] [{citizen 17} [[""A"" [3 2 3 3 4 3 2 4 5 4]]]] [{citizen 30} [[""A"" [3 3 2 2 3 3 4 3 4 5]]]] [{citizen 27} [[""A"" [3 2 2 3 3 3 4 3 3 4]]]] [{citizen 12} [[""A"" [2 2 3 3 4 3 4 2 4 5]]]] [{citizen 16} [[""A"" [2 2 3 4 3 3 4 4 5 4]]]] [{citizen 49} [[""A"" [4 4 3 2 3 3 4 3 4 5]]]] [{citizen 38} [[""A"" [2 2 3 3 4 3 2 4 5 4]]]] [{citizen 36} [[""A"" [2 4 2 2 3 3 4 4 5 4]]]] [{citizen 10} [[""A"" [3 2 2 2 3 4 3 4 5 4]]]] [{citizen 47} [[""A"" [3 2 2 3 3 4 3 3 4 5]]]] [{citizen 11} [[""A"" [2 2 2 3 4 4 2 3 4 5]]]] [{citizen 40} [[""A"" [2 4 4 3 2 2 3 3 4 4]]]] [{citizen 6} [[""A"" [4 3 2 2 3 3 4 3 2 4]]]] [{citizen 19} [[""A"" [4 3 2 2 3 4 3 4 5 4]]]] [{citizen 25} [[""A"" [4 4 3 2 2 3 3 2 3 4]]]] [{citizen 41} [[""A"" [4 2 2 3 4 4 2 3 4 4]]]] [{citizen 9} [[""A"" [3 2 2 2 4 3 3 2 3 4]]]] [{citizen 43} [[""A"" [2 2 2 3 3 4 3 4 4 4]]]] [{citizen 42} [[""A"" [3 2 2 2 3 4 3 4 4 5]]]] [{citizen 33} [[""A"" [3 3 2 2 2 3 4 2 4 5]]]] [{citizen 45} [[""A"" [2 5 4 3 2 2 2 3 4 4]]]] [{citizen 18} [[""A"" [3 4 4 3 3 2 2 3 3 4]]]] [{citizen 15} [[""A"" [3 3 2 2 2 3 4 2 4 5]]]] [{citizen 46} [[""A"" [3 2 3 3 4 2 3 4 5 4]]]] [{citizen 32} [[""A"" [4 3 2 2 3 3 4 3 4 5]]]] [{citizen 20} [[""A"" [3 2 2 3 3 4 3 2 4 5]]]] [{citizen 23} [[""A"" [2 2 4 3 4 3 2 3 4 5]]]] [{citizen 14} [[""A"" [4 4 2 2 4 3 3 4 3 4]]]] [{citizen 35} [[""A"" [3 4 4 2 2 2 3 4 5 4]]]] [{citizen 48} [[""A"" [4 5 4 3 2 4 3 4 5 4]]]] [{citizen 29} [[""A"" [3 2 2 3 3 4 3 2 4 5]]]] [{citizen 26} [[""A"" [4 4 3 3 2 2 2 3 3 4]]]] [{citizen 34} [[""A"" [3 3 3 4 3 2 3 4 5 4]]]]]"
"9","[85 0 170]","216.73469387755105","-3.8354115340724437","-5.520773550083963","""circle""","""""","9.9","{breed citizens}","false","0.5","1","""up""",,"[[""ID"" 9] [""alpha"" 1] [""beta"" 1] [""malleable"" [""A""]] [""prior"" []] [""cont_tokens"" []] [""A"" 4]]","[[0 [0 1 2 3 4 5 6 7 8 9 10 11 12 13 14]] [1 [15 16 17 18 19 20 21 22 23 25 26 28 29]] [2 [30 31 32 33 34 35 36 37 38 39 40 41 42 43 44]] [3 [45 46 47 48 49 50 51 52 53 54 55 56 57 58 59]] [4 [60 61 62 63 64 65 66 67 68 69 70 71 72 73 74]] [5 [75 76 77 78 80 83 84 85 86 87 88 89]] [6 [90 91 92 93 94 95 96 97 98 99 100 101 102 103 104]] [7 [105 106 107 108 109 110 111 112 113 114 115 116 117 118 119]] [8 [120 121 122 123 124 125 126 127 128 129 130 131 132 133 134]] [9 [135 136 137 138 139 140 141 142 143 144 145 146 147 148 149]] [10 [150 151 152 153 154 155 156 157 158 159 160 161 162 163 164]] [11 [165 166 167 168 169 170 171 172 173 174 175 176 177 178 179]] [12 [180 181 182 183 184 185 186 187 188 189 190 191 192 193 194]] [13 [195 196 197 198 199 200 201 202 203 204 205 206 207 208 209]] [14 [210 211 212 213 214 215 216 217 218 219 220 221 222 223 224]] [15 [225 226 227 228 229 230 231 232 233 234 235 236 237 238 239]] [16 [240 241 242 243 244 245 246 247 248 249 250 251 252 253 254]] [17 [255 256 257 258 259 260 261 262 263 264 265 266 267 268 269]] [18 [270 271 272 273 274 275 276 277 278 279 280 281 282 283 284]] [19 [285 286 287 288 289 290 291 292 293 294 295 296 297 298 299]] [20 [300 301 302 303 304 305 306 307 309 310 311 312 313 314]] [21 [315 316 317 318 319 320 321 322 323 324 325 326 327 328 329]] [22 [330 331 332 333 334 335 336 337 338 339 340 341 342 343 344]] [23 [345 346 347 348 349 350 351 352 353 354 355 356 357 358 359]] [24 [360 361 362 363 364 365 366 367 368 369 370 371 372 373 374]] [25 [375 376 377 378 379 380 381 382 383 384 385 386 387 388 389]] [26 [390 391 392 393 394 395 396 397 398 399 400 401 402 403 404]] [27 [405 406 407 408 409 410 411 412 413 414 415 416 417 418 419]] [28 [420 421 422 423 424 425 426 427 428 429 430 431 432 433 434]] [29 [435 436 437 438 439 440 441 442 443 444 445 446 447 448 449]] [30 [450 451 452 453 454 455 456 457 458 459 460 461 462 463 464]] [31 [465 466 467 468 469 470 471 472 473 474 475 476 477 478 479]] [32 [480 481 482 483 484 485 486 487 488 489 490 491 492 493 494]] [33 [495 496 497 498 499 500 501 502 503 504 505 506 507 508 509]] [34 [510 511 512 513 514 515 516 517 519 520 521 522 523 524]] [35 [525 526 527 528 529 530 531 532 533 534 535 536 537 538 539]] [36 [540 541 542 543 544 545 546 547 548 549 550 551 552 553 554]] [37 [555 556 557 558 559 560 561 562 563 564 565 566 567 568 569]] [38 [570 571 572 573 574 575 576 577 578 579 580 581 582 583 584]] [39 [585 586 587 588 589 590 591 592 593 594 595 596 597 598 599]] [40 [600 601 602 603 604 605 606 607 608 609 610 611 612 613 614]] [41 [615 616 617 618 619 620 621 622 623 624 625 626 627 628 629]] [42 [630 631 632 633 634 635 636 637 638 639 640 641 642 643 644]] [43 [645 646 647 648 649 650 651 652 653 654 656 657 658 659]] [44 [660 661 662 663 664 665 666 667 668 669 670 671 672 673 674]] [45 [675 676 677 678 679 680 681 682 683 684 685 686 687 688 689]] [46 [690 691 692 693 694 695 696 697 698 699 700 701 702 703 704]] [47 [705 706 707 708 709 710 711 712 713 714 715 716 717 718 719]] [48 [720 721 722 723 724 725 726 727 728 729 730 731 732 733 734]] [49 [735 736 737 738 739 740 741 742 743 744 745 746 747 748 749]] [50 [750 751 752 753 754 755 756 757 758 759 760 761 762 763 764]] [51 [765 766 767 768 769 770 771 772 773 774 775 776 777 778 779]] [52 [780 781 782 783 784 785 786 787 788 789 790 791 792 793 794]] [53 [795 796 797 798 799 800 801 802 803 804 805 806 807 808 809]] [54 [810 811 812 813 814 815 816 817 818 819 820 821 822 823 824]] [55 [825 826 827 828 829 830 831 832 833 834 835 836 837 838 839]] [56 [840 841 842 843 844 845 846 847 848 849 850 851 852 853 854]] [57 [855 856 857 858 859 860 861 862 863 864 865 866 867 868 869]] [58 [870 871 872 873 874 875 876 877 878 879 880 881 882 883 884]] [59 [885 886 887 888 889 890 891 892 893 894 895 896 897 898 899]] [60 [900 901 902 903 904 905 906 907 908 909 910 911 912 913 914]] [61 [915 916 917 918 919 920 921 922 923 924 925 926 927 928 929]] [62 [930 931 932 933 934 935 936 937 938 939 940 941 942 943 944]] [63 [945 946 947 948 949 950 951 952 953 954 955 956 957 958 959]] [64 [960 961 962 963 964 965 966 967 968 969 970 971 972 973 974]] [65 [975 976 977 978 979 980 981 984 985 986 987 988 989]] [66 [990 991 992 993 994 996 997 998 999 1000 1001 1002 1003 1004]] [67 [1005 1006 1007 1008 1009 1010 1011 1012 1013 1014 1015 1016 1017 1018 1019]] [68 [1020 1022 1023 1024 1025 1026 1027 1028 1029 1030 1031 1032 1034]] [69 [1035 1036 1037 1038 1039 1040 1041 1042 1043 1044 1045 1046 1047 1048 1049]] [70 [1050 1051 1052 1053 1054 1055 1056 1057 1058 1059 1060 1061 1062 1063 1064]] [71 [1065 1066 1067 1068 1069 1070 1071 1072 1073 1074 1075 1076 1077 1078 1079]] [72 [1080 1081 1082 1083 1084 1085 1086 1087 1088 1089 1090 1091 1092 1093 1094]] [73 [1095 1096 1097 1098 1099 1100 1101 1102 1103 1104 1105 1106 1107 1108 1109]] [74 [1110 1111 1112 1113 1114 1115 1116 1117 1118 1119 1120 1121 1122 1123 1124]] [75 [1125 1126 1127 1128 1129 1130 1131 1132 1133 1134 1135 1136 1137 1138 1139]] [76 [1140 1141 1142 1143 1144 1145 1146 1147 1148 1149 1150 1151 1152 1153 1154]] [77 [1155 1156 1157 1159 1161 1162 1163 1164 1165 1166 1167 1168 1169]] [78 [1170 1171 1172 1173 1174 1175 1176 1177 1178 1179 1180 1181 1182 1183 1184]] [79 [1185 1186 1187 1188 1189 1190 1191 1192 1193 1194 1195 1196 1197 1198 1199]] [80 [1200 1201 1202 1203 1204 1205 1206 1207 1208 1209 1210 1211 1212 1213 1214]] [81 [1215 1216 1217 1218 1219 1220 1221 1222 1223 1224 1225 1226 1227 1228 1229]] [82 [1230 1231 1232 1233 1234 1235 1236 1237 1238 1239 1240 1241 1242 1243 1244]] [83 [1245 1246 1247 1248 1249 1250 1251 1252 1253 1254 1255 1256 1257 1258 1259]] [84 [1260 1262 1263 1264 1265 1266 1267 1269 1270 1271 1272 1273 1274]] [85 [1275 1276 1277 1278 1279 1280 1281 1282 1283 1284 1285 1286 1287 1288 1289]] [86 [1290 1291 1292 1293 1294 1295 1296 1297 1298 1299 1300 1301 1302 1303 1304]] [87 [1305 1306 1307 1308 1309 1310 1311 1312 1313 1314 1315 1316 1317 1318 1319]] [88 [1320 1321 1322 1323 1324 1325 1326 1327 1328 1329 1330 1331 1332 1333 1334]] [89 [1335 1336 1337 1338 1339 1340 1341 1342 1343 1344 1345 1346 1347 1348 1349]] [90 [1350 1351 1352 1353 1354 1355 1356 1357 1358 1359 1360 1361 1362 1363 1364]] [91 [1365 1366 1367 1368 1369 1370 1371 1372 1373 1374 1375 1376 1377 1378 1379]] [92 [1380 1381 1382 1383 1384 1385 1386 1387 1388 1389 1390 1391 1392 1393 1394]] [93 [1395 1396 1397 1398 1399 1400 1401 1402 1403 1404 1405 1406 1407 1408 1409]] [94 [1410 1411 1412 1413 1414 1415 1416 1417 1418 1419 1420 1421 1422 1423 1424]] [95 [1425 1426 1427 1428 1429 1430 1431 1432 1433 1434 1435 1436 1437 1438 1439]] [96 [1440 1441 1442 1443 1444 1445 1446 1447 1448 1449 1450 1451 1452 1453 1454]] [97 [1455 1456 1457 1458 1459 1461 1462 1463 1464 1465 1466 1467 1468 1469]] [98 [1470 1471 1472 1473 1474 1475 1476 1477 1478 1479 1480 1481 1482 1483 1484]] [99 [1485 1486 1487 1488 1489 1491 1492 1493 1494 1495 1496 1497 1498 1499]]]","[[0 [0 1 2 3 4 6 7 8 9 11 12 13 14]] [1 [15 16 17 18 19 20 21 22 23 25 26 28 29]] [2 [30 32 33 34 35 36 37 38 40 41 42 43 44]] [3 [45 46 47 48 49 50 51 52 54 55 57 58]] [4 [60 61 62 63 64 65 66 67 68 69 70 71 73 74]] [5 [75 76 77 78 80 83 84 86 87 88 89]] [6 [90 91 93 94 95 98 99 100 102 103 104]] [7 [105 106 107 108 109 110 111 113 114 116 117 118]] [8 [120 121 122 123 124 125 126 127 128 131 132 133]] [9 [135 136 137 140 141 142 143 144 145 147 148 149]] [10 [150 151 152 153 154 155 157 158 160 162 163 164]] [11 [165 167 168 169 170 171 172 173 174 175 176 178 179]] [12 [180 181 182 183 185 186 187 188 189 190 191 193 194]] [13 [195 196 197 198 199 200 201 202 203 204 205 207 208 209]] [14 [211 212 213 214 215 216 217 219 220 221 222 223 224]] [15 [225 226 227 228 229 230 231 232 233 235 237 238 239]] [16 [240 241 242 243 246 247 248 253 254]] [17 [255 256 257 258 259 260 262 263 264 265 266 267 268 269]] [18 [270 271 272 273 274 276 277 278 279 281 282 283 284]] [19 [285 286 289 290 291 292 293 294 297 298 299]] [20 [301 302 303 304 305 306 307 309 311 312 313]] [21 [315 316 317 318 319 320 321 324 325 326 327 328 329]] [22 [330 331 332 333 334 335 338 339 340 341 342 343]] [23 [345 346 347 348 350 351 352 353 354 355 356 357 358 359]] [24 [360 361 362 363 364 366 367 368 370 372 373 374]] [25 [375 377 378 379 381 382 383 384 385 387 388 389]] [26 [390 391 392 393 394 396 397 398 399 400 401 402 404]] [27 [405 406 407 408 409 410 411 412 413 414 415 416 417 418]] [28 [421 422 423 424 425 426 427 429 430 431 432 433 434]] [29 [435 436 437 439 440 441 442 443 444 445 446 447 448 449]] [30 [450 451 452 453 456 457 458 459 463 464]] [31 [465 466 467 468 469 470 471 472 473 474 475 477 478 479]] [32 [480 481 482 484 485 486 487 490 492 493 494]] [33 [495 497 499 500 501 502 503 504 505 506 507 508]] [34 [510 511 512 513 514 515 516 517 520 521 522 523]] [35 [525 526 527 528 529 530 531 532 534 535 537 538 539]] [36 [540 541 542 543 544 546 547 548 549 550 551 552 553 554]] [37 [555 556 557 558 559 560 561 562 563 564 565 566 567 568 569]] [38 [570 571 572 573 574 575 577 578 579 581 582 583 584]] [39 [585 586 587 588 589 590 592 593 594 595 598 599]] [40 [600 601 602 603 604 605 606 609 610 613]] [41 [615 616 617 618 619 620 622 623 624 625 626 627 629]] [42 [630 632 633 634 635 636 637 639 640 641 642 643 644]] [43 [645 646 649 651 652 653 654 656 657 658 659]] [44 [660 661 663 664 665 667 668 669 670 671 672 673 674]] [45 [675 676 677 678 679 680 681 682 684 685 689]] [46 [690 692 693 694 695 696 697 698 699 700 701 703 704]] [47 [707 708 711 712 713 714 715 716 717 718 719]] [48 [720 722 723 725 726 729 730 731 732 733 734]] [49 [735 736 737 738 739 740 741 742 743 744 745 746 748]] [50 [750 752 753 754 755 758 759 760 761 762 763 764]] [51 [765 768 769 770 771 772 773 774 775 776 777 778 779]] [52 [780 781 782 784 785 786 787 788 789 790 791 792 793 794]] [53 [795 796 797 798 799 800 801 802 803 804 805 806]] [54 [810 811 812 813 814 815 816 817 819 820 821 823 824]] [55 [825 826 827 829 830 831 832 833 835 837 838 839]] [56 [841 843 845 847 848 849 851 852 853 854]] [57 [855 857 858 859 860 861 862 863 864 865 866 867 868 869]] [58 [870 871 872 873 874 875 877 878 880 881 882 883]] [59 [885 886 887 888 889 890 891 892 893 894 895 896 898]] [60 [900 901 902 903 904 905 906 907 908 909 910 911 913]] [61 [918 919 920 921 922 924 925 926 928 929]] [62 [930 931 932 933 934 935 936 937 938 939 940 941 942 944]] [63 [946 948 949 950 951 952 955 956 957 958 959]] [64 [960 962 963 964 965 967 968 969 970 973 974]] [65 [975 976 977 978 979 980 981 984 985 986 987 988 989]] [66 [991 992 993 994 996 997 998 999 1000 1001 1002 1003 1004]] [67 [1005 1006 1007 1008 1009 1010 1011 1012 1013 1014 1015 1016 1018 1019]] [68 [1020 1022 1023 1024 1025 1026 1027 1028 1029 1031 1032 1034]] [69 [1035 1036 1037 1038 1040 1041 1042 1043 1044 1045 1048 1049]] [70 [1050 1051 1052 1053 1054 1055 1056 1057 1059 1060 1061 1062 1063 1064]] [71 [1065 1066 1067 1068 1069 1070 1071 1074 1075 1076 1078]] [72 [1080 1081 1082 1083 1086 1087 1088 1089 1091 1092 1093 1094]] [73 [1095 1096 1097 1099 1101 1103 1104 1105 1106 1107 1108 1109]] [74 [1110 1111 1112 1114 1115 1116 1118 1119 1121 1122 1123 1124]] [75 [1125 1126 1127 1128 1129 1130 1131 1132 1133 1134 1136 1137 1138 1139]] [76 [1141 1142 1143 1144 1145 1146 1147 1148 1149 1150 1152 1153 1154]] [77 [1155 1156 1157 1159 1161 1162 1163 1164 1165 1166 1167 1168 1169]] [78 [1170 1171 1172 1173 1174 1175 1176 1177 1181 1182 1183 1184]] [79 [1185 1186 1187 1188 1189 1190 1192 1193 1194 1196 1197 1198 1199]] [80 [1201 1202 1203 1205 1206 1207 1208 1209 1211 1213]] [81 [1215 1216 1217 1220 1221 1222 1223 1225 1226 1227 1229]] [82 [1230 1231 1232 1233 1234 1235 1236 1237 1238 1239 1242 1243 1244]] [83 [1246 1247 1248 1249 1250 1251 1252 1255 1256 1257 1258 1259]] [84 [1260 1263 1264 1265 1266 1267 1270 1271 1272 1273 1274]] [85 [1275 1276 1277 1278 1279 1281 1282 1283 1284 1285 1286 1287]] [86 [1290 1291 1292 1294 1295 1296 1297 1299 1300 1301 1304]] [87 [1305 1307 1308 1309 1310 1311 1313 1315 1316 1317 1318 1319]] [88 [1320 1321 1323 1324 1325 1326 1327 1328 1329 1330 1331 1333 1334]] [89 [1336 1337 1338 1339 1340 1341 1342 1343 1344 1345 1347 1348 1349]] [90 [1351 1352 1353 1355 1356 1357 1358 1359 1360 1361 1362 1363 1364]] [91 [1365 1366 1367 1369 1370 1371 1372 1373 1374 1375 1376 1377 1378]] [92 [1382 1383 1384 1386 1387 1388 1389 1390 1391 1392 1393 1394]] [93 [1395 1396 1397 1398 1399 1400 1401 1402 1404 1406 1407 1408 1409]] [94 [1410 1411 1412 1413 1414 1415 1417 1418 1419 1420 1421 1422 1424]] [95 [1425 1426 1427 1431 1432 1433 1435 1436 1437 1438 1439]] [96 [1440 1441 1442 1444 1445 1446 1447 1448 1449 1451 1452 1453 1454]] [97 [1455 1457 1458 1459 1462 1463 1464 1465 1466 1467 1468 1469]] [98 [1470 1471 1472 1474 1475 1476 1477 1478 1479 1480 1481 1482 1483 1484]] [99 [1485 1486 1487 1488 1489 1491 1492 1493 1494 1495 1496 1497 1498 1499]]]",,"[[{citizen 14} [[""A"" [3 2 2 4 3 3 4 3 4 4]]]] [{citizen 18} [[""A"" [2 3 3 4 4 5 2 2 3 4]]]] [{citizen 21} [[""A"" [4 3 2 2 3 3 4 4 5 4]]]] [{citizen 23} [[""A"" [4 3 5 2 2 3 4 3 3 5]]]] [{citizen 24} [[""A"" [3 2 2 2 3 4 3 3 4 5]]]] [{citizen 25} [[""A"" [4 2 4 3 3 2 3 4 3 5]]]] [{citizen 31} [[""A"" [5 5 3 2 4 3 4 4 3 4]]]] [{citizen 43} [[""A"" [5 3 2 2 3 4 4 4 5 4]]]] [{citizen 48} [[""A"" [4 3 3 2 3 4 3 4 5 4]]]] [{media 50} [[""A"" [4 4 4 4 4 4 4 4 4 4]]]] [{media 51} [[""A"" [3 3 3 3 3 3 3 3 3 3]]]] [{media 52} [[""A"" [4 4 4 4 4 4 4 4 4 4]]]] [{media 53} [[""A"" [3 3 3 3 3 3 3 3 3 3]]]] [{media 54} [[""A"" [4 4 4 4 4 4 4 4 4 4]]]] [{media 55} [[""A"" [5 5 5 5 5 5 5 5 5 5]]]] [{media 56} [[""A"" [3 3 3 3 3 3 3 3 3 3]]]] [{media 57} [[""A"" [3 3 3 3 3 3 3 3 3 3]]]] [{media 58} [[""A"" [4 4 4 4 4 4 4 4 4 4]]]] [{media 59} [[""A"" [2 2 2 2 2 2 2 2 2 2]]]] [{media 60} [[""A"" [5 5 5 5 5 5 5 5 5 5]]]] [{media 61} [[""A"" [3 3 3 3 3 3 3 3 3 3]]]] [{media 62} [[""A"" [2 2 2 2 2 2 2 2 2 2]]]] [{media 63} [[""A"" [4 4 4 4 4 4 4 4 4 4]]]] [{media 64} [[""A"" [2 2 2 2 2 2 2 2 2 2]]]] [{citizen 1} [[""A"" [2 2 3 3 3 4 3 4 5 4]]]] [{citizen 0} [[""A"" [4 4 3 3 2 3 3 4 3 5]]]] [{citizen 4} [[""A"" [2 4 3 2 3 3 4 3 4 4]]]] [{citizen 2} [[""A"" [4 2 4 3 2 3 4 3 5 4]]]] [{citizen 13} [[""A"" [4 4 4 3 2 2 3 3 4 4]]]] [{citizen 7} [[""A"" [4 5 3 2 2 3 3 4 4 5]]]] [{citizen 39} [[""A"" [4 3 3 2 3 3 4 4 5 4]]]] [{citizen 5} [[""A"" [5 3 3 2 2 3 3 4 3 5]]]] [{citizen 44} [[""A"" [4 4 2 2 3 3 4 3 5 4]]]] [{citizen 28} [[""A"" [4 4 2 3 2 2 3 4 5 4]]]] [{citizen 37} [[""A"" [3 5 3 2 2 3 4 4 3 5]]]] [{citizen 17} [[""A"" [4 4 3 3 2 3 4 3 5 4]]]] [{citizen 30} [[""A"" [4 4 3 2 2 3 3 4 4 5]]]] [{citizen 3} [[""A"" [5 5 3 2 3 3 4 3 4 5]]]] [{citizen 27} [[""A"" [4 3 2 3 3 4 3 3 4 5]]]] [{citizen 12} [[""A"" [3 5 2 3 3 3 4 3 4 5]]]] [{citizen 16} [[""A"" [4 3 4 5 3 3 4 4 5 4]]]] [{citizen 49} [[""A"" [4 2 4 4 3 2 3 3 4 5]]]] [{citizen 8} [[""A"" [3 4 4 3 3 3 4 4 5 4]]]] [{citizen 22} [[""A"" [4 4 4 3 2 2 4 4 5 4]]]] [{citizen 33} [[""A"" [4 4 4 3 2 2 3 4 4 5]]]] [{citizen 35} [[""A"" [4 3 4 3 2 2 3 4 5 4]]]] [{citizen 19} [[""A"" [4 3 2 2 3 4 4 4 5 4]]]] [{citizen 38} [[""A"" [4 3 5 3 2 3 4 3 5 4]]]] [{citizen 36} [[""A"" [4 4 4 2 3 3 4 4 5 4]]]] [{citizen 10} [[""A"" [5 3 2 2 2 3 4 3 5 4]]]] [{citizen 47} [[""A"" [4 3 3 2 2 3 4 3 3 5]]]] [{citizen 11} [[""A"" [2 2 3 3 4 4 3 4 5 4]]]] [{citizen 40} [[""A"" [4 4 4 3 3 2 3 3 5 4]]]] [{citizen 6} [[""A"" [4 4 3 2 3 3 3 4 3 5]]]] [{citizen 41} [[""A"" [4 5 4 5 2 3 4 4 3 4]]]] [{citizen 45} [[""A"" [4 2 4 3 2 2 3 3 4 4]]]] [{citizen 42} [[""A"" [4 3 3 2 3 4 3 4 4 5]]]] [{citizen 15} [[""A"" [2 4 5 3 2 2 2 4 4 5]]]] [{citizen 46} [[""A"" [4 4 3 2 3 4 3 4 5 4]]]] [{citizen 32} [[""A"" [4 5 3 2 3 3 4 3 4 5]]]] [{citizen 20} [[""A"" [4 3 2 2 3 3 4 3 4 5]]]] [{citizen 26} [[""A"" [4 3 3 2 2 3 4 3 4 5]]]] [{citizen 29} [[""A"" [4 4 3 2 3 3 4 3 5 4]]]] [{citizen 34} [[""A"" [5 3 2 2 3 3 4 3 5 4]]]]]"
"10","[85 0 170]","28.285714285714285","6.220960743707524","11.488662281552552","""circle""","""""","9.9","{breed citizens}","false","0.5","1","""up""",,"[[""ID"" 10] [""alpha"" 1] [""beta"" 1] [""malleable"" [""A""]] [""prior"" []] [""cont_tokens"" []] [""A"" 4]]","[[0 [0 1 2 3 4 5 6 7 8 9 10 11 12 13 14]] [1 [15 16 17 18 19 20 21 22 23 25 26 28 29]] [2 [30 31 32 33 34 35 36 37 38 39 40 41 42 43 44]] [3 [45 46 47 48 49 50 51 52 53 54 55 56 57 58 59]] [4 [60 61 62 63 64 65 66 67 68 69 70 71 72 73 74]] [5 [75 76 77 78 80 83 84 85 86 87 88 89]] [6 [90 91 92 93 94 95 96 97 98 99 100 101 102 103 104]] [7 [105 106 107 108 109 110 111 112 113 114 115 116 117 118 119]] [8 [120 121 122 123 124 125 126 127 128 129 130 131 132 133 134]] [9 [135 136 137 138 139 140 141 142 143 144 145 146 147 148 149]] [10 [150 151 152 153 154 155 156 157 158 159 160 161 162 163 164]] [11 [165 166 167 168 169 170 171 172 173 174 175 176 177 178 179]] [12 [180 181 182 183 184 185 186 187 188 189 190 191 192 193 194]] [13 [195 196 197 198 199 200 201 202 203 204 205 206 207 208 209]] [14 [210 211 212 213 214 215 216 217 218 219 220 221 222 223 224]] [15 [225 226 227 228 229 230 231 232 233 234 235 236 237 238 239]] [16 [240 241 242 243 244 245 246 247 248 249 250 251 252 253 254]] [17 [255 256 257 258 259 260 261 262 263 264 265 266 267 268 269]] [18 [270 271 272 273 274 275 276 277 278 279 280 281 282 283 284]] [19 [285 286 287 288 289 290 291 292 293 294 295 296 297 298 299]] [20 [300 301 302 303 304 305 306 307 309 310 311 312 313 314]] [21 [315 316 317 318 319 320 321 322 323 324 325 326 327 328 329]] [22 [330 331 332 333 334 335 336 337 338 339 340 341 342 343 344]] [23 [345 346 347 348 349 350 351 352 353 354 355 356 357 358 359]] [24 [360 361 362 363 364 365 366 367 368 369 370 371 372 373 374]] [25 [375 376 377 378 379 380 381 382 383 384 385 386 387 388 389]] [26 [390 391 392 393 394 395 396 397 398 399 400 401 402 403 404]] [27 [405 406 407 408 409 410 411 412 413 414 415 416 417 418 419]] [28 [420 421 422 423 424 425 426 427 428 429 430 431 432 433 434]] [29 [435 436 437 438 439 440 441 442 443 444 445 446 447 448 449]] [30 [450 451 452 453 454 455 456 457 458 459 460 461 462 463 464]] [31 [465 466 467 468 469 470 471 472 473 474 475 476 477 478 479]] [32 [480 481 482 483 484 485 486 487 488 489 490 491 492 493 494]] [33 [495 496 497 498 499 500 501 502 503 504 505 506 507 508 509]] [34 [510 511 512 513 514 515 516 517 519 520 521 522 523 524]] [35 [525 526 527 528 529 530 531 532 533 534 535 536 537 538 539]] [36 [540 541 542 543 544 545 546 547 548 549 550 551 552 553 554]] [37 [555 556 557 558 559 560 561 562 563 564 565 566 567 568 569]] [38 [570 571 572 573 574 575 576 577 578 579 580 581 582 583 584]] [39 [585 586 587 588 589 590 591 592 593 594 595 596 597 598 599]] [40 [600 601 602 603 604 605 606 607 608 609 610 611 612 613 614]] [41 [615 616 617 618 619 620 621 622 623 624 625 626 627 628 629]] [42 [630 631 632 633 634 635 636 637 638 639 640 641 642 643 644]] [43 [645 646 647 648 649 650 651 652 653 654 656 657 658 659]] [44 [660 661 662 663 664 665 666 667 668 669 670 671 672 673 674]] [45 [675 676 677 678 679 680 681 682 683 684 685 686 687 688 689]] [46 [690 691 692 693 694 695 696 697 698 699 700 701 702 703 704]] [47 [705 706 707 708 709 710 711 712 713 714 715 716 717 718 719]] [48 [720 721 722 723 724 725 726 727 728 729 730 731 732 733 734]] [49 [735 736 737 738 739 740 741 742 743 744 745 746 747 748 749]] [50 [750 751 752 753 754 755 756 757 758 759 760 761 762 763 764]] [51 [765 766 767 768 769 770 771 772 773 774 775 776 777 778 779]] [52 [780 781 782 783 784 785 786 787 788 789 790 791 792 793 794]] [53 [795 796 797 798 799 800 801 802 803 804 805 806 807 808 809]] [54 [810 811 812 813 814 815 816 817 818 819 820 821 822 823 824]] [55 [825 826 827 828 829 830 831 832 833 834 835 836 837 838 839]] [56 [840 841 842 843 844 845 846 847 848 849 850 851 852 853 854]] [57 [855 856 857 858 859 860 861 862 863 864 865 866 867 868 869]] [58 [870 871 872 873 874 875 876 877 878 879 880 881 882 883 884]] [59 [885 886 887 888 889 890 891 892 893 894 895 896 897 898 899]] [60 [900 901 902 903 904 905 906 907 908 909 910 911 912 913 914]] [61 [915 916 917 918 919 920 921 922 923 924 925 926 927 928 929]] [62 [930 931 932 933 934 935 936 937 938 939 940 941 942 943 944]] [63 [945 946 947 948 949 950 951 952 953 954 955 956 957 958 959]] [64 [960 961 962 963 964 965 966 967 968 969 970 971 972 973 974]] [65 [975 976 977 978 979 980 981 984 985 986 987 988 989]] [66 [990 991 992 993 994 996 997 998 999 1000 1001 1002 1003 1004]] [67 [1005 1006 1007 1008 1009 1010 1011 1012 1013 1014 1015 1016 1017 1018 1019]] [68 [1020 1022 1023 1024 1025 1026 1027 1028 1029 1030 1031 1032 1034]] [69 [1035 1036 1037 1038 1039 1040 1041 1042 1043 1044 1045 1046 1047 1048 1049]] [70 [1050 1051 1052 1053 1054 1055 1056 1057 1058 1059 1060 1061 1062 1063 1064]] [71 [1065 1066 1067 1068 1069 1070 1071 1072 1073 1074 1075 1076 1077 1078 1079]] [72 [1080 1081 1082 1083 1084 1085 1086 1087 1088 1089 1090 1091 1092 1093 1094]] [73 [1095 1096 1097 1098 1099 1100 1101 1102 1103 1104 1105 1106 1107 1108 1109]] [74 [1110 1111 1112 1113 1114 1115 1116 1117 1118 1119 1120 1121 1122 1123 1124]] [75 [1125 1126 1127 1128 1129 1130 1131 1132 1133 1134 1135 1136 1137 1138 1139]] [76 [1140 1141 1142 1143 1144 1145 1146 1147 1148 1149 1150 1151 1152 1153 1154]] [77 [1155 1156 1157 1159 1161 1162 1163 1164 1165 1166 1167 1168 1169]] [78 [1170 1171 1172 1173 1174 1175 1176 1177 1178 1179 1180 1181 1182 1183 1184]] [79 [1185 1186 1187 1188 1189 1190 1191 1192 1193 1194 1195 1196 1197 1198 1199]] [80 [1200 1201 1202 1203 1204 1205 1206 1207 1208 1209 1210 1211 1212 1213 1214]] [81 [1215 1216 1217 1218 1219 1220 1221 1222 1223 1224 1225 1226 1227 1229]] [82 [1230 1231 1232 1233 1234 1235 1236 1237 1238 1239 1240 1241 1242 1243 1244]] [83 [1245 1246 1247 1248 1249 1250 1251 1252 1253 1254 1255 1256 1257 1258 1259]] [84 [1260 1262 1263 1264 1265 1266 1267 1269 1270 1271 1272 1273 1274]] [85 [1275 1276 1277 1278 1279 1280 1281 1282 1283 1284 1285 1286 1287 1288 1289]] [86 [1290 1291 1292 1293 1294 1295 1296 1297 1299 1300 1301 1302 1303 1304]] [87 [1305 1306 1307 1308 1309 1310 1311 1312 1313 1314 1315 1316 1317 1318 1319]] [88 [1320 1321 1322 1323 1324 1325 1326 1327 1328 1329 1330 1331 1332 1333 1334]] [89 [1335 1336 1337 1338 1339 1340 1341 1342 1343 1344 1345 1346 1347 1348 1349]] [90 [1350 1351 1352 1353 1354 1355 1356 1357 1358 1359 1360 1361 1362 1363 1364]] [91 [1365 1366 1367 1368 1369 1370 1371 1372 1373 1374 1375 1376 1377 1378 1379]] [92 [1380 1381 1382 1383 1384 1385 1386 1387 1388 1389 1390 1391 1392 1393 1394]] [93 [1395 1396 1397 1398 1399 1400 1401 1402 1403 1404 1405 1406 1407 1408 1409]] [94 [1410 1411 1412 1413 1414 1415 1416 1417 1418 1419 1420 1421 1422 1423 1424]] [95 [1425 1426 1427 1428 1429 1430 1431 1432 1433 1434 1435 1436 1437 1438 1439]] [96 [1440 1441 1442 1443 1444 1445 1446 1447 1448 1449 1450 1451 1452 1453 1454]] [97 [1455 1456 1457 1458 1459 1461 1462 1463 1464 1465 1466 1467 1468 1469]] [98 [1470 1471 1472 1473 1474 1475 1476 1477 1478 1479 1480 1481 1482 1483 1484]] [99 [1485 1486 1487 1488 1489 1491 1492 1493 1494 1495 1496 1497 1498 1499]]]","[[0 [1 2 3 4 5 7 8 9 11 12 13 14]] [1 [15 16 17 18 20 21 22 23 25 26 28 29]] [2 [31 33 34 35 37 38 40 41 43 44]] [3 [45 46 47 48 49 50 51 52 54 56 57 58 59]] [4 [61 62 63 64 65 66 67 68 69 70 71 73 74]] [5 [75 76 77 78 80 83 84 85 86 87 88 89]] [6 [90 91 93 94 95 97 98 99 100 102 103 104]] [7 [105 106 107 108 109 110 112 114 115 116 117 118 119]] [8 [122 123 124 125 126 127 128 131 132 134]] [9 [135 136 137 139 140 141 143 144 145 146 147 148 149]] [10 [150 151 153 154 156 157 158 159 160 162 163 164]] [11 [165 167 168 170 171 172 173 174 177 178 179]] [12 [180 181 182 183 186 187 188 189 190 191 192 193 194]] [13 [195 197 198 199 200 201 202 205 208 209]] [14 [211 212 213 214 218 219 220 221 222 223 224]] [15 [225 226 227 228 229 230 231 232 233 234 236 239]] [16 [240 241 242 243 244 245 247 248 249 250 251 252 253 254]] [17 [255 256 257 258 259 260 262 263 264 265 266 267 268]] [18 [272 273 275 277 278 279 281 282 283 284]] [19 [285 287 288 291 292 293 295 296 298 299]] [20 [301 302 303 304 305 306 307 309 310 313 314]] [21 [316 317 318 319 320 321 325 326 327 328 329]] [22 [330 331 332 333 335 338 339 340 341 342 343]] [23 [346 347 348 350 351 355 356 357 358 359]] [24 [360 361 362 363 364 369 370 373]] [25 [375 377 378 379 380 381 382 383 384 385 387 388 389]] [26 [390 391 392 393 395 398 399 400 401 402 403 404]] [27 [405 406 407 408 409 410 411 413 414 415 416 417 418 419]] [28 [420 421 422 424 425 426 427 429 430 431 432 433 434]] [29 [435 436 437 440 441 442 443 444 445 446 447 448]] [30 [450 451 452 453 454 455 456 457 458 459 463 464]] [31 [465 466 467 468 469 470 471 472 473 474 475 477]] [32 [480 482 484 485 486 487 488 489 490 491 492 493 494]] [33 [495 496 498 499 501 502 503 504 505 506 507 508]] [34 [510 511 512 513 514 515 516 517 520 521 522 524]] [35 [525 526 527 528 529 530 531 532 533 534 535 537 538 539]] [36 [540 542 543 544 546 547 548 549 550 551 552 553 554]] [37 [555 556 557 558 560 561 562 563 564 565 566 567]] [38 [570 571 572 573 574 575 577 578 579 581 582 583 584]] [39 [585 586 587 588 589 590 592 593 594 596 597 598 599]] [40 [600 601 604 605 607 608 611 612 613 614]] [41 [615 616 617 618 619 620 621 622 623 628 629]] [42 [630 632 633 634 635 636 637 638 640 641 643 644]] [43 [647 648 650 651 652 653 654 656 657 658 659]] [44 [660 661 662 663 664 665 667 668 669 670 671 672 673 674]] [45 [675 676 677 678 679 680 681 682 683 686 687 688 689]] [46 [690 691 692 693 694 695 696 697 698 699 700 701 702 703 704]] [47 [706 707 708 711 712 713 714 715 716 717 718 719]] [48 [720 721 722 724 726 727 728 730 731 732 733 734]] [49 [735 736 737 738 740 741 742 743 744 745 746 748]] [50 [750 752 753 754 755 756 757 759 760 761 762 763 764]] [51 [765 768 769 770 771 772 773 774 775 776 777 778 779]] [52 [780 781 782 784 785 786 788 789 790 791 792 793 794]] [53 [795 796 797 798 799 800 801 802 803 804 805 806]] [54 [810 811 812 813 814 815 817 818 819 820 821 822 824]] [55 [825 826 827 829 830 831 832 833 835 837 838 839]] [56 [841 842 843 844 845 846 847 848 849 851 852 853]] [57 [855 856 857 858 859 861 862 863 864 865 866 867 868 869]] [58 [870 871 872 873 874 875 877 878 880 881 882 883]] [59 [885 886 887 888 889 890 891 892 893 896 897 899]] [60 [901 902 903 904 905 906 907 908 909 911 913]] [61 [918 919 920 921 922 924 925 926 928 929]] [62 [930 931 932 934 935 936 937 938 939 940 941 942 944]] [63 [946 947 948 949 950 952 954 955 956 957 958 959]] [64 [960 962 963 964 965 966 967 968 969 970 971 972 973 974]] [65 [975 976 977 978 979 980 981 987 988 989]] [66 [991 992 993 994 996 997 998 999 1000 1001 1002 1003]] [67 [1005 1006 1007 1008 1009 1010 1011 1013 1014 1015 1016 1018 1019]] [68 [1020 1022 1023 1024 1025 1026 1028 1029 1030 1031 1032 1034]] [69 [1035 1036 1037 1038 1039 1040 1042 1043 1044 1046 1047 1048 1049]] [70 [1050 1051 1052 1053 1054 1055 1056 1057 1059 1060 1061 1062 1063]] [71 [1065 1066 1067 1068 1069 1070 1071 1073 1074 1075 1077 1078 1079]] [72 [1080 1081 1082 1083 1086 1087 1088 1089 1090 1092 1093 1094]] [73 [1095 1096 1097 1099 1101 1102 1105 1106 1107 1108 1109]] [74 [1110 1111 1112 1114 1115 1116 1118 1119 1121 1122 1123 1124]] [75 [1125 1126 1127 1128 1129 1130 1131 1132 1133 1134 1136 1137 1138 1139]] [76 [1142 1143 1144 1145 1146 1147 1148 1149 1150 1152 1153 1154]] [77 [1155 1156 1157 1159 1161 1163 1164 1165 1166 1167 1168]] [78 [1170 1171 1172 1174 1175 1178 1179 1181 1182 1183 1184]] [79 [1185 1186 1187 1188 1189 1190 1191 1192 1193 1194 1195 1196 1197 1198 1199]] [80 [1201 1202 1203 1204 1205 1206 1207 1208 1209 1210 1211 1212 1214]] [81 [1215 1216 1217 1221 1222 1224 1225 1226 1227 1229]] [82 [1230 1231 1232 1233 1234 1235 1237 1238 1239 1242 1243 1244]] [83 [1245 1246 1247 1249 1250 1251 1252 1253 1254 1255 1256 1257 1258 1259]] [84 [1260 1263 1265 1266 1267 1270 1271 1272 1273 1274]] [85 [1275 1276 1277 1278 1279 1282 1283 1284 1285 1286 1287 1289]] [86 [1290 1291 1292 1293 1295 1296 1297 1302 1303 1304]] [87 [1305 1308 1309 1310 1311 1312 1314 1316 1317 1318 1319]] [88 [1320 1321 1322 1323 1324 1325 1326 1327 1328 1329 1330 1331 1333]] [89 [1335 1339 1340 1341 1342 1343 1346 1347 1348 1349]] [90 [1350 1352 1353 1354 1357 1358 1359 1360 1361 1362 1364]] [91 [1365 1366 1367 1369 1370 1371 1372 1373 1374 1377 1378]] [92 [1381 1383 1385 1388 1389 1390 1391 1392 1393 1394]] [93 [1395 1396 1397 1398 1401 1402 1403 1404 1406 1408 1409]] [94 [1410 1411 1412 1413 1415 1416 1417 1418 1419 1420 1421 1422 1423 1424]] [95 [1425 1426 1428 1429 1430 1434 1437 1438 1439]] [96 [1441 1442 1443 1445 1446 1447 1448 1449 1451 1452 1453 1454]] [97 [1455 1456 1457 1458 1459 1461 1462 1463 1464 1465 1466 1467 1468 1469]] [98 [1470 1471 1472 1473 1475 1476 1477 1478 1479 1480 1482 1483 1484]] [99 [1485 1486 1488 1489 1491 1492 1493 1494 1496 1497 1498 1499]]]",,"[[{citizen 11} [[""A"" [4 3 2 2 3 4 4 2 3 4]]]] [{citizen 12} [[""A"" [3 3 2 3 3 3 3 4 3 4]]]] [{citizen 15} [[""A"" [4 4 3 3 2 2 3 2 3 4]]]] [{citizen 18} [[""A"" [4 4 4 4 3 2 3 3 4 3]]]] [{citizen 20} [[""A"" [4 3 3 2 3 3 3 4 3 4]]]] [{citizen 22} [[""A"" [4 4 3 2 2 3 4 4 3 4]]]] [{citizen 32} [[""A"" [4 4 4 2 3 3 4 3 3 4]]]] [{citizen 37} [[""A"" [3 3 3 2 3 3 4 4 3 4]]]] [{citizen 48} [[""A"" [4 3 3 2 3 4 4 3 4 4]]]] [{media 50} [[""A"" [4 4 4 4 4 4 4 4 4 4]]]] [{media 51} [[""A"" [3 3 3 3 3 3 3 3 3 3]]]] [{media 52} [[""A"" [4 4 4 4 4 4 4 4 4 4]]]] [{media 53} [[""A"" [3 3 3 3 3 3 3 3 3 3]]]] [{media 54} [[""A"" [4 4 4 4 4 4 4 4 4 4]]]] [{media 55} [[""A"" [5 5 5 5 5 5 5 5 5 5]]]] [{media 56} [[""A"" [3 3 3 3 3 3 3 3 3 3]]]] [{media 57} [[""A"" [3 3 3 3 3 3 3 3 3 3]]]] [{media 58} [[""A"" [4 4 4 4 4 4 4 4 4 4]]]] [{media 59} [[""A"" [2 2 2 2 2 2 2 2 2 2]]]] [{media 60} [[""A"" [5 5 5 5 5 5 5 5 5 5]]]] [{media 61} [[""A"" [3 3 3 3 3 3 3 3 3 3]]]] [{media 62} [[""A"" [2 2 2 2 2 2 2 2 2 2]]]] [{media 63} [[""A"" [4 4 4 4 4 4 4 4 4 4]]]] [{media 64} [[""A"" [2 2 2 2 2 2 2 2 2 2]]]] [{citizen 1} [[""A"" [4 2 3 3 3 4 4 3 4 4]]]] [{citizen 6} [[""A"" [4 4 3 3 3 3 4 4 2 3]]]] [{citizen 0} [[""A"" [2 4 4 3 2 3 3 4 3 4]]]] [{citizen 2} [[""A"" [4 2 3 3 4 3 2 3 4 4]]]] [{citizen 13} [[""A"" [3 3 2 2 3 3 4 2 3 4]]]] [{citizen 21} [[""A"" [4 4 4 2 2 3 3 3 4 4]]]] [{citizen 7} [[""A"" [4 3 2 2 3 3 4 4 3 4]]]] [{citizen 31} [[""A"" [5 3 2 4 3 3 4 2 3 4]]]] [{citizen 39} [[""A"" [4 3 3 2 3 4 4 3 4 4]]]] [{citizen 5} [[""A"" [4 4 5 3 3 2 3 4 3 4]]]] [{citizen 44} [[""A"" [4 3 2 3 3 3 4 4 3 4]]]] [{citizen 28} [[""A"" [3 3 2 3 3 4 4 3 4 4]]]] [{citizen 24} [[""A"" [4 3 3 2 2 2 3 3 3 4]]]] [{citizen 17} [[""A"" [4 3 3 3 3 4 2 3 5 4]]]] [{citizen 30} [[""A"" [4 4 4 3 2 2 3 3 4 4]]]] [{citizen 3} [[""A"" [4 2 4 5 3 3 3 4 3 4]]]] [{citizen 27} [[""A"" [2 4 4 3 3 3 3 3 3 4]]]] [{citizen 16} [[""A"" [4 4 4 3 3 4 4 3 4 4]]]] [{citizen 49} [[""A"" [4 4 4 3 3 3 3 4 3 4]]]] [{citizen 8} [[""A"" [3 4 4 4 3 3 3 3 4 3]]]] [{citizen 33} [[""A"" [4 4 4 3 2 2 3 2 3 4]]]] [{citizen 4} [[""A"" [4 2 4 3 2 3 3 3 4 4]]]] [{citizen 35} [[""A"" [4 4 3 3 2 2 4 3 4 4]]]] [{citizen 19} [[""A"" [4 3 3 2 3 4 4 3 4 4]]]] [{citizen 25} [[""A"" [4 4 3 3 3 2 3 4 3 4]]]] [{citizen 9} [[""A"" [4 3 3 4 3 3 4 2 3 4]]]] [{citizen 41} [[""A"" [5 4 2 3 4 4 2 3 4 4]]]] [{citizen 38} [[""A"" [4 4 3 5 2 3 3 4 2 4]]]] [{citizen 36} [[""A"" [3 2 3 3 4 4 3 4 5 4]]]] [{citizen 43} [[""A"" [3 3 2 2 3 3 4 3 4 4]]]] [{citizen 45} [[""A"" [4 4 3 2 2 3 4 3 4 4]]]] [{citizen 42} [[""A"" [4 3 3 3 4 3 4 3 4 5]]]] [{citizen 47} [[""A"" [4 4 3 2 3 3 3 4 3 4]]]] [{citizen 46} [[""A"" [4 4 3 2 3 3 4 3 4 4]]]] [{citizen 14} [[""A"" [4 4 3 2 4 3 3 4 3 4]]]] [{citizen 23} [[""A"" [3 2 2 4 3 3 4 2 3 4]]]] [{citizen 40} [[""A"" [4 4 4 3 3 2 3 3 4 4]]]] [{citizen 26} [[""A"" [3 3 3 2 2 3 3 4 3 4]]]] [{citizen 29} [[""A"" [4 4 3 2 3 3 3 4 2 3]]]] [{citizen 34} [[""A"" [2 4 3 3 3 4 2 3 4 4]]]]]"
"11","[85 0 170]","231.42857142857144","-4.3660471452220335","-4.094430125087487","""circle""","""""","9.9","{breed citizens}","false","0.5","1","""up""",,"[[""ID"" 11] [""alpha"" 1] [""beta"" 1] [""malleable"" [""A""]] [""prior"" []] [""cont_tokens"" []] [""A"" 4]]","[[0 [0 1 2 3 4 5 6 7 8 9 10 11 12 13 14]] [1 [15 16 17 18 19 20 21 22 23 25 26 28 29]] [2 [30 31 32 33 34 35 36 37 38 39 40 41 42 43 44]] [3 [45 46 47 48 49 50 51 52 53 54 55 56 57 58 59]] [4 [60 61 62 63 64 65 66 67 68 69 70 71 72 73 74]] [5 [75 76 77 78 80 83 84 85 86 87 88 89]] [6 [90 91 92 93 94 95 96 97 98 99 100 101 102 103 104]] [7 [105 106 107 108 109 110 111 112 113 114 115 116 117 118 119]] [8 [120 121 122 123 124 125 126 127 128 129 130 131 132 133 134]] [9 [135 136 137 138 139 140 141 142 143 144 145 146 147 148 149]] [10 [150 151 152 153 154 155 156 157 158 159 160 161 162 163 164]] [11 [165 166 167 168 169 170 171 172 173 174 175 176 177 178 179]] [12 [180 181 182 183 184 185 186 187 188 189 190 191 192 193 194]] [13 [195 196 197 198 199 200 201 202 203 204 205 206 207 208 209]] [14 [210 211 212 213 214 215 216 217 218 219 220 221 222 223 224]] [15 [225 226 227 228 229 230 231 232 233 234 235 236 237 238 239]] [16 [240 241 242 243 244 245 246 247 248 249 250 251 252 253 254]] [17 [255 256 257 258 259 260 261 262 263 264 265 266 267 268 269]] [18 [270 271 272 273 274 275 276 277 278 279 280 281 282 283 284]] [19 [285 286 287 288 289 290 291 292 293 294 295 296 297 298 299]] [20 [300 301 302 303 304 305 306 307 309 310 311 312 313 314]] [21 [315 316 317 318 319 320 321 322 323 324 325 326 327 328 329]] [22 [330 331 332 333 334 335 336 337 338 339 340 341 342 343 344]] [23 [345 346 347 348 349 350 351 352 353 354 355 356 357 358 359]] [24 [360 361 362 363 364 365 366 367 368 369 370 371 372 373 374]] [25 [375 376 377 378 379 380 381 382 383 384 385 386 387 388 389]] [26 [390 391 392 393 394 395 396 397 398 399 400 401 402 403 404]] [27 [405 406 407 408 409 410 411 412 413 414 415 416 417 418 419]] [28 [420 421 422 423 424 425 426 427 428 429 430 431 432 433 434]] [29 [435 436 437 438 439 440 441 442 443 444 445 446 447 448 449]] [30 [450 451 452 453 454 455 456 457 458 459 460 461 462 463 464]] [31 [465 466 467 468 469 470 471 472 473 474 475 476 477 478 479]] [32 [480 481 482 483 484 485 486 487 488 489 490 491 492 493 494]] [33 [495 496 497 498 499 500 501 502 503 504 505 506 507 508 509]] [34 [510 511 512 513 514 515 516 517 519 520 521 522 523 524]] [35 [525 526 527 528 529 530 531 532 533 534 535 536 537 538 539]] [36 [540 541 542 543 544 545 546 547 548 549 550 551 552 553 554]] [37 [555 556 557 558 559 560 561 562 563 564 565 566 567 568 569]] [38 [570 571 572 573 574 575 576 577 578 579 580 581 582 583 584]] [39 [585 586 587 588 589 590 591 592 593 594 595 596 597 598 599]] [40 [600 601 602 603 604 605 606 607 608 609 610 611 612 613 614]] [41 [615 616 617 618 619 620 621 622 623 624 625 626 627 628 629]] [42 [630 631 632 633 634 635 636 637 638 639 640 641 642 643 644]] [43 [645 646 647 648 649 650 651 652 653 654 656 657 658 659]] [44 [660 661 662 663 664 665 666 667 668 669 670 671 672 673 674]] [45 [675 676 677 678 679 680 681 682 683 684 685 686 687 688 689]] [46 [690 691 692 693 694 695 696 697 698 699 700 701 702 703 704]] [47 [705 706 707 708 709 710 711 712 713 714 715 716 717 718 719]] [48 [720 721 722 723 724 725 726 727 728 729 730 731 732 733 734]] [49 [735 736 737 738 739 740 741 742 743 744 745 746 747 748 749]] [50 [750 751 752 753 754 755 756 757 758 759 760 761 762 763 764]] [51 [765 766 767 768 769 770 771 772 773 774 775 776 777 778 779]] [52 [780 781 782 783 784 785 786 787 788 789 790 791 792 793 794]] [53 [795 796 797 798 799 800 801 802 803 804 805 806 807 808 809]] [54 [810 811 812 813 814 815 816 817 818 819 820 821 822 823 824]] [55 [825 826 827 828 829 830 831 832 833 834 835 836 837 838 839]] [56 [840 841 842 843 844 845 846 847 848 849 850 851 852 853 854]] [57 [855 856 857 858 859 860 861 862 863 864 865 866 867 868 869]] [58 [870 871 872 873 874 875 876 877 878 879 880 881 882 883 884]] [59 [885 886 887 888 889 890 891 892 893 894 895 896 897 898 899]] [60 [900 901 902 903 904 905 906 907 908 909 910 911 912 913 914]] [61 [915 916 917 918 919 920 921 922 923 924 925 926 927 928 929]] [62 [930 931 932 933 934 935 936 937 938 939 940 941 942 943 944]] [63 [945 946 947 948 949 950 951 952 953 954 955 956 957 958 959]] [64 [960 961 962 963 964 965 966 967 968 969 970 971 972 973 974]] [65 [975 976 977 978 979 980 981 984 985 986 987 988 989]] [66 [990 991 992 993 994 996 997 998 999 1000 1001 1002 1003 1004]] [67 [1005 1006 1007 1008 1009 1010 1011 1012 1013 1014 1015 1016 1017 1018 1019]] [68 [1020 1022 1023 1024 1025 1026 1027 1028 1029 1030 1031 1032 1034]] [69 [1035 1036 1037 1038 1039 1040 1041 1042 1043 1044 1045 1046 1047 1048 1049]] [70 [1050 1051 1052 1053 1054 1055 1056 1057 1058 1059 1060 1061 1062 1063 1064]] [71 [1065 1066 1067 1068 1069 1070 1071 1072 1073 1074 1075 1076 1077 1078 1079]] [72 [1080 1081 1082 1083 1084 1085 1086 1087 1088 1089 1090 1091 1092 1093 1094]] [73 [1095 1096 1097 1098 1099 1100 1101 1102 1103 1104 1105 1106 1107 1108 1109]] [74 [1110 1111 1112 1113 1114 1115 1116 1117 1118 1119 1120 1121 1122 1123 1124]] [75 [1125 1126 1127 1128 1129 1130 1131 1132 1133 1134 1135 1136 1137 1138 1139]] [76 [1140 1141 1142 1143 1144 1145 1146 1147 1148 1149 1150 1151 1152 1153 1154]] [77 [1155 1156 1157 1159 1161 1162 1163 1164 1165 1166 1167 1168 1169]] [78 [1170 1171 1172 1173 1174 1175 1176 1177 1178 1179 1180 1181 1182 1183 1184]] [79 [1185 1186 1187 1188 1189 1190 1191 1192 1193 1194 1195 1196 1197 1198 1199]] [80 [1200 1201 1202 1203 1204 1205 1206 1207 1208 1209 1210 1211 1212 1213 1214]] [81 [1215 1216 1217 1218 1219 1220 1221 1222 1223 1224 1225 1226 1227 1229]] [82 [1230 1231 1232 1233 1234 1235 1236 1237 1238 1239 1240 1241 1242 1243 1244]] [83 [1245 1246 1247 1248 1249 1250 1251 1252 1253 1254 1255 1256 1257 1258 1259]] [84 [1260 1262 1263 1264 1265 1266 1267 1269 1270 1271 1272 1273 1274]] [85 [1275 1276 1277 1278 1279 1280 1281 1282 1283 1284 1285 1286 1287 1288 1289]] [86 [1290 1291 1292 1293 1294 1295 1296 1297 1299 1300 1301 1302 1303 1304]] [87 [1305 1306 1307 1308 1309 1310 1311 1312 1313 1314 1315 1316 1317 1318 1319]] [88 [1320 1321 1322 1323 1324 1325 1326 1327 1328 1329 1330 1331 1332 1333 1334]] [89 [1335 1336 1337 1338 1339 1340 1341 1342 1343 1344 1345 1346 1347 1348 1349]] [90 [1350 1351 1352 1353 1354 1355 1356 1357 1358 1359 1360 1361 1362 1363 1364]] [91 [1365 1366 1367 1368 1369 1370 1371 1372 1373 1374 1375 1376 1377 1378 1379]] [92 [1380 1381 1382 1383 1384 1385 1386 1387 1388 1389 1390 1391 1392 1393 1394]] [93 [1395 1396 1397 1398 1399 1400 1401 1402 1403 1404 1405 1406 1407 1408 1409]] [94 [1410 1411 1412 1413 1414 1415 1416 1417 1418 1419 1420 1421 1422 1423 1424]] [95 [1425 1426 1427 1428 1429 1430 1431 1432 1433 1434 1435 1436 1437 1438 1439]] [96 [1440 1441 1442 1443 1444 1445 1446 1447 1448 1449 1450 1451 1452 1453 1454]] [97 [1455 1456 1457 1458 1459 1461 1462 1463 1464 1465 1466 1467 1468 1469]] [98 [1470 1471 1472 1473 1474 1475 1476 1477 1478 1479 1480 1481 1482 1483 1484]] [99 [1485 1486 1487 1488 1489 1491 1492 1493 1494 1495 1496 1497 1498 1499]]]","[[0 [0 1 2 3 4 6 7 8 9 10 11 12 13 14]] [1 [15 16 17 18 19 20 21 22 23 25 26 28 29]] [2 [30 32 33 34 35 36 37 38 40 41 42 43 44]] [3 [45 46 47 48 49 50 51 52 54 56 57 58 59]] [4 [61 62 63 64 65 66 67 68 69 70 71 73 74]] [5 [75 76 77 78 80 83 84 85 86 87 88 89]] [6 [90 91 93 94 95 98 99 100 102 103 104]] [7 [105 106 107 108 109 110 111 113 114 116 117 118]] [8 [120 121 122 123 124 125 126 127 128 131 132 134]] [9 [135 136 137 139 140 141 143 144 145 146 147 148 149]] [10 [150 151 153 154 155 157 158 159 160 161 164]] [11 [165 167 168 170 171 172 173 174 177 178 179]] [12 [180 181 182 183 185 186 187 188 189 191 193 194]] [13 [195 196 197 198 199 200 201 202 204 205 208 209]] [14 [210 211 212 213 214 218 219 220 221 222 223 224]] [15 [225 226 227 228 230 231 232 233 234 236 239]] [16 [241 242 244 245 247 248 253 254]] [17 [255 256 257 258 259 260 262 264 265 266 267 268 269]] [18 [270 271 272 273 275 278 279 281 282 284]] [19 [285 286 289 290 291 292 293 294 295 296 298 299]] [20 [300 302 303 304 305 306 307 309 310 311 312 313]] [21 [315 316 317 318 319 320 321 325 326 327 328 329]] [22 [330 331 332 333 335 338 339 340 341 342 343 344]] [23 [345 346 347 348 349 350 351 355 356 357 358 359]] [24 [360 361 362 363 364 365 366 367 368 370 371 372 373]] [25 [377 378 379 380 381 382 383 384 386 388 389]] [26 [390 391 392 393 394 396 397 398 399 400 401 402 403 404]] [27 [405 406 407 408 409 410 411 413 414 415 416 417 418 419]] [28 [420 421 422 424 425 426 427 429 430 431 432 433 434]] [29 [435 436 437 440 441 442 443 444 445 446 447 448]] [30 [450 451 452 453 456 457 458 459 463 464]] [31 [465 466 468 469 470 471 472 473 474 475 477 478 479]] [32 [480 481 482 485 486 488 489 490 491 492 493 494]] [33 [495 496 498 499 501 502 503 504 505 506 507 508]] [34 [510 511 512 513 514 516 517 520 521 523]] [35 [525 526 527 528 529 530 531 532 534 535 536 538 539]] [36 [541 542 543 544 545 546 547 548 549 550 551 552 553 554]] [37 [555 556 557 558 560 561 562 563 564 565 566 567 568 569]] [38 [570 571 572 573 574 575 576 577 578 579 581 582 583 584]] [39 [585 586 587 588 589 590 591 592 593 594 595 596 597 598 599]] [40 [600 601 605 606 608 609 610 613 614]] [41 [615 616 617 618 619 620 621 622 623 624 625 626 627 628 629]] [42 [630 631 632 633 634 635 636 637 638 640 641 642 643 644]] [43 [647 648 650 651 652 653 654 656 657 658 659]] [44 [660 661 662 663 665 668 669 670 671 672 674]] [45 [675 676 677 678 679 680 681 682 684 685 686 687 688 689]] [46 [690 691 692 693 694 695 696 697 698 699 700 701 703 704]] [47 [707 708 711 712 713 714 715 716 717 718 719]] [48 [720 721 722 724 726 727 728 729 730 731 732 733 734]] [49 [735 736 737 738 739 740 741 742 743 744 745 746 748]] [50 [750 751 752 753 754 755 756 757 761 762 763 764]] [51 [765 766 767 772 773 774 775 776 778 779]] [52 [780 781 782 785 786 789 790 791 792 793 794]] [53 [795 796 797 798 799 800 801 802 803 804 805 806 807 808 809]] [54 [810 811 812 813 814 815 817 820 821 823 824]] [55 [825 826 827 828 829 830 831 832 833 834 836 837 838 839]] [56 [840 843 844 845 847 848 849 851 852 853 854]] [57 [855 856 857 858 859 860 861 862 863 864 865 866 867 868 869]] [58 [870 871 872 873 874 875 878 880 881 882 884]] [59 [885 886 887 888 889 890 891 892 893 896 898]] [60 [900 901 902 903 904 905 906 909 910 911 912 914]] [61 [915 916 917 919 920 921 922 924 925 926 927 928 929]] [62 [931 932 933 934 935 936 937 938 939 940 941 942 944]] [63 [946 947 948 949 950 951 952 954 955 956 957 958 959]] [64 [960 961 962 963 964 965 966 967 968 969 971 972 973 974]] [65 [975 976 977 978 979 980 981 986 987 988 989]] [66 [991 992 993 994 996 997 998 999 1000 1001 1002 1003 1004]] [67 [1005 1006 1007 1008 1009 1010 1011 1013 1014 1015 1016 1018 1019]] [68 [1020 1022 1023 1024 1025 1026 1030 1031 1032 1034]] [69 [1035 1036 1037 1039 1040 1041 1042 1043 1044 1046 1047]] [70 [1050 1051 1052 1053 1054 1055 1056 1057 1058 1059 1060 1061 1062 1063 1064]] [71 [1065 1066 1067 1068 1069 1070 1071 1072 1073 1074 1075 1077 1078 1079]] [72 [1080 1081 1082 1084 1085 1087 1088 1089 1091 1092 1093 1094]] [73 [1095 1096 1097 1098 1100 1101 1102 1104 1105 1106 1107 1108 1109]] [74 [1110 1111 1112 1114 1116 1118 1119 1122 1123 1124]] [75 [1125 1126 1127 1128 1129 1130 1131 1132 1133 1134 1135 1136 1137 1138 1139]] [76 [1141 1142 1143 1144 1145 1146 1147 1148 1149 1150 1153 1154]] [77 [1155 1156 1157 1159 1161 1162 1163 1164 1165 1166 1167 1168]] [78 [1170 1171 1172 1175 1178 1179 1180 1183 1184]] [79 [1185 1186 1187 1188 1189 1190 1192 1193 1194 1197 1198 1199]] [80 [1201 1202 1203 1204 1205 1206 1207 1208 1209 1211 1212 1214]] [81 [1215 1216 1217 1220 1221 1222 1223 1225 1226 1227 1229]] [82 [1230 1231 1232 1233 1234 1235 1236 1237 1238 1239 1242 1243]] [83 [1245 1246 1247 1249 1250 1251 1252 1253 1254 1255 1256 1257 1258 1259]] [84 [1262 1263 1264 1265 1266 1267 1269 1270 1271 1272 1273 1274]] [85 [1275 1276 1277 1278 1280 1281 1282 1283 1284 1285 1286 1287 1288 1289]] [86 [1290 1291 1292 1293 1295 1296 1297 1299 1300 1301]] [87 [1306 1307 1308 1309 1310 1311 1312 1314 1315 1316 1317 1318 1319]] [88 [1320 1321 1322 1323 1324 1326 1327 1328 1329 1330 1331 1333]] [89 [1335 1339 1340 1341 1342 1343 1345 1346 1347 1348 1349]] [90 [1350 1351 1352 1353 1354 1355 1356 1357 1358 1359 1360 1361 1362 1363 1364]] [91 [1365 1366 1367 1369 1370 1371 1372 1373 1374 1376 1377 1378]] [92 [1381 1382 1383 1385 1386 1387 1389 1390 1391 1392 1393 1394]] [93 [1395 1396 1397 1398 1399 1400 1401 1403 1404 1406 1407 1408 1409]] [94 [1410 1412 1413 1415 1416 1417 1418 1419 1420 1421 1422 1423 1424]] [95 [1425 1426 1428 1429 1430 1433 1435 1436 1437 1438 1439]] [96 [1441 1442 1444 1445 1446 1447 1448 1449 1450 1451 1452 1453 1454]] [97 [1455 1457 1458 1459 1462 1463 1464 1465 1466 1467 1468 1469]] [98 [1470 1471 1472 1474 1476 1477 1478 1479 1480 1481 1483 1484]] [99 [1485 1486 1488 1489 1491 1492 1493 1494 1495 1496 1497 1498 1499]]]",,"[[{citizen 20} [[""A"" [3 4 2 5 3 3 3 3 3 3]]]] [{citizen 23} [[""A"" [3 4 2 5 2 3 3 3 2 5]]]] [{citizen 31} [[""A"" [2 5 3 3 3 3 4 2 3 4]]]] [{citizen 40} [[""A"" [4 4 2 5 3 3 3 3 3 4]]]] [{citizen 45} [[""A"" [2 5 3 2 3 3 3 3 4 4]]]] [{citizen 49} [[""A"" [2 3 4 2 4 3 2 3 3 5]]]] [{media 50} [[""A"" [4 4 4 4 4 4 4 4 4 4]]]] [{media 51} [[""A"" [3 3 3 3 3 3 3 3 3 3]]]] [{media 52} [[""A"" [4 4 4 4 4 4 4 4 4 4]]]] [{media 53} [[""A"" [3 3 3 3 3 3 3 3 3 3]]]] [{media 54} [[""A"" [4 4 4 4 4 4 4 4 4 4]]]] [{media 55} [[""A"" [5 5 5 5 5 5 5 5 5 5]]]] [{media 56} [[""A"" [3 3 3 3 3 3 3 3 3 3]]]] [{media 57} [[""A"" [3 3 3 3 3 3 3 3 3 3]]]] [{media 58} [[""A"" [4 4 4 4 4 4 4 4 4 4]]]] [{media 59} [[""A"" [2 2 2 2 2 2 2 2 2 2]]]] [{media 60} [[""A"" [5 5 5 5 5 5 5 5 5 5]]]] [{media 61} [[""A"" [3 3 3 3 3 3 3 3 3 3]]]] [{media 62} [[""A"" [2 2 2 2 2 2 2 2 2 2]]]] [{media 63} [[""A"" [4 4 4 4 4 4 4 4 4 4]]]] [{media 64} [[""A"" [2 2 2 2 2 2 2 2 2 2]]]] [{citizen 10} [[""A"" [2 3 5 3 2 3 3 3 5 4]]]] [{citizen 0} [[""A"" [4 4 2 5 3 3 3 3 3 3]]]] [{citizen 1} [[""A"" [5 3 2 3 3 4 3 3 4 4]]]] [{citizen 6} [[""A"" [4 2 3 5 3 3 3 4 3 2]]]] [{citizen 2} [[""A"" [4 5 3 2 3 3 4 3 2 4]]]] [{citizen 4} [[""A"" [2 2 5 3 3 3 3 3 4 4]]]] [{citizen 13} [[""A"" [4 5 3 3 2 3 3 3 2 4]]]] [{citizen 21} [[""A"" [4 2 5 3 2 3 3 3 4 4]]]] [{citizen 7} [[""A"" [4 3 4 5 3 2 3 4 3 4]]]] [{citizen 39} [[""A"" [3 4 2 5 3 3 3 3 4 4]]]] [{citizen 5} [[""A"" [3 4 4 4 5 3 3 3 3 3]]]] [{citizen 44} [[""A"" [2 5 3 3 2 3 3 4 5 4]]]] [{citizen 28} [[""A"" [2 5 3 2 2 3 3 4 3 4]]]] [{citizen 24} [[""A"" [4 3 2 5 3 2 3 3 3 3]]]] [{citizen 37} [[""A"" [3 3 2 2 3 3 4 3 4 3]]]] [{citizen 17} [[""A"" [5 3 3 2 3 3 3 2 5 4]]]] [{citizen 30} [[""A"" [3 4 4 4 3 2 2 3 3 4]]]] [{citizen 3} [[""A"" [4 2 2 5 3 2 3 3 3 4]]]] [{citizen 27} [[""A"" [4 2 2 3 5 3 3 3 3 3]]]] [{citizen 12} [[""A"" [4 2 2 5 3 3 3 3 3 4]]]] [{citizen 16} [[""A"" [4 2 5 3 3 4 3 4 5 4]]]] [{citizen 8} [[""A"" [4 4 3 5 3 3 3 3 3 4]]]] [{citizen 22} [[""A"" [4 4 3 4 5 3 2 3 4 3]]]] [{citizen 33} [[""A"" [4 4 5 3 3 2 3 3 2 4]]]] [{citizen 35} [[""A"" [5 3 3 2 2 3 3 3 4 4]]]] [{citizen 19} [[""A"" [4 5 3 2 3 3 4 3 4 4]]]] [{citizen 25} [[""A"" [4 4 2 5 3 3 3 3 3 3]]]] [{citizen 9} [[""A"" [3 4 2 3 5 3 3 3 3 2]]]] [{citizen 41} [[""A"" [5 4 3 3 4 3 4 2 3 4]]]] [{citizen 46} [[""A"" [4 4 4 5 3 2 3 3 4 4]]]] [{citizen 38} [[""A"" [2 3 5 3 5 3 3 3 2 4]]]] [{citizen 36} [[""A"" [4 2 5 3 3 3 4 3 5 4]]]] [{citizen 47} [[""A"" [4 3 2 4 4 3 3 2 3 3]]]] [{citizen 42} [[""A"" [5 3 3 2 3 3 3 4 4 5]]]] [{citizen 32} [[""A"" [4 3 2 3 5 3 3 4 3 4]]]] [{citizen 18} [[""A"" [3 4 3 4 5 3 3 3 3 4]]]] [{citizen 43} [[""A"" [5 3 3 2 3 3 3 4 4 4]]]] [{citizen 15} [[""A"" [4 4 2 5 3 2 3 3 2 4]]]] [{citizen 14} [[""A"" [2 5 4 3 2 3 3 3 4 4]]]] [{citizen 48} [[""A"" [5 3 3 2 3 3 3 3 4 4]]]] [{citizen 26} [[""A"" [4 2 4 5 3 3 3 3 3 4]]]] [{citizen 29} [[""A"" [4 4 5 3 2 3 3 3 2 4]]]] [{citizen 34} [[""A"" [4 5 3 3 3 4 3 2 3 4]]]]]"
"12","[85 0 170]","242.44897959183677","-5.812964963439089","-3.5989818664851487","""circle""","""""","9.9","{breed citizens}","false","0.5","1","""up""",,"[[""ID"" 12] [""alpha"" 1] [""beta"" 1] [""malleable"" [""A""]] [""prior"" []] [""cont_tokens"" []] [""A"" 4]]","[[0 [0 1 2 3 4 5 6 7 8 9 10 11 12 13 14]] [1 [15 16 17 18 19 20 21 22 23 25 26 28 29]] [2 [30 31 32 33 34 35 36 37 38 39 40 41 42 43 44]] [3 [45 46 47 48 49 50 51 52 53 54 55 56 57 58 59]] [4 [60 61 62 63 64 65 66 67 68 69 70 71 72 73 74]] [5 [75 76 77 78 80 83 84 85 86 87 88 89]] [6 [90 91 92 93 94 95 96 97 98 99 100 101 102 103 104]] [7 [105 106 107 108 109 110 111 112 113 114 115 116 117 118 119]] [8 [120 121 122 123 124 125 126 127 128 129 130 131 132 133 134]] [9 [135 136 137 138 139 140 141 142 143 144 145 146 147 148 149]] [10 [150 151 152 153 154 155 156 157 158 159 160 161 162 163 164]] [11 [165 166 167 168 169 170 171 172 173 174 175 176 177 178 179]] [12 [180 181 182 183 184 185 186 187 188 189 190 191 192 193 194]] [13 [195 196 197 198 199 200 201 202 203 204 205 206 207 208 209]] [14 [210 211 212 213 214 215 216 217 218 219 220 221 222 223 224]] [15 [225 226 227 228 229 230 231 232 233 234 235 236 237 238 239]] [16 [240 241 242 243 244 245 246 247 248 249 250 251 252 253 254]] [17 [255 256 257 258 259 260 261 262 263 264 265 266 267 268 269]] [18 [270 271 272 273 274 275 276 277 278 279 280 281 282 283 284]] [19 [285 286 287 288 289 290 291 292 293 294 295 296 297 298 299]] [20 [300 301 302 303 304 305 306 307 309 310 311 312 313 314]] [21 [315 316 317 318 319 320 321 322 323 324 325 326 327 328 329]] [22 [330 331 332 333 334 335 336 337 338 339 340 341 342 343 344]] [23 [345 346 347 348 349 350 351 352 353 354 355 356 357 358 359]] [24 [360 361 362 363 364 365 366 367 368 369 370 371 372 373 374]] [25 [375 376 377 378 379 380 381 382 383 384 385 386 387 388 389]] [26 [390 391 392 393 394 395 396 397 398 399 400 401 402 403 404]] [27 [405 406 407 408 409 410 411 412 413 414 415 416 417 418 419]] [28 [420 421 422 423 424 425 426 427 428 429 430 431 432 433 434]] [29 [435 436 437 438 439 440 441 442 443 444 445 446 447 448 449]] [30 [450 451 452 453 454 455 456 457 458 459 460 461 462 463 464]] [31 [465 466 467 468 469 470 471 472 473 474 475 476 477 478 479]] [32 [480 481 482 483 484 485 486 487 488 489 490 491 492 493 494]] [33 [495 496 497 498 499 500 501 502 503 504 505 506 507 508 509]] [34 [510 511 512 513 514 515 516 517 519 520 521 522 523 524]] [35 [525 526 527 528 529 530 531 532 533 534 535 536 537 538 539]] [36 [540 541 542 543 544 545 546 547 548 549 550 551 552 553 554]] [37 [555 556 557 558 559 560 561 562 563 564 565 566 567 568 569]] [38 [570 571 572 573 574 575 576 577 578 579 580 581 582 583 584]] [39 [585 586 587 588 589 590 591 592 593 594 595 596 597 598 599]] [40 [600 601 602 603 604 605 606 607 608 609 610 611 612 613 614]] [41 [615 616 617 618 619 620 621 622 623 624 625 626 627 628 629]] [42 [630 631 632 633 634 635 636 637 638 639 640 641 642 643 644]] [43 [645 646 647 648 649 650 651 652 653 654 656 657 658 659]] [44 [660 661 662 663 664 665 666 667 668 669 670 671 672 673 674]] [45 [675 676 677 678 679 680 681 682 683 684 685 686 687 688 689]] [46 [690 691 692 693 694 695 696 697 698 699 700 701 702 703 704]] [47 [705 706 707 708 709 710 711 712 713 714 715 716 717 718 719]] [48 [720 721 722 723 724 725 726 727 728 729 730 731 732 733 734]] [49 [735 736 737 738 739 740 741 742 743 744 745 746 747 748 749]] [50 [750 751 752 753 754 755 756 757 758 759 760 761 762 763 764]] [51 [765 766 767 768 769 770 771 772 773 774 775 776 777 778 779]] [52 [780 781 782 783 784 785 786 787 788 789 790 791 792 793 794]] [53 [795 796 797 798 799 800 801 802 803 804 805 806 807 808 809]] [54 [810 811 812 813 814 815 816 817 818 819 820 821 822 823 824]] [55 [825 826 827 828 829 830 831 832 833 834 835 836 837 838 839]] [56 [840 841 842 843 844 845 846 847 848 849 850 851 852 853 854]] [57 [855 856 857 858 859 860 861 862 863 864 865 866 867 868 869]] [58 [870 871 872 873 874 875 876 877 878 879 880 881 882 883 884]] [59 [885 886 887 888 889 890 891 892 893 894 895 896 897 898 899]] [60 [900 901 902 903 904 905 906 907 908 909 910 911 912 913 914]] [61 [915 916 917 918 919 920 921 922 923 924 925 926 927 928 929]] [62 [930 931 932 933 934 935 936 937 938 939 940 941 942 943 944]] [63 [945 946 947 948 949 950 951 952 953 954 955 956 957 958 959]] [64 [960 961 962 963 964 965 966 967 968 969 970 971 972 973 974]] [65 [975 976 977 978 979 980 981 982 983 984 985 986 987 988 989]] [66 [990 991 992 993 994 996 997 998 999 1000 1001 1002 1003 1004]] [67 [1005 1006 1007 1008 1009 1010 1011 1012 1013 1014 1015 1016 1017 1018 1019]] [68 [1020 1022 1023 1024 1025 1026 1027 1028 1029 1030 1031 1032 1034]] [69 [1035 1036 1037 1038 1039 1040 1041 1042 1043 1044 1045 1046 1047 1048 1049]] [70 [1050 1051 1052 1053 1054 1055 1056 1057 1058 1059 1060 1061 1062 1063 1064]] [71 [1065 1066 1067 1068 1069 1070 1071 1072 1073 1074 1075 1076 1077 1078 1079]] [72 [1080 1081 1082 1083 1084 1085 1086 1087 1088 1089 1090 1091 1092 1093 1094]] [73 [1095 1096 1097 1098 1099 1100 1101 1102 1103 1104 1105 1106 1107 1108 1109]] [74 [1110 1111 1112 1113 1114 1115 1116 1117 1118 1119 1120 1121 1122 1123 1124]] [75 [1125 1126 1127 1128 1129 1130 1131 1132 1133 1134 1135 1136 1137 1138 1139]] [76 [1140 1141 1142 1143 1144 1145 1146 1147 1148 1149 1150 1151 1152 1153 1154]] [77 [1155 1156 1157 1159 1161 1162 1163 1164 1165 1166 1167 1168 1169]] [78 [1170 1171 1172 1173 1174 1175 1176 1177 1178 1179 1180 1181 1182 1183 1184]] [79 [1185 1186 1187 1188 1189 1190 1191 1192 1193 1194 1195 1196 1197 1198 1199]] [80 [1200 1201 1202 1203 1204 1205 1206 1207 1208 1209 1210 1211 1212 1213 1214]] [81 [1215 1216 1217 1218 1219 1220 1221 1222 1223 1224 1225 1226 1227 1228 1229]] [82 [1230 1231 1232 1233 1234 1235 1236 1237 1238 1239 1240 1241 1242 1243 1244]] [83 [1245 1246 1247 1248 1249 1250 1251 1252 1253 1254 1255 1256 1257 1258 1259]] [84 [1260 1262 1263 1264 1265 1266 1267 1269 1270 1271 1272 1273 1274]] [85 [1275 1276 1277 1278 1279 1280 1281 1282 1283 1284 1285 1286 1287 1288 1289]] [86 [1290 1291 1292 1293 1294 1295 1296 1297 1299 1300 1301 1302 1303 1304]] [87 [1305 1306 1307 1308 1309 1310 1311 1312 1313 1314 1315 1316 1317 1318 1319]] [88 [1320 1321 1322 1323 1324 1325 1326 1327 1328 1329 1330 1331 1332 1333 1334]] [89 [1335 1336 1337 1338 1339 1340 1341 1342 1343 1344 1345 1346 1347 1348 1349]] [90 [1350 1351 1352 1353 1354 1355 1356 1357 1358 1359 1360 1361 1362 1363 1364]] [91 [1365 1366 1367 1368 1369 1370 1371 1372 1373 1374 1375 1376 1377 1378 1379]] [92 [1380 1381 1382 1383 1384 1385 1386 1387 1388 1389 1390 1391 1392 1393 1394]] [93 [1395 1396 1397 1398 1399 1400 1401 1402 1403 1404 1405 1406 1407 1408 1409]] [94 [1410 1411 1412 1413 1414 1415 1416 1417 1418 1419 1420 1421 1422 1423 1424]] [95 [1425 1426 1427 1428 1429 1430 1431 1432 1433 1434 1435 1436 1437 1438 1439]] [96 [1440 1441 1442 1443 1444 1445 1446 1447 1448 1449 1450 1451 1452 1453 1454]] [97 [1455 1456 1457 1458 1459 1461 1462 1463 1464 1465 1466 1467 1468 1469]] [98 [1470 1471 1472 1473 1474 1475 1476 1477 1478 1479 1480 1481 1482 1483 1484]] [99 [1485 1486 1487 1488 1489 1491 1492 1493 1494 1495 1496 1497 1498 1499]]]","[[0 [3 4 6 7 8 9 10 11 12 13 14]] [1 [15 16 17 18 19 20 21 22 23 25 26 28 29]] [2 [31 33 34 35 37 38 40 41 42 43 44]] [3 [45 46 47 48 49 50 51 52 54 55 58 59]] [4 [61 62 63 64 65 66 67 68 69 70 71 73 74]] [5 [75 76 77 78 83 84 85 86 87 88 89]] [6 [90 91 92 94 95 98 99 100 102 103 104]] [7 [105 106 107 108 109 110 111 113 114 116 118]] [8 [120 121 122 123 124 125 126 127 128 131 132 133]] [9 [135 136 137 138 139 141 142 143 144 145 146 147 148 149]] [10 [150 151 153 154 155 156 157 158 159 160 162 163 164]] [11 [165 167 168 171 172 173 174 177 178 179]] [12 [180 181 182 183 185 186 187 188 190 191 193 194]] [13 [195 197 198 199 200 201 202 204 205 208 209]] [14 [210 211 212 213 214 215 216 217 219 220 221 222 223 224]] [15 [225 226 227 228 230 231 232 233 234 236 238 239]] [16 [240 242 244 245 246 247 248 249 250 251 252 253 254]] [17 [255 256 257 258 259 260 261 262 263 264 265 266 267 268 269]] [18 [270 271 274 276 277 278 279 281 282 283 284]] [19 [285 287 288 291 292 293 294 295 296 298 299]] [20 [300 301 302 303 304 305 306 307 309 310]] [21 [315 316 317 318 319 320 321 325 326 327 328 329]] [22 [330 331 332 333 335 336 337 338 339 340 341 342 343]] [23 [346 347 348 350 351 355 356 357 358 359]] [24 [360 361 362 363 364 365 366 367 368 369 370 371 372 373 374]] [25 [375 377 378 379 381 382 383 384 385 387 388 389]] [26 [391 393 394 396 397 398 399 400 401 402 404]] [27 [405 406 407 408 409 410 411 413 414 415 416 417 418]] [28 [421 422 423 424 425 426 427 429 430 431 432 433 434]] [29 [435 436 437 440 441 442 443 444 445 446 447 448 449]] [30 [450 451 452 453 454 455 457 458 459 460 461 462 464]] [31 [465 466 467 468 469 470 471 472 473 474 475 477]] [32 [480 481 482 484 485 486 487 488 489 490 492 493 494]] [33 [495 497 499 501 502 503 504 505 506 507 508]] [34 [510 511 512 513 514 515 516 517 520 521 523]] [35 [525 526 527 528 529 533 534 535 536 538 539]] [36 [541 542 543 544 546 547 548 549 550 551 552 554]] [37 [555 556 557 558 560 561 562 563 564 565 566 567 568 569]] [38 [570 571 572 573 574 575 576 577 578 579 581 582 583 584]] [39 [585 586 587 588 589 590 592 593 594 595 596 597 598 599]] [40 [600 601 603 604 605 607 608 609 610 613 614]] [41 [615 616 617 618 619 620 622 623 624 625 626 627 629]] [42 [630 632 633 634 635 636 637 638 640 642 643 644]] [43 [647 648 649 651 652 653 654 656 657 658 659]] [44 [660 661 663 664 666 667 668 670 671 672 673 674]] [45 [675 676 677 678 679 680 681 682 683 686 687 688 689]] [46 [690 691 692 693 694 695 696 697 698 699 700 701 703 704]] [47 [706 707 708 711 712 713 714 715 716 717 718 719]] [48 [720 721 722 724 726 727 728 730 731 732 733 734]] [49 [735 736 737 738 739 740 741 742 743 744 745 746 747 749]] [50 [751 752 753 754 755 757 761 762 763 764]] [51 [765 767 769 770 771 772 773 774 775 776 777 778 779]] [52 [780 781 782 784 785 786 787 788 789 790 791 792 793 794]] [53 [795 796 797 798 799 800 801 802 803 804 805 806 807 808 809]] [54 [810 811 812 813 814 815 816 817 818 819 823 824]] [55 [825 826 827 829 830 831 832 833 834 835 836 837 838 839]] [56 [840 841 842 843 844 845 846 847 848 849 851 852 853]] [57 [855 856 857 858 859 861 862 863 864 865 866 867 868 869]] [58 [870 871 872 873 874 875 877 878 880 881 882 884]] [59 [888 889 890 891 892 893 894 895 896 898]] [60 [900 901 902 903 904 906 909 910 911 912 914]] [61 [915 916 917 919 920 921 922 924 925 926 928 929]] [62 [931 932 934 935 936 937 938 939 940 941 942 943]] [63 [945 947 948 949 950 951 952 953 954 955 957 958 959]] [64 [960 961 962 963 964 965 968 969 970 971 972]] [65 [977 978 979 980 981 984 985 986 987 988 989]] [66 [990 991 992 993 994 996 997 998 999 1000 1001 1002 1003 1004]] [67 [1005 1006 1007 1008 1009 1010 1011 1013 1014 1015 1016 1018 1019]] [68 [1020 1022 1023 1024 1025 1026 1028 1029 1031 1032 1034]] [69 [1035 1036 1037 1038 1039 1040 1041 1042 1043 1044 1046 1047]] [70 [1050 1051 1052 1053 1054 1055 1056 1057 1059 1060 1061 1062 1063 1064]] [71 [1066 1067 1068 1069 1070 1072 1073 1075 1076 1078 1079]] [72 [1080 1081 1082 1084 1085 1090 1092 1093 1094]] [73 [1095 1096 1097 1098 1100 1101 1102 1104 1105 1106 1107 1108 1109]] [74 [1110 1111 1112 1115 1116 1117 1119 1122 1123 1124]] [75 [1125 1126 1127 1128 1129 1130 1131 1132 1133 1134 1135 1136 1137 1138 1139]] [76 [1141 1142 1143 1144 1147 1148 1149 1150 1152 1153 1154]] [77 [1155 1156 1157 1159 1161 1162 1163 1164 1165 1166 1167 1168]] [78 [1170 1171 1172 1173 1174 1178 1179 1180 1182 1183 1184]] [79 [1185 1186 1187 1189 1190 1192 1193 1194 1195 1196 1197 1198 1199]] [80 [1201 1202 1203 1204 1205 1206 1207 1208 1209 1210 1211 1213]] [81 [1215 1216 1217 1221 1222 1223 1225 1226 1227 1229]] [82 [1230 1231 1232 1233 1234 1235 1236 1237 1238 1239 1242 1243]] [83 [1245 1246 1247 1249 1250 1251 1252 1253 1254 1255 1256 1257 1259]] [84 [1260 1264 1265 1266 1267 1269 1270 1271 1272 1273 1274]] [85 [1275 1276 1277 1278 1279 1281 1282 1283 1284 1286 1287 1289]] [86 [1290 1291 1292 1293 1294 1295 1296 1297 1299 1300 1301]] [87 [1306 1307 1308 1309 1310 1311 1312 1314 1316 1317 1318 1319]] [88 [1320 1321 1325 1326 1327 1328 1330 1331 1332 1333 1334]] [89 [1336 1337 1338 1339 1340 1341 1342 1343 1346 1347 1348 1349]] [90 [1350 1352 1353 1354 1359 1360 1361 1362 1363 1364]] [91 [1365 1366 1367 1369 1370 1371 1372 1373 1374 1375 1376 1379]] [92 [1380 1381 1382 1383 1384 1386 1387 1391 1392 1393 1394]] [93 [1395 1396 1397 1398 1399 1400 1401 1402 1404 1406 1408 1409]] [94 [1410 1412 1413 1414 1416 1417 1418 1419 1420 1421 1422 1423 1424]] [95 [1425 1426 1427 1428 1429 1430 1432 1433 1434 1436 1437 1438 1439]] [96 [1440 1441 1442 1444 1445 1446 1447 1448 1449 1450 1451 1452 1453 1454]] [97 [1455 1457 1458 1459 1462 1463 1464 1465 1466 1467 1468 1469]] [98 [1470 1471 1472 1473 1475 1476 1477 1478 1479 1480 1481 1482 1483 1484]] [99 [1485 1486 1488 1489 1491 1492 1493 1494 1495 1496 1497 1498 1499]]]",,"[[{citizen 15} [[""A"" [2 5 3 3 2 2 2 2 4 4]]]] [{citizen 16} [[""A"" [3 3 4 3 3 3 4 4 5 4]]]] [{citizen 28} [[""A"" [3 4 3 3 3 2 2 3 4 4]]]] [{citizen 36} [[""A"" [3 4 3 2 2 3 4 4 5 4]]]] [{citizen 41} [[""A"" [5 4 2 2 4 4 2 3 4 4]]]] [{citizen 42} [[""A"" [4 3 3 2 2 4 3 4 4 5]]]] [{citizen 44} [[""A"" [4 3 3 2 2 3 4 3 5 4]]]] [{media 50} [[""A"" [4 4 4 4 4 4 4 4 4 4]]]] [{media 51} [[""A"" [3 3 3 3 3 3 3 3 3 3]]]] [{media 52} [[""A"" [4 4 4 4 4 4 4 4 4 4]]]] [{media 53} [[""A"" [3 3 3 3 3 3 3 3 3 3]]]] [{media 54} [[""A"" [4 4 4 4 4 4 4 4 4 4]]]] [{media 56} [[""A"" [3 3 3 3 3 3 3 3 3 3]]]] [{media 57} [[""A"" [3 3 3 3 3 3 3 3 3 3]]]] [{media 58} [[""A"" [4 4 4 4 4 4 4 4 4 4]]]] [{media 59} [[""A"" [2 2 2 2 2 2 2 2 2 2]]]] [{media 61} [[""A"" [3 3 3 3 3 3 3 3 3 3]]]] [{media 62} [[""A"" [2 2 2 2 2 2 2 2 2 2]]]] [{media 63} [[""A"" [4 4 4 4 4 4 4 4 4 4]]]] [{media 64} [[""A"" [2 2 2 2 2 2 2 2 2 2]]]] [{media 60} [[""A"" [5 5 5 5 5 5 5 5 5 5]]]] [{citizen 1} [[""A"" [3 4 3 2 2 3 4 3 4 4]]]] [{citizen 10} [[""A"" [3 4 3 3 3 2 2 4 5 4]]]] [{citizen 0} [[""A"" [2 3 4 3 3 3 2 3 3 5]]]] [{citizen 6} [[""A"" [4 3 4 3 2 2 3 4 2 4]]]] [{media 55} [[""A"" [5 5 5 5 5 5 5 5 5 5]]]] [{citizen 2} [[""A"" [3 2 2 3 4 3 2 4 5 4]]]] [{citizen 4} [[""A"" [3 4 3 2 3 3 2 3 4 4]]]] [{citizen 13} [[""A"" [3 3 2 2 2 3 4 2 4 4]]]] [{citizen 21} [[""A"" [4 4 3 2 2 2 3 4 4 4]]]] [{citizen 7} [[""A"" [5 4 5 3 2 2 4 4 5 4]]]] [{citizen 31} [[""A"" [3 2 2 4 3 4 4 2 3 4]]]] [{citizen 39} [[""A"" [4 3 4 3 3 2 4 2 4 4]]]] [{citizen 5} [[""A"" [4 4 5 3 2 2 3 3 4 4]]]] [{citizen 24} [[""A"" [3 3 2 2 2 3 4 3 4 5]]]] [{citizen 37} [[""A"" [3 2 2 3 4 4 3 4 5 4]]]] [{citizen 17} [[""A"" [3 4 3 3 2 2 3 2 5 4]]]] [{citizen 30} [[""A"" [3 4 3 2 2 3 4 4 5 4]]]] [{citizen 3} [[""A"" [4 2 5 3 2 2 3 2 3 4]]]] [{citizen 27} [[""A"" [4 2 3 3 2 3 3 3 4 4]]]] [{citizen 38} [[""A"" [3 4 3 3 4 5 3 2 2 4]]]] [{citizen 22} [[""A"" [3 4 4 3 3 2 2 4 4 4]]]] [{citizen 49} [[""A"" [2 3 4 3 4 3 2 4 4 5]]]] [{citizen 9} [[""A"" [3 3 3 2 2 4 2 3 4 4]]]] [{citizen 11} [[""A"" [2 2 2 3 4 2 3 4 5 4]]]] [{citizen 47} [[""A"" [4 3 2 2 4 3 3 4 5 4]]]] [{citizen 18} [[""A"" [2 3 3 4 3 3 2 2 3 4]]]] [{citizen 43} [[""A"" [3 3 3 2 2 3 4 4 4 4]]]] [{citizen 46} [[""A"" [3 3 4 3 2 3 2 3 4 4]]]] [{citizen 19} [[""A"" [4 4 4 3 2 2 4 4 5 4]]]] [{citizen 8} [[""A"" [3 4 3 3 3 3 2 3 3 4]]]] [{citizen 14} [[""A"" [4 3 3 2 2 4 3 3 4 4]]]] [{citizen 20} [[""A"" [4 3 3 3 2 2 3 4 5 4]]]] [{citizen 29} [[""A"" [4 3 3 2 2 4 3 2 5 4]]]] [{citizen 45} [[""A"" [4 3 4 3 2 2 3 3 4 4]]]] [{citizen 33} [[""A"" [3 3 2 2 2 4 2 4 5 4]]]] [{citizen 32} [[""A"" [3 3 4 3 2 3 4 3 4 4]]]] [{citizen 23} [[""A"" [4 2 2 4 4 3 2 3 5 4]]]] [{citizen 35} [[""A"" [4 3 3 2 2 2 3 4 5 4]]]] [{citizen 48} [[""A"" [3 3 2 2 3 4 3 4 5 4]]]] [{citizen 40} [[""A"" [3 4 4 3 3 3 2 3 4 4]]]] [{citizen 34} [[""A"" [2 2 4 3 3 4 2 3 4 4]]]] [{citizen 26} [[""A"" [3 4 4 3 3 2 2 3 3 4]]]] [{citizen 25} [[""A"" [5 3 4 3 3 2 3 3 4 4]]]]]"
"13","[85 0 170]","253.46938775510208","-6.273822178391414","-1.9437446009574582","""circle""","""""","9.9","{breed citizens}","false","0.5","1","""up""",,"[[""ID"" 13] [""alpha"" 1] [""beta"" 1] [""malleable"" [""A""]] [""prior"" []] [""cont_tokens"" []] [""A"" 4]]","[[0 [1 2 3 4 5 6 7 8 9 10 11 12 13 14]] [1 [15 16 17 18 19 20 21 22 23 25 26 28 29]] [2 [30 31 32 33 34 35 36 37 38 39 40 41 42 43 44]] [3 [45 46 47 48 49 50 51 52 53 54 55 56 57 58 59]] [4 [60 61 62 63 64 65 66 67 68 69 70 71 72 73 74]] [5 [75 76 77 78 80 83 84 85 86 87 88 89]] [6 [90 91 92 93 94 95 96 97 98 99 100 101 102 103 104]] [7 [105 106 107 108 109 110 111 112 113 114 115 116 117 118 119]] [8 [120 121 122 123 124 125 126 127 128 129 130 131 132 133 134]] [9 [135 136 137 138 139 140 141 142 143 144 145 146 147 148 149]] [10 [150 151 152 153 154 155 156 157 158 159 160 161 162 163 164]] [11 [165 166 167 168 169 170 171 172 173 174 175 176 177 178 179]] [12 [180 181 182 183 184 185 186 187 188 189 190 191 192 193 194]] [13 [195 196 197 198 199 200 201 202 203 204 205 206 207 208 209]] [14 [210 211 212 213 214 215 216 217 218 219 220 221 222 223 224]] [15 [225 226 227 228 229 230 231 232 233 234 235 236 237 238 239]] [16 [240 241 242 243 244 245 246 247 248 249 250 251 252 253 254]] [17 [255 256 257 258 259 260 261 262 263 264 265 266 267 268 269]] [18 [270 271 272 273 274 275 276 277 278 279 280 281 282 283 284]] [19 [285 286 287 288 289 290 291 292 293 294 295 296 297 298 299]] [20 [300 301 302 303 304 305 306 307 309 310 311 312 313 314]] [21 [315 316 317 318 319 320 321 322 323 324 325 326 327 328 329]] [22 [330 331 332 333 334 335 336 337 338 339 340 341 342 343 344]] [23 [345 346 347 348 349 350 351 352 353 354 355 356 357 358 359]] [24 [360 361 362 363 364 365 366 367 368 369 370 371 372 373 374]] [25 [375 376 377 378 379 380 381 382 383 384 385 386 387 388 389]] [26 [390 391 392 393 394 395 396 397 398 399 400 401 402 403 404]] [27 [405 406 407 408 409 410 411 412 413 414 415 416 417 418 419]] [28 [420 421 422 423 424 425 426 427 428 429 430 431 432 433 434]] [29 [435 436 437 438 439 440 441 442 443 444 445 446 447 448 449]] [30 [450 451 452 453 454 455 456 457 458 459 460 461 462 463 464]] [31 [465 466 467 468 469 470 471 472 473 474 475 476 477 478 479]] [32 [480 481 482 483 484 485 486 487 488 489 490 491 492 493 494]] [33 [495 496 497 498 499 500 501 502 503 504 505 506 507 508 509]] [34 [510 511 512 513 514 515 516 517 519 520 521 522 523 524]] [35 [525 526 527 528 529 530 531 532 533 534 535 536 537 538 539]] [36 [540 541 542 543 544 545 546 547 548 549 550 551 552 553 554]] [37 [555 556 557 558 559 560 561 562 563 564 565 566 567 568 569]] [38 [570 571 572 573 574 575 576 577 578 579 580 581 582 583 584]] [39 [585 586 587 588 589 590 591 592 593 594 595 596 597 598 599]] [40 [600 601 602 603 604 605 606 607 608 609 610 611 612 613 614]] [41 [615 616 617 618 619 620 621 622 623 624 625 626 627 628 629]] [42 [630 631 632 633 634 635 636 637 638 639 640 641 642 643 644]] [43 [645 646 647 648 649 650 651 652 653 654 656 657 658 659]] [44 [660 661 662 663 664 665 666 667 668 669 670 671 672 673 674]] [45 [675 676 677 678 679 680 681 682 683 684 685 686 687 688 689]] [46 [690 691 692 693 694 695 696 697 698 699 700 701 702 703 704]] [47 [705 706 707 708 709 710 711 712 713 714 715 716 717 718 719]] [48 [720 721 722 723 724 725 726 727 728 729 730 731 732 733 734]] [49 [735 736 737 738 739 740 741 742 743 744 745 746 747 748 749]] [50 [750 751 752 753 754 755 756 757 758 759 760 761 762 763 764]] [51 [765 766 767 768 769 770 771 772 773 774 775 776 777 778 779]] [52 [780 781 782 783 784 785 786 787 788 789 790 791 792 793 794]] [53 [795 796 797 798 799 800 801 802 803 804 805 806 807 808 809]] [54 [810 811 812 813 814 815 816 817 818 819 820 821 822 823 824]] [55 [825 826 827 828 829 830 831 832 833 834 835 836 837 838 839]] [56 [840 841 842 843 844 845 846 847 848 849 850 851 852 853 854]] [57 [855 856 857 858 859 860 861 862 863 864 865 866 867 868 869]] [58 [870 871 872 873 874 875 876 877 878 879 880 881 882 883 884]] [59 [885 886 887 888 889 890 891 892 893 894 895 896 897 898 899]] [60 [900 901 902 903 904 905 906 907 908 909 910 911 912 913 914]] [61 [915 916 917 918 919 920 921 922 923 924 925 926 927 928 929]] [62 [930 931 932 933 934 935 936 937 938 939 940 941 942 943 944]] [63 [945 946 947 948 949 950 951 952 953 954 955 956 957 958 959]] [64 [960 961 962 963 964 965 966 967 968 969 970 971 972 973 974]] [65 [975 976 977 978 979 980 981 984 985 986 987 988 989]] [66 [990 991 992 993 994 996 997 998 999 1000 1001 1002 1003 1004]] [67 [1005 1006 1007 1008 1009 1010 1011 1012 1013 1014 1015 1016 1017 1018 1019]] [68 [1020 1022 1023 1024 1025 1026 1027 1028 1029 1030 1031 1032 1034]] [69 [1035 1036 1037 1038 1039 1040 1041 1042 1043 1044 1045 1046 1047 1048 1049]] [70 [1050 1051 1052 1053 1054 1055 1056 1057 1058 1059 1060 1061 1062 1063 1064]] [71 [1065 1066 1067 1068 1069 1070 1071 1072 1073 1074 1075 1076 1077 1078 1079]] [72 [1080 1081 1082 1083 1084 1085 1086 1087 1088 1089 1090 1091 1092 1093 1094]] [73 [1095 1096 1097 1098 1099 1100 1101 1102 1103 1104 1105 1106 1107 1108 1109]] [74 [1110 1111 1112 1113 1114 1115 1116 1117 1118 1119 1120 1121 1122 1123 1124]] [75 [1125 1126 1127 1128 1129 1130 1131 1132 1133 1134 1135 1136 1137 1138 1139]] [76 [1140 1141 1142 1143 1144 1145 1146 1147 1148 1149 1150 1151 1152 1153 1154]] [77 [1155 1156 1157 1159 1161 1162 1163 1164 1165 1166 1167 1168 1169]] [78 [1170 1171 1172 1173 1174 1175 1176 1177 1178 1179 1180 1181 1182 1183 1184]] [79 [1185 1186 1187 1188 1189 1190 1191 1192 1193 1194 1195 1196 1197 1198 1199]] [80 [1200 1201 1202 1203 1204 1205 1206 1207 1208 1209 1210 1211 1212 1213 1214]] [81 [1215 1216 1217 1218 1219 1220 1221 1222 1223 1224 1225 1226 1227 1228 1229]] [82 [1230 1231 1232 1233 1234 1235 1236 1237 1238 1239 1240 1241 1242 1243 1244]] [83 [1245 1246 1247 1248 1249 1250 1251 1252 1253 1254 1255 1256 1257 1258 1259]] [84 [1260 1262 1263 1264 1265 1266 1267 1269 1270 1271 1272 1273 1274]] [85 [1275 1276 1277 1278 1279 1280 1281 1282 1283 1284 1285 1286 1287 1288 1289]] [86 [1290 1291 1292 1293 1294 1295 1296 1297 1299 1300 1301 1302 1303 1304]] [87 [1305 1306 1307 1308 1309 1310 1311 1312 1313 1314 1315 1316 1317 1318 1319]] [88 [1320 1321 1322 1323 1324 1325 1326 1327 1328 1329 1330 1331 1332 1333 1334]] [89 [1335 1336 1337 1338 1339 1340 1341 1342 1343 1344 1345 1346 1347 1348 1349]] [90 [1350 1351 1352 1353 1354 1355 1356 1357 1358 1359 1360 1361 1362 1363 1364]] [91 [1365 1366 1367 1368 1369 1370 1371 1372 1373 1374 1375 1376 1377 1378 1379]] [92 [1380 1381 1382 1383 1384 1385 1386 1387 1388 1389 1390 1391 1392 1393 1394]] [93 [1395 1396 1397 1398 1399 1400 1401 1402 1403 1404 1405 1406 1407 1408 1409]] [94 [1410 1411 1412 1413 1414 1415 1416 1417 1418 1419 1420 1421 1422 1423 1424]] [95 [1425 1426 1427 1428 1429 1430 1431 1432 1433 1434 1435 1436 1437 1438 1439]] [96 [1440 1441 1442 1443 1444 1445 1446 1447 1448 1449 1450 1451 1452 1453 1454]] [97 [1455 1456 1457 1458 1459 1461 1462 1463 1464 1465 1466 1467 1468 1469]] [98 [1470 1471 1472 1473 1474 1475 1476 1477 1478 1479 1480 1481 1482 1483 1484]] [99 [1485 1486 1487 1488 1489 1491 1492 1493 1494 1495 1496 1497 1498 1499]]]","[[0 [1 2 3 4 6 7 8 9 11 12 13 14]] [1 [15 16 17 18 20 21 22 23 25 26 28 29]] [2 [31 33 34 35 36 37 38 40 41 42 43 44]] [3 [45 46 47 48 49 50 51 52 53 55 57 58]] [4 [60 62 63 64 65 66 67 68 69 70 71 72 73 74]] [5 [75 76 77 78 80 83 84 85 86 87 88 89]] [6 [90 91 92 93 94 95 96 97 98 99 100 101 104]] [7 [105 106 107 108 109 110 112 114 115 117]] [8 [120 121 122 123 124 125 126 127 128 131 132 134]] [9 [135 136 137 138 139 140 141 142 143 144 145 146 147]] [10 [150 151 153 154 156 157 158 159 161 163 164]] [11 [165 167 168 169 170 172 173 174 177 178 179]] [12 [180 181 182 183 184 185 186 187 188 189 191 193 194]] [13 [195 198 199 200 201 202 203 204 205 207 208 209]] [14 [210 211 212 213 214 218 219 220 221 222 223 224]] [15 [225 226 227 228 229 230 231 232 233 235 237 238 239]] [16 [240 241 242 244 245 246 247 248 249 250 251 252 253 254]] [17 [255 256 261 262 263 264 265 266 267 268 269]] [18 [270 271 272 273 275 276 277 278 279 281 282 284]] [19 [285 286 289 290 291 292 293 294 297 298 299]] [20 [300 301 302 303 304 305 306 307 309 311 312 313 314]] [21 [318 319 320 321 324 325 326 327 328 329]] [22 [330 331 332 333 334 336 337 338 339 340 341 342 344]] [23 [345 346 348 349 350 351 354 355 356 357 358 359]] [24 [360 361 362 363 364 365 366 367 368 370 372 373 374]] [25 [375 377 378 379 380 381 382 383 384 385 386 388 389]] [26 [391 392 393 394 396 397 398 399 400 401 402 403 404]] [27 [405 406 407 408 409 410 411 413 414 415 416 417 418 419]] [28 [420 421 422 423 424 425 426 427 429 430 431 432 433 434]] [29 [435 436 437 439 440 441 442 443 444 445 446 447 448 449]] [30 [450 451 452 453 454 455 456 457 458 459 461 462]] [31 [466 467 468 469 470 471 472 473 474 475 477 478 479]] [32 [480 482 485 486 488 489 490 491 492 493 494]] [33 [495 497 499 500 501 502 503 504 505 506 507 508]] [34 [510 511 512 513 514 515 516 517 520 521 523 524]] [35 [525 526 527 528 529 530 531 532 534 536 537 538 539]] [36 [541 542 543 544 546 547 548 549 550 551 552 554]] [37 [555 556 557 558 559 562 563 564 565 566 567 568 569]] [38 [570 572 573 574 575 577 578 579 581 582 583 584]] [39 [585 586 587 588 589 590 591 592 593 594 595 597 598 599]] [40 [600 601 602 603 604 605 606 609 610 613 614]] [41 [615 616 617 618 619 620 622 623 625 626 627 629]] [42 [630 632 633 634 635 636 637 638 640 642 643 644]] [43 [645 646 647 648 650 651 652 653 654 656 657 658 659]] [44 [660 661 662 663 665 667 669 670 671 672 674]] [45 [675 676 677 678 679 680 681 682 683 686 687 688 689]] [46 [690 691 692 693 694 695 696 697 699 700 701 702 703 704]] [47 [707 708 711 712 713 714 715 716 717 718 719]] [48 [720 721 722 723 725 726 727 728 729 730 731 732 733 734]] [49 [735 736 737 738 739 740 741 742 743 744 745 746 748]] [50 [750 751 752 753 754 755 756 757 759 760 761 762 763 764]] [51 [765 767 773 774 775 776 777 778 779]] [52 [780 781 782 784 785 786 788 789 790 791 792 793 794]] [53 [795 796 797 798 799 800 801 802 803 804 805 806 807 808 809]] [54 [810 811 812 813 814 815 817 820 821 822 824]] [55 [825 826 827 830 831 832 833 834 836 837 838 839]] [56 [840 841 842 843 844 845 846 847 848 849 851 852 853 854]] [57 [856 857 858 859 861 862 863 864 865 866 867 868 869]] [58 [870 871 872 873 874 876 878 879 880 881 882 884]] [59 [885 886 887 888 889 890 891 892 893 896 898]] [60 [900 901 902 903 904 905 906 907 908 909 910 911 913]] [61 [915 916 917 919 920 921 922 924 925 927]] [62 [930 931 932 933 934 935 937 938 939 941 942 944]] [63 [946 948 949 950 951 952 953 954 955 957 958 959]] [64 [960 962 963 964 965 966 967 968 969 970 973 974]] [65 [975 976 977 978 979 980 981 984 985 986 987 988 989]] [66 [990 991 992 993 994 996 997 998 999 1002 1003 1004]] [67 [1005 1006 1007 1008 1009 1010 1011 1013 1014 1015 1016 1018 1019]] [68 [1020 1022 1023 1024 1025 1026 1027 1028 1029 1030 1031 1032 1034]] [69 [1035 1036 1037 1039 1041 1042 1043 1044 1046 1047]] [70 [1050 1051 1052 1053 1054 1055 1056 1057 1058 1061 1062 1063]] [71 [1065 1066 1067 1068 1069 1070 1072 1073 1074 1075 1076 1078 1079]] [72 [1083 1086 1087 1088 1089 1090 1092 1093 1094]] [73 [1095 1096 1097 1099 1101 1103 1104 1105 1106 1107 1108 1109]] [74 [1110 1111 1112 1114 1116 1118 1119 1121 1122 1123 1124]] [75 [1125 1126 1127 1128 1129 1130 1131 1132 1133 1134 1136 1137 1138 1139]] [76 [1141 1142 1143 1144 1145 1146 1147 1148 1149 1150 1153 1154]] [77 [1156 1157 1159 1162 1163 1164 1165 1166 1167 1168 1169]] [78 [1170 1171 1172 1174 1175 1177 1178 1179 1180 1182 1183 1184]] [79 [1185 1186 1187 1188 1189 1190 1192 1193 1194 1195 1196 1197 1198 1199]] [80 [1200 1201 1202 1203 1206 1207 1208 1209 1211 1213]] [81 [1215 1216 1217 1218 1219 1220 1221 1222 1223 1224 1225 1226 1227 1229]] [82 [1230 1231 1232 1233 1234 1235 1236 1237 1238 1239 1242 1243 1244]] [83 [1245 1246 1247 1249 1250 1251 1252 1253 1254 1255 1256 1257 1258 1259]] [84 [1262 1263 1264 1265 1266 1267 1270 1271 1272 1273 1274]] [85 [1275 1276 1277 1278 1279 1282 1283 1284 1285 1286 1287 1288 1289]] [86 [1292 1293 1294 1295 1296 1297 1299 1300 1301 1304]] [87 [1305 1307 1308 1309 1310 1311 1313 1315 1316 1317 1318 1319]] [88 [1320 1321 1322 1323 1324 1325 1326 1327 1328 1329 1330 1331 1332 1333]] [89 [1335 1337 1338 1339 1340 1341 1342 1343 1344 1345 1347 1348 1349]] [90 [1350 1352 1353 1354 1359 1360 1361 1362 1364]] [91 [1365 1366 1367 1368 1369 1371 1372 1373 1374 1376 1378]] [92 [1380 1381 1382 1383 1384 1386 1388 1389 1390 1391 1392 1393 1394]] [93 [1395 1396 1397 1398 1402 1403 1404 1406 1408 1409]] [94 [1410 1411 1413 1415 1416 1417 1418 1419 1420 1421 1422 1424]] [95 [1425 1426 1428 1429 1430 1432 1433 1435 1436 1437 1438 1439]] [96 [1440 1442 1444 1445 1446 1447 1449 1451 1452 1453 1454]] [97 [1455 1457 1458 1459 1462 1463 1464 1465 1466 1467 1468 1469]] [98 [1470 1471 1472 1474 1475 1476 1477 1478 1479 1480 1481 1482 1483 1484]] [99 [1485 1486 1488 1489 1491 1492 1493 1494 1495 1496 1497 1498 1499]]]",,"[[{citizen 17} [[""A"" [3 4 3 3 2 3 3 3 5 4]]]] [{citizen 19} [[""A"" [3 2 2 3 4 3 4 4 5 4]]]] [{citizen 32} [[""A"" [5 5 3 2 3 3 4 3 5 4]]]] [{media 50} [[""A"" [4 4 4 4 4 4 4 4 4 4]]]] [{media 51} [[""A"" [3 3 3 3 3 3 3 3 3 3]]]] [{media 52} [[""A"" [4 4 4 4 4 4 4 4 4 4]]]] [{media 53} [[""A"" [3 3 3 3 3 3 3 3 3 3]]]] [{media 54} [[""A"" [4 4 4 4 4 4 4 4 4 4]]]] [{media 56} [[""A"" [3 3 3 3 3 3 3 3 3 3]]]] [{media 57} [[""A"" [3 3 3 3 3 3 3 3 3 3]]]] [{media 58} [[""A"" [4 4 4 4 4 4 4 4 4 4]]]] [{media 59} [[""A"" [2 2 2 2 2 2 2 2 2 2]]]] [{media 61} [[""A"" [3 3 3 3 3 3 3 3 3 3]]]] [{media 62} [[""A"" [2 2 2 2 2 2 2 2 2 2]]]] [{media 63} [[""A"" [4 4 4 4 4 4 4 4 4 4]]]] [{media 64} [[""A"" [2 2 2 2 2 2 2 2 2 2]]]] [{citizen 4} [[""A"" [3 2 3 5 2 3 3 3 3 4]]]] [{citizen 1} [[""A"" [2 3 3 3 4 4 3 4 5 4]]]] [{citizen 6} [[""A"" [3 5 3 2 3 3 4 3 5 4]]]] [{citizen 0} [[""A"" [5 3 3 2 3 3 3 4 3 5]]]] [{media 55} [[""A"" [5 5 5 5 5 5 5 5 5 5]]]] [{citizen 2} [[""A"" [4 3 5 3 2 3 4 3 5 4]]]] [{citizen 28} [[""A"" [2 3 5 3 2 2 3 4 5 4]]]] [{citizen 36} [[""A"" [3 2 3 3 4 3 4 3 5 4]]]] [{citizen 12} [[""A"" [5 4 3 5 3 3 3 4 3 5]]]] [{citizen 49} [[""A"" [4 3 3 2 3 3 4 3 3 5]]]] [{citizen 37} [[""A"" [5 3 2 2 3 4 4 3 5 4]]]] [{citizen 11} [[""A"" [3 5 2 2 3 4 4 3 5 4]]]] [{citizen 31} [[""A"" [3 2 2 4 3 4 4 3 5 4]]]] [{citizen 41} [[""A"" [3 5 4 5 2 3 4 4 3 4]]]] [{citizen 3} [[""A"" [5 5 3 2 3 3 3 4 3 5]]]] [{citizen 43} [[""A"" [3 2 2 3 4 3 4 4 5 4]]]] [{citizen 45} [[""A"" [4 2 3 5 3 2 3 3 4 4]]]] [{citizen 9} [[""A"" [3 2 4 3 3 4 2 3 5 4]]]] [{citizen 21} [[""A"" [4 3 2 3 3 3 4 4 5 4]]]] [{citizen 8} [[""A"" [3 3 5 3 3 3 4 3 5 4]]]] [{citizen 33} [[""A"" [4 3 2 2 2 3 4 4 5 4]]]] [{citizen 42} [[""A"" [5 3 5 3 2 3 3 3 4 5]]]] [{citizen 47} [[""A"" [3 4 3 2 2 3 3 3 3 5]]]] [{citizen 7} [[""A"" [3 2 2 3 3 4 4 4 5 4]]]] [{citizen 39} [[""A"" [4 5 3 3 2 3 4 4 5 4]]]] [{citizen 25} [[""A"" [3 5 3 3 3 3 4 3 5 4]]]] [{citizen 15} [[""A"" [5 5 3 2 2 2 3 3 5 4]]]] [{citizen 10} [[""A"" [2 3 5 3 2 3 4 3 5 4]]]] [{citizen 46} [[""A"" [5 4 3 2 3 3 3 4 5 4]]]] [{citizen 5} [[""A"" [3 3 2 2 3 3 4 3 5 4]]]] [{citizen 24} [[""A"" [3 5 5 3 2 3 4 3 3 5]]]] [{citizen 44} [[""A"" [3 2 2 3 3 4 4 3 5 4]]]] [{citizen 14} [[""A"" [3 2 2 4 3 3 3 4 5 4]]]] [{citizen 20} [[""A"" [3 2 3 5 3 2 3 3 3 5]]]] [{citizen 22} [[""A"" [4 3 2 2 3 4 3 4 5 4]]]] [{citizen 29} [[""A"" [3 5 3 2 3 3 3 4 5 4]]]] [{citizen 35} [[""A"" [4 3 2 2 3 4 3 4 5 4]]]] [{citizen 30} [[""A"" [3 2 2 3 3 4 3 4 5 4]]]] [{citizen 48} [[""A"" [5 3 3 2 3 4 3 3 5 4]]]] [{citizen 18} [[""A"" [4 3 4 3 5 3 2 2 3 4]]]] [{citizen 27} [[""A"" [3 5 3 3 3 3 3 3 5 4]]]] [{media 60} [[""A"" [5 5 5 5 5 5 5 5 5 5]]]] [{citizen 16} [[""A"" [3 5 5 3 3 4 3 4 5 4]]]] [{citizen 34} [[""A"" [5 3 2 3 3 4 3 3 5 4]]]] [{citizen 26} [[""A"" [4 3 5 4 3 3 2 3 3 5]]]] [{citizen 40} [[""A"" [4 4 4 3 3 3 2 3 5 4]]]] [{citizen 23} [[""A"" [3 5 2 3 4 3 4 3 5 4]]]] [{citizen 38} [[""A"" [2 3 5 3 5 3 3 4 5 4]]]]]"
"14","[85 0 170]","260.8163265306123","-7.184827156961233","-1.2588081225265657","""circle""","""""","9.9","{breed citizens}","false","0.5","1","""up""",,"[[""ID"" 14] [""alpha"" 1] [""beta"" 1] [""malleable"" [""A""]] [""prior"" []] [""cont_tokens"" []] [""A"" 4]]","[[0 [0 1 2 3 4 6 7 8 9 10 11 12 13 14]] [1 [15 16 17 18 19 20 21 22 23 25 26 28 29]] [2 [30 31 32 33 34 35 36 37 38 39 40 41 42 43 44]] [3 [45 46 47 48 49 50 51 52 53 54 55 56 57 58 59]] [4 [60 61 62 63 64 65 66 67 68 69 70 71 72 73 74]] [5 [75 76 77 78 80 83 84 85 86 87 88 89]] [6 [90 91 92 93 94 95 96 97 98 99 100 101 102 103 104]] [7 [105 106 107 108 109 110 111 112 113 114 115 116 117 118 119]] [8 [120 121 122 123 124 125 126 127 128 129 130 131 132 133 134]] [9 [135 136 137 138 139 140 141 142 143 144 145 146 147 148 149]] [10 [150 151 152 153 154 155 156 157 158 159 160 161 162 163 164]] [11 [165 166 167 168 169 170 171 172 173 174 175 176 177 178 179]] [12 [180 181 182 183 184 185 186 187 188 189 190 191 192 193 194]] [13 [195 196 197 198 199 200 201 202 203 204 205 206 207 208 209]] [14 [210 211 212 213 214 215 216 217 218 219 220 221 222 223 224]] [15 [225 226 227 228 229 230 231 232 233 234 235 236 237 238 239]] [16 [240 241 242 243 244 245 246 247 248 249 250 251 252 253 254]] [17 [255 256 257 258 259 260 261 262 263 264 265 266 267 268 269]] [18 [270 271 272 273 274 275 276 277 278 279 280 281 282 283 284]] [19 [285 286 287 288 289 290 291 292 293 294 295 296 297 298 299]] [20 [300 301 302 303 304 305 306 307 309 310 311 312 313 314]] [21 [315 316 317 318 319 320 321 322 323 324 325 326 327 328 329]] [22 [330 331 332 333 334 335 336 337 338 339 340 341 342 343 344]] [23 [345 346 347 348 349 350 351 352 353 354 355 356 357 358 359]] [24 [360 361 362 363 364 365 366 367 368 369 370 371 372 373 374]] [25 [375 376 377 378 379 380 381 382 383 384 385 386 387 388 389]] [26 [390 391 392 393 394 395 396 397 398 399 400 401 402 403 404]] [27 [405 406 407 408 409 410 411 412 413 414 415 416 417 418 419]] [28 [420 421 422 423 424 425 426 427 428 429 430 431 432 433 434]] [29 [435 436 437 438 439 440 441 442 443 444 445 446 447 448 449]] [30 [450 451 452 453 454 455 456 457 458 459 460 461 462 463 464]] [31 [465 466 467 468 469 470 471 472 473 474 475 476 477 478 479]] [32 [480 481 482 483 484 485 486 487 488 489 490 491 492 493 494]] [33 [495 496 497 498 499 500 501 502 503 504 505 506 507 508 509]] [34 [510 511 512 513 514 515 516 517 519 520 521 522 523 524]] [35 [525 526 527 528 529 530 531 532 533 534 535 536 537 538 539]] [36 [540 541 542 543 544 545 546 547 548 549 550 551 552 553 554]] [37 [555 556 557 558 559 560 561 562 563 564 565 566 567 568 569]] [38 [570 571 572 573 574 575 576 577 578 579 580 581 582 583 584]] [39 [585 586 587 588 589 590 591 592 593 594 595 596 597 598 599]] [40 [600 601 602 603 604 605 606 607 608 609 610 611 612 613 614]] [41 [615 616 617 618 619 620 621 622 623 624 625 626 627 628 629]] [42 [630 631 632 633 634 635 636 637 638 639 640 641 642 643 644]] [43 [645 646 647 648 649 650 651 652 653 654 656 657 658 659]] [44 [660 661 662 663 664 665 666 667 668 669 670 671 672 673 674]] [45 [675 676 677 678 679 680 681 682 683 684 685 686 687 688 689]] [46 [690 691 692 693 694 695 696 697 698 699 700 701 702 703 704]] [47 [705 706 707 708 709 710 711 712 713 714 715 716 717 718 719]] [48 [720 721 722 723 724 725 726 727 728 729 730 731 732 733 734]] [49 [735 736 737 738 739 740 741 742 743 744 745 746 747 748 749]] [50 [750 751 752 753 754 755 756 757 758 759 760 761 762 763 764]] [51 [765 766 767 768 769 770 771 772 773 774 775 776 777 778 779]] [52 [780 781 782 783 784 785 786 787 788 789 790 791 792 793 794]] [53 [795 796 797 798 799 800 801 802 803 804 805 806 807 808 809]] [54 [810 811 812 813 814 815 816 817 818 819 820 821 822 823 824]] [55 [825 826 827 828 829 830 831 832 833 834 835 836 837 838 839]] [56 [840 841 842 843 844 845 846 847 848 849 850 851 852 853 854]] [57 [855 856 857 858 859 860 861 862 863 864 865 866 867 868 869]] [58 [870 871 872 873 874 875 876 877 878 879 880 881 882 883 884]] [59 [885 886 887 888 889 890 891 892 893 894 895 896 897 898 899]] [60 [900 901 902 903 904 905 906 907 908 909 910 911 912 913 914]] [61 [915 916 917 918 919 920 921 922 923 924 925 926 927 928 929]] [62 [930 931 932 933 934 935 936 937 938 939 940 941 942 943 944]] [63 [945 946 947 948 949 950 951 952 953 954 955 956 957 958 959]] [64 [960 961 962 963 964 965 966 967 968 969 970 971 972 973 974]] [65 [975 976 977 978 979 980 981 982 983 984 985 986 987 988 989]] [66 [990 991 992 993 994 996 997 998 999 1000 1001 1002 1003 1004]] [67 [1005 1006 1007 1008 1009 1010 1011 1012 1013 1014 1015 1016 1017 1018 1019]] [68 [1020 1022 1023 1024 1025 1026 1027 1028 1029 1030 1031 1032 1034]] [69 [1035 1036 1037 1038 1039 1040 1041 1042 1043 1044 1045 1046 1047 1048 1049]] [70 [1050 1051 1052 1053 1054 1055 1056 1057 1058 1059 1060 1061 1062 1063 1064]] [71 [1065 1066 1067 1068 1069 1070 1071 1072 1073 1074 1075 1076 1077 1078 1079]] [72 [1080 1081 1082 1083 1084 1085 1086 1087 1088 1089 1090 1091 1092 1093 1094]] [73 [1095 1096 1097 1098 1099 1100 1101 1102 1103 1104 1105 1106 1107 1108 1109]] [74 [1110 1111 1112 1113 1114 1115 1116 1117 1118 1119 1120 1121 1122 1123 1124]] [75 [1125 1126 1127 1128 1129 1130 1131 1132 1133 1134 1135 1136 1137 1138 1139]] [76 [1140 1141 1142 1143 1144 1145 1146 1147 1148 1149 1150 1151 1152 1153 1154]] [77 [1155 1156 1157 1159 1161 1162 1163 1164 1165 1166 1167 1168 1169]] [78 [1170 1171 1172 1173 1174 1175 1176 1177 1178 1179 1180 1181 1182 1183 1184]] [79 [1185 1186 1187 1188 1189 1190 1191 1192 1193 1194 1195 1196 1197 1198 1199]] [80 [1200 1201 1202 1203 1204 1205 1206 1207 1208 1209 1210 1211 1212 1213 1214]] [81 [1215 1216 1217 1218 1219 1220 1221 1222 1223 1224 1225 1226 1227 1229]] [82 [1230 1231 1232 1233 1234 1235 1236 1237 1238 1239 1240 1241 1242 1243 1244]] [83 [1245 1246 1247 1248 1249 1250 1251 1252 1253 1254 1255 1256 1257 1258 1259]] [84 [1260 1262 1263 1264 1265 1266 1267 1269 1270 1271 1272 1273 1274]] [85 [1275 1276 1277 1278 1279 1280 1281 1282 1283 1284 1285 1286 1287 1288 1289]] [86 [1290 1291 1292 1293 1294 1295 1296 1297 1299 1300 1301 1302 1303 1304]] [87 [1305 1306 1307 1308 1309 1310 1311 1312 1313 1314 1315 1316 1317 1318 1319]] [88 [1320 1321 1322 1323 1324 1325 1326 1327 1328 1329 1330 1331 1332 1333 1334]] [89 [1335 1336 1337 1338 1339 1340 1341 1342 1343 1344 1345 1346 1347 1348 1349]] [90 [1350 1351 1352 1353 1354 1355 1356 1357 1358 1359 1360 1361 1362 1363 1364]] [91 [1365 1366 1367 1368 1369 1370 1371 1372 1373 1374 1375 1376 1377 1378 1379]] [92 [1380 1381 1382 1383 1384 1385 1386 1387 1388 1389 1390 1391 1392 1393 1394]] [93 [1395 1396 1397 1398 1399 1400 1401 1402 1403 1404 1405 1406 1407 1408 1409]] [94 [1410 1411 1412 1413 1414 1415 1416 1417 1418 1419 1420 1421 1422 1423 1424]] [95 [1425 1426 1427 1428 1429 1430 1431 1432 1433 1434 1435 1436 1437 1438 1439]] [96 [1440 1441 1442 1443 1444 1445 1446 1447 1448 1449 1450 1451 1452 1453 1454]] [97 [1455 1456 1457 1458 1459 1461 1462 1463 1464 1465 1466 1467 1468 1469]] [98 [1470 1471 1472 1473 1474 1475 1476 1477 1478 1479 1480 1481 1482 1483 1484]] [99 [1485 1486 1487 1488 1489 1491 1492 1493 1494 1495 1496 1497 1498 1499]]]","[[0 [3 4 6 7 8 9 11 12 13 14]] [1 [15 16 17 18 21 22 23 25 26 28 29]] [2 [31 33 34 35 36 37 38 40 41 42 43 44]] [3 [45 46 47 48 49 50 51 52 54 56 57 58 59]] [4 [61 62 63 64 65 66 67 68 69 70 71 72 73 74]] [5 [75 76 77 78 80 83 84 85 86 87 88 89]] [6 [90 91 92 94 95 97 98 99 100 101 103 104]] [7 [105 106 107 108 109 110 112 114 116 117 118 119]] [8 [121 122 123 124 125 126 127 128 131 132 133]] [9 [135 136 137 139 142 143 144 145 146 147]] [10 [152 154 156 157 158 159 161 164]] [11 [165 166 169 170 171 172 173 174 177 178 179]] [12 [180 181 182 183 186 187 188 189 191 192 193 194]] [13 [195 196 197 198 199 200 201 202 206 207 208 209]] [14 [210 215 216 217 219 220 221 222 223 224]] [15 [225 226 227 228 230 231 232 233 235 237 238 239]] [16 [240 241 242 243 246 247 248 249 250 251 252 253 254]] [17 [255 256 257 258 259 260 262 263 264 265 266 267 268 269]] [18 [270 271 272 273 274 276 277 278 279 281 282 283 284]] [19 [285 287 288 289 290 291 292 293 294 295 296 298 299]] [20 [301 302 303 304 305 306 307 309 311 312 313 314]] [21 [317 318 319 320 321 324 325 326 327 328 329]] [22 [330 331 332 333 334 336 337 338 339 340 341 342 343 344]] [23 [345 347 348 349 350 351 354 355 356 357 358 359]] [24 [360 361 362 363 364 366 367 368 369 370 372 373]] [25 [376 377 378 379 381 382 383 384 385 387 388 389]] [26 [391 392 393 395 397 398 399 400 401 402 403 404]] [27 [405 406 407 408 409 410 411 413 414 415 416 417 418]] [28 [421 422 424 425 426 427 429 430 431 432 433 434]] [29 [435 436 437 440 443 444 445 447 448]] [30 [450 451 452 453 456 457 458 459 460 461 462 464]] [31 [465 466 467 468 469 470 471 472 473 476 478 479]] [32 [480 483 484 485 486 487 489 490 492 493 494]] [33 [495 497 499 501 502 503 504 505 506 507 508]] [34 [510 511 512 513 514 515 516 517 520 521 522 524]] [35 [525 526 527 528 529 530 531 532 534 536 537 538 539]] [36 [540 542 543 544 546 547 548 549 550 551 552 553 554]] [37 [555 556 557 558 559 562 563 564 565 566 567 568 569]] [38 [570 571 572 573 574 575 577 578 579 581 582 583 584]] [39 [585 586 589 590 591 592 593 594 596 597 598 599]] [40 [600 601 605 606 609 610 611 612 613 614]] [41 [615 616 617 618 619 620 621 622 623 624 625 626 627 629]] [42 [630 632 633 634 635 636 637 639 640 642 643 644]] [43 [647 648 650 651 652 653 654 656 657 658 659]] [44 [660 661 662 663 665 666 667 669 670 671 672 673 674]] [45 [675 676 677 678 679 680 681 682 683 686 687 688 689]] [46 [690 691 692 693 694 695 696 697 698 699 700 701 702 703 704]] [47 [707 708 711 712 713 715 716 717 718 719]] [48 [720 721 722 724 725 726 728 729 730 731 732 733 734]] [49 [735 736 737 738 739 740 741 742 743 744 745 746 747 749]] [50 [751 752 753 754 755 756 757 761 762 763 764]] [51 [765 766 767 769 770 771 772 773 774 775 776 777 778 779]] [52 [780 781 782 785 786 788 789 790 791 792 793 794]] [53 [795 796 797 798 799 800 801 802 803 804 805 806 808 809]] [54 [810 811 812 813 814 815 816 817 818 819 821 823 824]] [55 [825 826 827 828 829 830 831 832 833 834 836 837 838 839]] [56 [841 842 843 844 845 846 847 848 849 850 851 852 853]] [57 [855 857 858 859 861 862 863 864 865 866 867 868 869]] [58 [870 871 872 873 874 876 877 878 879 880 881 882 883]] [59 [885 886 887 888 889 890 891 892 893 894 895 896 897 899]] [60 [901 902 903 904 905 906 907 908 909 910 911 912 914]] [61 [915 916 917 918 919 920 921 922 924 925 926 928 929]] [62 [930 931 932 933 934 935 936 937 938 939 940 941 942 944]] [63 [946 947 948 949 950 951 952 954 955 956 957 958 959]] [64 [960 961 962 963 964 965 967 968 969 971 972]] [65 [976 977 978 979 980 981 985 986 987 988 989]] [66 [990 991 992 993 994 996 997 998 999 1002 1003 1004]] [67 [1005 1006 1007 1008 1009 1010 1011 1012 1013 1014 1015 1016 1018 1019]] [68 [1020 1022 1023 1024 1025 1026 1030 1031 1032 1034]] [69 [1035 1036 1037 1038 1039 1040 1041 1042 1043 1044 1046 1047]] [70 [1053 1054 1055 1056 1057 1059 1060 1061 1062 1063 1064]] [71 [1065 1066 1067 1068 1069 1070 1071 1072 1073 1074 1075 1076 1079]] [72 [1080 1081 1082 1083 1086 1087 1088 1089 1090 1091 1092 1093 1094]] [73 [1095 1096 1097 1098 1100 1101 1103 1104 1105 1106 1107 1108 1109]] [74 [1110 1111 1112 1114 1115 1116 1118 1119 1121 1122 1123 1124]] [75 [1125 1126 1127 1128 1129 1130 1131 1132 1133 1134 1136 1137 1138 1139]] [76 [1142 1143 1144 1145 1146 1147 1148 1149 1150 1152 1153 1154]] [77 [1156 1157 1159 1161 1162 1163 1164 1165 1166 1167 1168]] [78 [1170 1171 1172 1174 1175 1176 1177 1178 1179 1180 1181 1182 1183 1184]] [79 [1185 1186 1187 1188 1189 1190 1192 1193 1194 1195 1196 1197 1198 1199]] [80 [1201 1202 1203 1204 1205 1206 1207 1208 1209 1210 1211 1212 1214]] [81 [1215 1216 1217 1220 1221 1222 1223 1224 1225 1226 1227 1229]] [82 [1230 1231 1232 1233 1234 1235 1237 1238 1239 1242 1243 1244]] [83 [1246 1247 1248 1250 1251 1252 1253 1254 1255 1256 1257 1258 1259]] [84 [1262 1263 1265 1266 1267 1269 1270 1271 1272 1273 1274]] [85 [1275 1276 1277 1278 1279 1280 1281 1282 1283 1284 1285 1286 1287 1288 1289]] [86 [1291 1292 1293 1294 1295 1296 1297 1299 1300 1301 1303 1304]] [87 [1305 1307 1308 1309 1310 1311 1313 1315 1316 1317 1318 1319]] [88 [1320 1321 1322 1323 1324 1325 1326 1327 1328 1329 1330 1331 1332 1333]] [89 [1335 1340 1341 1342 1343 1346 1347 1348 1349]] [90 [1350 1351 1352 1353 1354 1355 1356 1357 1358 1359 1360 1361 1362 1363 1364]] [91 [1365 1366 1367 1369 1370 1371 1372 1373 1374 1376 1377 1378]] [92 [1380 1381 1382 1383 1384 1386 1387 1388 1389 1390 1391 1392 1393 1394]] [93 [1395 1396 1397 1398 1399 1400 1401 1403 1404 1406 1408 1409]] [94 [1410 1412 1413 1414 1416 1417 1418 1419 1420 1421 1422 1423 1424]] [95 [1425 1426 1427 1428 1429 1430 1433 1434 1437 1438 1439]] [96 [1441 1442 1444 1445 1446 1447 1448 1449 1451 1452 1453 1454]] [97 [1455 1457 1458 1459 1461 1462 1463 1464 1465 1466 1467 1468 1469]] [98 [1470 1471 1472 1473 1475 1476 1477 1478 1479 1480 1482 1483 1484]] [99 [1485 1486 1487 1488 1489 1491 1492 1493 1494 1496 1497 1498 1499]]]",,"[[{citizen 46} [[""A"" [4 4 3 2 2 3 4 3 5 4]]]] [{media 50} [[""A"" [4 4 4 4 4 4 4 4 4 4]]]] [{media 51} [[""A"" [3 3 3 3 3 3 3 3 3 3]]]] [{media 52} [[""A"" [4 4 4 4 4 4 4 4 4 4]]]] [{media 53} [[""A"" [3 3 3 3 3 3 3 3 3 3]]]] [{media 54} [[""A"" [4 4 4 4 4 4 4 4 4 4]]]] [{media 56} [[""A"" [3 3 3 3 3 3 3 3 3 3]]]] [{media 57} [[""A"" [3 3 3 3 3 3 3 3 3 3]]]] [{media 58} [[""A"" [4 4 4 4 4 4 4 4 4 4]]]] [{media 59} [[""A"" [2 2 2 2 2 2 2 2 2 2]]]] [{media 61} [[""A"" [3 3 3 3 3 3 3 3 3 3]]]] [{media 62} [[""A"" [2 2 2 2 2 2 2 2 2 2]]]] [{media 63} [[""A"" [4 4 4 4 4 4 4 4 4 4]]]] [{media 64} [[""A"" [2 2 2 2 2 2 2 2 2 2]]]] [{media 60} [[""A"" [5 5 5 5 5 5 5 5 5 5]]]] [{citizen 9} [[""A"" [5 3 5 3 2 3 3 4 2 5]]]] [{citizen 0} [[""A"" [5 3 3 3 3 4 3 4 3 5]]]] [{citizen 1} [[""A"" [2 2 3 3 4 3 4 3 5 4]]]] [{citizen 4} [[""A"" [4 4 4 5 3 2 3 4 3 4]]]] [{citizen 2} [[""A"" [3 3 4 5 2 3 4 3 5 4]]]] [{citizen 13} [[""A"" [2 4 3 3 2 3 4 3 4 2]]]] [{citizen 21} [[""A"" [2 5 2 3 3 4 3 4 5 4]]]] [{citizen 7} [[""A"" [5 3 2 2 3 4 3 4 4 5]]]] [{citizen 31} [[""A"" [5 5 3 4 3 4 3 4 3 4]]]] [{citizen 39} [[""A"" [5 3 3 2 3 3 4 4 5 4]]]] [{citizen 5} [[""A"" [4 5 3 3 3 3 4 3 4 5]]]] [{citizen 44} [[""A"" [4 4 5 3 3 3 4 4 5 4]]]] [{citizen 28} [[""A"" [5 3 3 2 2 3 4 3 5 4]]]] [{citizen 24} [[""A"" [3 5 5 3 2 2 3 4 3 5]]]] [{citizen 37} [[""A"" [3 5 3 2 2 3 4 3 4 5]]]] [{citizen 17} [[""A"" [4 4 3 3 2 3 4 3 5 4]]]] [{citizen 30} [[""A"" [4 3 3 2 2 3 3 4 3 5]]]] [{citizen 3} [[""A"" [5 3 5 3 3 3 4 3 4 5]]]] [{citizen 27} [[""A"" [4 4 2 3 3 3 4 3 3 5]]]] [{citizen 12} [[""A"" [5 3 5 2 3 3 4 3 4 5]]]] [{citizen 16} [[""A"" [5 3 5 3 3 4 3 4 5 4]]]] [{citizen 49} [[""A"" [3 3 4 4 4 3 3 4 3 5]]]] [{citizen 8} [[""A"" [5 3 3 3 2 3 3 4 5 4]]]] [{citizen 22} [[""A"" [3 2 3 4 2 2 4 3 4 5]]]] [{citizen 33} [[""A"" [3 2 4 4 3 3 2 4 3 5]]]] [{citizen 35} [[""A"" [4 3 3 3 2 2 3 4 5 4]]]] [{citizen 19} [[""A"" [3 3 2 2 3 4 3 4 5 4]]]] [{citizen 25} [[""A"" [4 4 4 5 3 3 3 3 4 5]]]] [{citizen 41} [[""A"" [3 4 3 5 5 4 3 4 3 4]]]] [{citizen 10} [[""A"" [5 3 3 2 2 3 4 3 5 4]]]] [{citizen 38} [[""A"" [3 5 3 5 2 4 3 4 5 4]]]] [{citizen 36} [[""A"" [4 4 3 2 3 4 3 4 5 4]]]] [{citizen 47} [[""A"" [3 4 4 4 3 2 3 4 3 5]]]] [{citizen 11} [[""A"" [4 3 5 2 2 3 3 4 4 5]]]] [{citizen 40} [[""A"" [4 4 3 4 3 3 3 3 5 4]]]] [{citizen 6} [[""A"" [3 4 4 4 3 3 3 4 3 5]]]] [{citizen 43} [[""A"" [3 3 2 3 4 3 4 4 5 4]]]] [{citizen 45} [[""A"" [2 3 4 5 3 2 3 3 3 4]]]] [{citizen 42} [[""A"" [5 3 3 2 2 3 4 3 4 5]]]] [{citizen 15} [[""A"" [2 5 3 5 3 2 2 4 3 5]]]] [{citizen 32} [[""A"" [2 3 3 5 3 5 3 4 3 5]]]] [{citizen 23} [[""A"" [3 5 3 5 2 3 4 3 4 5]]]] [{citizen 18} [[""A"" [3 3 4 3 3 5 3 3 3 4]]]] [{citizen 20} [[""A"" [3 4 4 3 3 3 3 4 3 5]]]] [{citizen 48} [[""A"" [4 5 3 2 3 4 3 3 5 4]]]] [{citizen 26} [[""A"" [3 4 5 3 3 3 2 2 3 5]]]] [{citizen 29} [[""A"" [4 4 5 3 2 3 4 3 4 5]]]] [{citizen 34} [[""A"" [5 3 3 3 3 4 3 3 5 4]]]] [{media 55} [[""A"" [5 5 5 5 5 5 5 5 5 5]]]]]"
"15","[85 0 170]","151.34693877551024","6.792734987130601","-12.059263084780492","""circle""","""""","9.9","{breed citizens}","false","0.5","1","""up""",,"[[""ID"" 15] [""alpha"" 1] [""beta"" 1] [""malleable"" [""A""]] [""prior"" []] [""cont_tokens"" []] [""A"" 4]]","[[0 [1 2 3 4 5 6 7 8 9 10 11 12 13 14]] [1 [15 16 17 18 19 20 21 22 23 25 26 28 29]] [2 [30 31 32 33 34 35 36 37 38 39 40 41 42 43 44]] [3 [45 46 47 48 49 50 51 52 53 54 55 56 57 58 59]] [4 [60 61 62 63 64 65 66 67 68 69 70 71 72 73 74]] [5 [75 76 77 78 80 83 84 85 86 87 88 89]] [6 [90 91 92 93 94 95 96 97 98 99 100 101 102 103 104]] [7 [105 106 107 108 109 110 111 112 113 114 115 116 117 118 119]] [8 [120 121 122 123 124 125 126 127 128 129 130 131 132 133 134]] [9 [135 136 137 138 139 140 141 142 143 144 145 146 147 148 149]] [10 [150 151 152 153 154 155 156 157 158 159 160 161 162 163 164]] [11 [165 166 167 168 169 170 171 172 173 174 175 176 177 178 179]] [12 [180 181 182 183 184 185 186 187 188 189 190 191 192 193 194]] [13 [195 196 197 198 199 200 201 202 203 204 205 206 207 208 209]] [14 [210 211 212 213 214 215 216 217 218 219 220 221 222 223 224]] [15 [225 226 227 228 229 230 231 232 233 234 235 236 237 238 239]] [16 [240 241 242 243 244 245 246 247 248 249 250 251 252 253 254]] [17 [255 256 257 258 259 260 261 262 263 264 265 266 267 268 269]] [18 [270 271 272 273 274 275 276 277 278 279 280 281 282 283 284]] [19 [285 286 287 288 289 290 291 292 293 294 295 296 297 298 299]] [20 [300 301 302 303 304 305 306 307 309 310 311 312 313 314]] [21 [315 316 317 318 319 320 321 322 323 324 325 326 327 328 329]] [22 [330 331 332 333 334 335 336 337 338 339 340 341 342 343 344]] [23 [345 346 347 348 349 350 351 352 353 354 355 356 357 358 359]] [24 [360 361 362 363 364 365 366 367 368 369 370 371 372 373 374]] [25 [375 376 377 378 379 380 381 382 383 384 385 386 387 388 389]] [26 [390 391 392 393 394 395 396 397 398 399 400 401 402 403 404]] [27 [405 406 407 408 409 410 411 412 413 414 415 416 417 418 419]] [28 [420 421 422 423 424 425 426 427 428 429 430 431 432 433 434]] [29 [435 436 437 438 439 440 441 442 443 444 445 446 447 448 449]] [30 [450 451 452 453 454 455 456 457 458 459 460 461 462 463 464]] [31 [465 466 467 468 469 470 471 472 473 474 475 476 477 478 479]] [32 [480 481 482 483 484 485 486 487 488 489 490 491 492 493 494]] [33 [495 496 497 498 499 500 501 502 503 504 505 506 507 508 509]] [34 [510 511 512 513 514 515 516 517 519 520 521 522 523 524]] [35 [525 526 527 528 529 530 531 532 533 534 535 536 537 538 539]] [36 [540 541 542 543 544 545 546 547 548 549 550 551 552 553 554]] [37 [555 556 557 558 559 560 561 562 563 564 565 566 567 568 569]] [38 [570 571 572 573 574 575 576 577 578 579 580 581 582 583 584]] [39 [585 586 587 588 589 590 591 592 593 594 595 596 597 598 599]] [40 [600 601 602 603 604 605 606 607 608 609 610 611 612 613 614]] [41 [615 616 617 618 619 620 621 622 623 624 625 626 627 628 629]] [42 [630 631 632 633 634 635 636 637 638 639 640 641 642 643 644]] [43 [645 646 647 648 649 650 651 652 653 654 656 657 658 659]] [44 [660 661 662 663 664 665 666 667 668 669 670 671 672 673 674]] [45 [675 676 677 678 679 680 681 682 683 684 685 686 687 688 689]] [46 [690 691 692 693 694 695 696 697 698 699 700 701 702 703 704]] [47 [705 706 707 708 709 710 711 712 713 714 715 716 717 718 719]] [48 [720 721 722 723 724 725 726 727 728 729 730 731 732 733 734]] [49 [735 736 737 738 739 740 741 742 743 744 745 746 747 748 749]] [50 [750 751 752 753 754 755 756 757 758 759 760 761 762 763 764]] [51 [765 766 767 768 769 770 771 772 773 774 775 776 777 778 779]] [52 [780 781 782 783 784 785 786 787 788 789 790 791 792 793 794]] [53 [795 796 797 798 799 800 801 802 803 804 805 806 807 808 809]] [54 [810 811 812 813 814 815 816 817 818 819 820 821 822 823 824]] [55 [825 826 827 828 829 830 831 832 833 834 835 836 837 838 839]] [56 [840 841 842 843 844 845 846 847 848 849 850 851 852 853 854]] [57 [855 856 857 858 859 860 861 862 863 864 865 866 867 868 869]] [58 [870 871 872 873 874 875 876 877 878 879 880 881 882 883 884]] [59 [885 886 887 888 889 890 891 892 893 894 895 896 897 898 899]] [60 [900 901 902 903 904 905 906 907 908 909 910 911 912 913 914]] [61 [915 916 917 918 919 920 921 922 923 924 925 926 927 928 929]] [62 [930 931 932 933 934 935 936 937 938 939 940 941 942 943 944]] [63 [945 946 947 948 949 950 951 952 953 954 955 956 957 958 959]] [64 [960 961 962 963 964 965 966 967 968 969 970 971 972 973 974]] [65 [975 976 977 978 979 980 981 984 985 986 987 988 989]] [66 [990 991 992 993 994 996 997 998 999 1000 1001 1002 1003 1004]] [67 [1005 1006 1007 1008 1009 1010 1011 1012 1013 1014 1015 1016 1017 1018 1019]] [68 [1020 1022 1023 1024 1025 1026 1027 1028 1029 1030 1031 1032 1034]] [69 [1035 1036 1037 1038 1039 1040 1041 1042 1043 1044 1045 1046 1047 1048 1049]] [70 [1050 1051 1052 1053 1054 1055 1056 1057 1058 1059 1060 1061 1062 1063 1064]] [71 [1065 1066 1067 1068 1069 1070 1071 1072 1073 1074 1075 1076 1077 1078 1079]] [72 [1080 1081 1082 1083 1084 1085 1086 1087 1088 1089 1090 1091 1092 1093 1094]] [73 [1095 1096 1097 1098 1099 1100 1101 1102 1103 1104 1105 1106 1107 1108 1109]] [74 [1110 1111 1112 1113 1114 1115 1116 1117 1118 1119 1120 1121 1122 1123 1124]] [75 [1125 1126 1127 1128 1129 1130 1131 1132 1133 1134 1135 1136 1137 1138 1139]] [76 [1140 1141 1142 1143 1144 1145 1146 1147 1148 1149 1150 1151 1152 1153 1154]] [77 [1155 1156 1157 1159 1161 1162 1163 1164 1165 1166 1167 1168 1169]] [78 [1170 1171 1172 1173 1174 1175 1176 1177 1178 1179 1180 1181 1182 1183 1184]] [79 [1185 1186 1187 1188 1189 1190 1191 1192 1193 1194 1195 1196 1197 1198 1199]] [80 [1200 1201 1202 1203 1204 1205 1206 1207 1208 1209 1210 1211 1212 1213 1214]] [81 [1215 1216 1217 1218 1219 1220 1221 1222 1223 1224 1225 1226 1227 1228 1229]] [82 [1230 1231 1232 1233 1234 1235 1236 1237 1238 1239 1240 1241 1242 1243 1244]] [83 [1245 1246 1247 1248 1249 1250 1251 1252 1253 1254 1255 1256 1257 1258 1259]] [84 [1260 1262 1263 1264 1265 1266 1267 1269 1270 1271 1272 1273 1274]] [85 [1275 1276 1277 1278 1279 1280 1281 1282 1283 1284 1285 1286 1287 1288 1289]] [86 [1290 1291 1292 1293 1294 1295 1296 1297 1298 1299 1300 1301 1302 1303 1304]] [87 [1305 1306 1307 1308 1309 1310 1311 1312 1313 1314 1315 1316 1317 1318 1319]] [88 [1320 1321 1322 1323 1324 1325 1326 1327 1328 1329 1330 1331 1332 1333 1334]] [89 [1335 1336 1337 1338 1339 1340 1341 1342 1343 1344 1345 1346 1347 1348 1349]] [90 [1350 1351 1352 1353 1354 1355 1356 1357 1358 1359 1360 1361 1362 1363 1364]] [91 [1365 1366 1367 1368 1369 1370 1371 1372 1373 1374 1375 1376 1377 1378 1379]] [92 [1380 1381 1382 1383 1384 1385 1386 1387 1388 1389 1390 1391 1392 1393 1394]] [93 [1395 1396 1397 1398 1399 1400 1401 1402 1403 1404 1405 1406 1407 1408 1409]] [94 [1410 1411 1412 1413 1414 1415 1416 1417 1418 1419 1420 1421 1422 1423 1424]] [95 [1425 1426 1427 1428 1429 1430 1431 1432 1433 1434 1435 1436 1437 1438 1439]] [96 [1440 1441 1442 1443 1444 1445 1446 1447 1448 1449 1450 1451 1452 1453 1454]] [97 [1455 1456 1457 1458 1459 1461 1462 1463 1464 1465 1466 1467 1468 1469]] [98 [1470 1471 1472 1473 1474 1475 1476 1477 1478 1479 1480 1481 1482 1483 1484]] [99 [1485 1486 1487 1488 1489 1491 1492 1493 1494 1495 1496 1497 1498 1499]]]","[[0 [1 2 3 4 6 8 9 11 12 13 14]] [1 [15 16 17 18 19 20 21 22 23 25 26 28 29]] [2 [30 32 36 37 38 40 41 42 43 44]] [3 [45 46 47 48 49 50 51 52 53 55 58 59]] [4 [61 62 63 64 65 66 67 68 69 70 71 72 73 74]] [5 [75 76 77 78 80 83 84 86 87 88 89]] [6 [90 91 93 94 95 97 98 99 100 101 103 104]] [7 [105 106 107 108 109 110 111 113 114 115 117 118 119]] [8 [120 121 122 123 124 125 126 127 128 131 132 133]] [9 [136 137 138 139 142 143 144 145 146 147 148 149]] [10 [150 151 152 153 154 156 157 158 159 160 161 163 164]] [11 [165 166 169 170 171 172 173 174 177 178 179]] [12 [180 181 182 183 187 188 189 190 191 193 194]] [13 [195 197 198 199 200 201 202 203 204 205 207 208]] [14 [210 215 216 217 218 219 220 221 222 223 224]] [15 [225 226 227 228 230 231 232 233 235 237 238 239]] [16 [241 242 244 245 247 248 249 250 251 252 253 254]] [17 [255 256 257 258 259 260 261 262 263 264 265 266 267 268 269]] [18 [270 271 272 273 275 278 279 281 282 283 284]] [19 [285 287 288 290 291 292 293 294 295 296 297 298 299]] [20 [300 302 303 304 305 306 307 309 311 312 313 314]] [21 [316 317 318 319 320 321 325 326 327 328 329]] [22 [330 331 332 333 335 338 339 340 341 342 343 344]] [23 [345 346 347 348 350 351 355 356 357 358 359]] [24 [360 361 362 363 364 366 367 368 369 370 372 373]] [25 [375 377 378 379 381 382 383 384 385 386 387 388 389]] [26 [390 391 392 393 395 396 397 398 399 400 401 402 403 404]] [27 [405 406 407 408 409 410 411 412 413 414 415 416 417 418 419]] [28 [420 421 422 424 425 426 427 429 430 431 432 433 434]] [29 [435 436 437 440 441 442 443 444 445 446 447 448]] [30 [450 451 452 453 456 457 458 459 461 462 464]] [31 [465 466 467 468 469 470 471 472 473 474 475 477 478 479]] [32 [480 482 485 486 487 489 490 492 493 494]] [33 [495 496 498 499 500 501 502 503 504 505 506 507 508]] [34 [510 511 512 513 514 515 516 517 520 521 523]] [35 [525 526 527 529 533 534 535 536 538 539]] [36 [540 541 542 543 544 545 546 547 548 549 550 551 552 553 554]] [37 [555 556 557 558 559 560 561 562 563 564 565 566 567 568 569]] [38 [570 571 572 573 574 575 577 578 579 581 582 583 584]] [39 [585 586 587 588 589 590 591 592 593 594 595 598 599]] [40 [600 602 603 604 605 606 608 609 610 613 614]] [41 [615 616 617 618 619 620 621 622 623 628 629]] [42 [630 632 633 634 635 636 637 638 640 642 643 644]] [43 [645 646 647 648 649 651 652 653 654 656 657 658 659]] [44 [660 661 663 665 668 669 670 671 672 673 674]] [45 [675 676 677 678 679 680 681 682 684 685]] [46 [690 691 692 693 694 695 696 697 698 699 700 701 702 703]] [47 [705 706 707 708 711 712 713 715 716 717 718 719]] [48 [720 721 722 724 725 726 728 729 730 731 732 733]] [49 [735 736 737 738 739 740 741 742 743 744 745 746 747 749]] [50 [751 752 753 754 756 757 761 762 763 764]] [51 [765 768 769 770 771 772 773 774 775 776 777 778 779]] [52 [780 781 782 784 785 786 787 788 789 790 791 792 793 794]] [53 [795 796 797 798 799 800 801 802 803 804 805 806 808 809]] [54 [810 811 812 813 814 815 816 817 818 819 820 821 823 824]] [55 [825 826 827 828 829 830 831 832 833 834 835 836 837 838 839]] [56 [841 842 843 844 845 846 847 848 849 851 852 853]] [57 [855 856 857 859 861 862 863 864 865 866 867 868 869]] [58 [870 871 872 873 874 876 878 879 880 881 882 883]] [59 [885 886 887 888 889 890 891 892 893 894 895 896 897 899]] [60 [903 904 905 906 907 908 909 910 911 912 914]] [61 [915 916 917 919 920 921 922 924 925 926 927]] [62 [930 931 932 933 934 935 936 937 939 940 941 942 944]] [63 [946 948 949 950 951 952 954 955 957 958 959]] [64 [961 962 963 964 966 967 968 969 970 973 974]] [65 [975 976 977 978 979 980 981 984 985 986 987 988 989]] [66 [990 991 992 993 994 996 997 998 999 1001 1002 1003 1004]] [67 [1005 1006 1007 1008 1009 1010 1011 1012 1013 1014 1015 1016 1018 1019]] [68 [1024 1025 1026 1027 1028 1029 1030 1031 1032 1034]] [69 [1035 1036 1037 1039 1040 1042 1043 1044 1045 1048 1049]] [70 [1050 1051 1052 1053 1054 1055 1056 1057 1059 1060 1061 1062 1063]] [71 [1065 1066 1067 1068 1069 1070 1072 1073 1074 1075 1076 1079]] [72 [1082 1084 1085 1090 1091 1092 1093 1094]] [73 [1095 1096 1097 1099 1101 1102 1105 1106 1107 1108 1109]] [74 [1110 1111 1112 1114 1115 1116 1117 1119 1122 1123 1124]] [75 [1125 1126 1127 1128 1129 1130 1131 1132 1133 1134 1135 1136 1137 1138 1139]] [76 [1141 1142 1143 1144 1145 1146 1147 1148 1149 1150 1153 1154]] [77 [1155 1156 1157 1159 1161 1162 1163 1164 1165 1166 1167 1168]] [78 [1170 1171 1172 1173 1174 1175 1177 1181 1182 1183 1184]] [79 [1185 1186 1187 1190 1192 1193 1194 1196 1197 1198 1199]] [80 [1201 1202 1203 1205 1206 1207 1208 1209 1211 1213]] [81 [1215 1216 1217 1218 1219 1220 1221 1222 1223 1224 1225 1226 1227 1229]] [82 [1230 1231 1232 1233 1234 1235 1236 1238 1239 1242 1243]] [83 [1245 1246 1247 1249 1250 1251 1252 1253 1254 1255 1256 1257 1258 1259]] [84 [1262 1263 1265 1266 1267 1270 1271 1272 1273 1274]] [85 [1275 1276 1277 1278 1279 1281 1282 1283 1284 1286 1287]] [86 [1290 1291 1292 1294 1295 1296 1297 1300 1301]] [87 [1306 1307 1308 1309 1310 1311 1313 1315 1316 1317 1318 1319]] [88 [1320 1321 1323 1324 1325 1326 1327 1328 1329 1330 1331 1332 1333 1334]] [89 [1336 1337 1338 1339 1340 1341 1342 1343 1346 1347 1348 1349]] [90 [1350 1351 1352 1353 1355 1356 1357 1358 1359 1360 1361 1362 1364]] [91 [1365 1366 1367 1368 1370 1371 1372 1373 1374 1377 1378]] [92 [1380 1381 1383 1384 1386 1387 1391 1392 1393 1394]] [93 [1395 1396 1397 1398 1402 1403 1404 1405 1406 1408 1409]] [94 [1410 1412 1413 1414 1416 1417 1418 1419 1420 1421 1422 1424]] [95 [1425 1426 1428 1429 1430 1433 1434 1436 1437 1438 1439]] [96 [1440 1441 1442 1444 1445 1446 1447 1448 1449 1450 1452 1453 1454]] [97 [1455 1456 1457 1458 1459 1461 1462 1463 1464 1465 1466 1467 1468 1469]] [98 [1470 1471 1472 1474 1475 1476 1477 1478 1479 1480 1481 1482 1483 1484]] [99 [1485 1486 1487 1488 1489 1491 1492 1493 1494 1495 1496 1497 1498 1499]]]",,"[[{media 50} [[""A"" [4 4 4 4 4 4 4 4 4 4]]]] [{media 51} [[""A"" [3 3 3 3 3 3 3 3 3 3]]]] [{media 52} [[""A"" [4 4 4 4 4 4 4 4 4 4]]]] [{media 53} [[""A"" [3 3 3 3 3 3 3 3 3 3]]]] [{media 54} [[""A"" [4 4 4 4 4 4 4 4 4 4]]]] [{media 56} [[""A"" [3 3 3 3 3 3 3 3 3 3]]]] [{media 57} [[""A"" [3 3 3 3 3 3 3 3 3 3]]]] [{media 58} [[""A"" [4 4 4 4 4 4 4 4 4 4]]]] [{media 59} [[""A"" [2 2 2 2 2 2 2 2 2 2]]]] [{media 61} [[""A"" [3 3 3 3 3 3 3 3 3 3]]]] [{media 62} [[""A"" [2 2 2 2 2 2 2 2 2 2]]]] [{media 63} [[""A"" [4 4 4 4 4 4 4 4 4 4]]]] [{media 64} [[""A"" [2 2 2 2 2 2 2 2 2 2]]]] [{citizen 10} [[""A"" [5 3 2 3 3 4 3 4 5 4]]]] [{citizen 0} [[""A"" [2 4 4 3 3 3 3 4 3 5]]]] [{citizen 1} [[""A"" [5 2 3 3 3 4 4 3 4 4]]]] [{citizen 6} [[""A"" [3 3 3 3 4 3 4 2 3 4]]]] [{citizen 12} [[""A"" [4 3 3 3 3 4 3 4 3 5]]]] [{media 55} [[""A"" [5 5 5 5 5 5 5 5 5 5]]]] [{citizen 2} [[""A"" [3 2 3 4 3 4 2 3 5 4]]]] [{citizen 4} [[""A"" [3 3 3 3 4 3 4 3 4 4]]]] [{citizen 13} [[""A"" [4 3 3 3 3 4 4 2 3 4]]]] [{citizen 21} [[""A"" [2 5 4 3 3 3 4 4 4 4]]]] [{citizen 7} [[""A"" [4 5 2 3 3 4 4 3 4 5]]]] [{citizen 31} [[""A"" [4 5 4 3 3 4 4 2 3 4]]]] [{citizen 39} [[""A"" [5 4 3 3 3 3 4 4 3 4]]]] [{citizen 5} [[""A"" [5 3 3 2 3 3 3 4 3 4]]]] [{citizen 44} [[""A"" [5 3 2 3 3 4 4 3 5 4]]]] [{citizen 28} [[""A"" [3 3 2 2 3 3 4 4 3 4]]]] [{citizen 24} [[""A"" [5 4 3 2 3 3 4 3 3 5]]]] [{citizen 37} [[""A"" [5 3 3 2 2 3 4 4 3 5]]]] [{citizen 17} [[""A"" [3 3 2 3 3 4 2 3 5 4]]]] [{citizen 30} [[""A"" [2 2 3 3 3 4 3 4 4 5]]]] [{citizen 3} [[""A"" [3 5 5 3 2 3 3 3 4 3]]]] [{citizen 27} [[""A"" [2 3 4 4 3 3 3 3 3 4]]]] [{citizen 16} [[""A"" [4 3 3 4 3 4 3 4 5 4]]]] [{citizen 49} [[""A"" [3 2 3 3 3 4 3 4 3 5]]]] [{citizen 8} [[""A"" [3 5 4 3 3 3 3 4 3 4]]]] [{citizen 22} [[""A"" [3 4 3 2 3 4 3 4 3 4]]]] [{citizen 33} [[""A"" [4 3 4 3 3 4 2 3 4 5]]]] [{citizen 35} [[""A"" [3 3 4 3 2 4 3 4 5 4]]]] [{citizen 19} [[""A"" [3 2 3 4 3 4 3 4 5 4]]]] [{citizen 25} [[""A"" [4 4 3 4 3 3 3 4 3 4]]]] [{citizen 9} [[""A"" [3 4 3 3 3 3 4 2 3 4]]]] [{citizen 41} [[""A"" [3 5 4 3 3 4 4 2 3 4]]]] [{citizen 46} [[""A"" [3 4 3 2 3 3 4 3 4 4]]]] [{citizen 11} [[""A"" [5 2 2 3 3 4 4 3 5 4]]]] [{citizen 40} [[""A"" [4 3 4 4 3 3 3 3 3 4]]]] [{citizen 38} [[""A"" [4 3 5 3 3 4 3 4 2 4]]]] [{citizen 36} [[""A"" [4 3 3 3 4 3 4 3 5 4]]]] [{citizen 47} [[""A"" [4 4 3 2 4 3 3 4 3 5]]]] [{citizen 43} [[""A"" [3 3 3 3 4 3 4 3 4 4]]]] [{citizen 45} [[""A"" [3 5 4 2 3 3 4 3 4 4]]]] [{citizen 42} [[""A"" [3 3 2 4 3 3 4 3 4 5]]]] [{citizen 32} [[""A"" [3 3 3 4 3 4 3 4 5 4]]]] [{citizen 23} [[""A"" [4 3 3 4 3 4 2 3 5 4]]]] [{citizen 18} [[""A"" [3 4 3 4 3 3 3 4 3 4]]]] [{citizen 20} [[""A"" [3 4 3 3 3 4 3 4 3 5]]]] [{citizen 14} [[""A"" [3 2 4 3 3 3 4 3 4 4]]]] [{citizen 48} [[""A"" [3 2 3 4 3 4 3 4 5 4]]]] [{citizen 26} [[""A"" [3 4 4 3 3 3 3 4 3 4]]]] [{media 60} [[""A"" [5 5 5 5 5 5 5 5 5 5]]]] [{citizen 29} [[""A"" [3 3 3 3 4 3 4 3 5 4]]]] [{citizen 34} [[""A"" [2 4 3 3 4 3 2 3 5 4]]]]]"
"16","[85 0 170]","271.8367346938776","-6.3888764045634066","0.520417525021247","""circle""","""""","9.9","{breed citizens}","false","0.5","1","""up""",,"[[""ID"" 16] [""alpha"" 1] [""beta"" 1] [""malleable"" [""A""]] [""prior"" []] [""cont_tokens"" []] [""A"" 4]]","[[0 [0 1 2 3 4 5 6 7 8 9 10 11 12 13 14]] [1 [15 16 17 18 19 20 21 22 23 25 26 28 29]] [2 [30 31 32 33 34 35 36 37 38 39 40 41 42 43 44]] [3 [45 46 47 48 49 50 51 52 53 54 55 56 57 58 59]] [4 [60 61 62 63 64 65 66 67 68 69 70 71 72 73 74]] [5 [75 76 77 78 80 83 84 85 86 87 88 89]] [6 [90 91 92 93 94 95 96 97 98 99 100 101 102 103 104]] [7 [105 106 107 108 109 110 111 112 113 114 115 116 117 118 119]] [8 [120 121 122 123 124 125 126 127 128 129 130 131 132 133 134]] [9 [135 136 137 138 139 140 141 142 143 144 145 146 147 148 149]] [10 [150 151 152 153 154 155 156 157 158 159 160 161 162 163 164]] [11 [165 166 167 168 169 170 171 172 173 174 175 176 177 178 179]] [12 [180 181 182 183 184 185 186 187 188 189 190 191 192 193 194]] [13 [195 196 197 198 199 200 201 202 203 204 205 206 207 208 209]] [14 [210 211 212 213 214 215 216 217 218 219 220 221 222 223 224]] [15 [225 226 227 228 229 230 231 232 233 234 235 236 237 238 239]] [16 [240 241 242 243 244 245 246 247 248 249 250 251 252 253 254]] [17 [255 256 257 258 259 260 261 262 263 264 265 266 267 268 269]] [18 [270 271 272 273 274 275 276 277 278 279 280 281 282 283 284]] [19 [285 286 287 288 289 290 291 292 293 294 295 296 297 298 299]] [20 [300 301 302 303 304 305 306 307 309 310 311 312 313 314]] [21 [315 316 317 318 319 320 321 322 323 324 325 326 327 328 329]] [22 [330 331 332 333 334 335 336 337 338 339 340 341 342 343 344]] [23 [345 346 347 348 349 350 351 352 353 354 355 356 357 358 359]] [24 [360 361 362 363 364 365 366 367 368 369 370 371 372 373 374]] [25 [375 376 377 378 379 380 381 382 383 384 385 386 387 388 389]] [26 [390 391 392 393 394 395 396 397 398 399 400 401 402 403 404]] [27 [405 406 407 408 409 410 411 412 413 414 415 416 417 418 419]] [28 [420 421 422 423 424 425 426 427 428 429 430 431 432 433 434]] [29 [435 436 437 438 439 440 441 442 443 444 445 446 447 448 449]] [30 [450 451 452 453 454 455 456 457 458 459 460 461 462 463 464]] [31 [465 466 467 468 469 470 471 472 473 474 475 476 477 478 479]] [32 [480 481 482 483 484 485 486 487 488 489 490 491 492 493 494]] [33 [495 496 497 498 499 500 501 502 503 504 505 506 507 508 509]] [34 [510 511 512 513 514 515 516 517 519 520 521 522 523 524]] [35 [525 526 527 528 529 530 531 532 533 534 535 536 537 538 539]] [36 [540 541 542 543 544 545 546 547 548 549 550 551 552 553 554]] [37 [555 556 557 558 559 560 561 562 563 564 565 566 567 568 569]] [38 [570 571 572 573 574 575 576 577 578 579 580 581 582 583 584]] [39 [585 586 587 588 589 590 591 592 593 594 595 596 597 598 599]] [40 [600 601 602 603 604 605 606 607 608 609 610 611 612 613 614]] [41 [615 616 617 618 619 620 621 622 623 624 625 626 627 628 629]] [42 [630 631 632 633 634 635 636 637 638 639 640 641 642 643 644]] [43 [645 646 647 648 649 650 651 652 653 654 656 657 658 659]] [44 [660 661 662 663 664 665 666 667 668 669 670 671 672 673 674]] [45 [675 676 677 678 679 680 681 682 683 684 685 686 687 688 689]] [46 [690 691 692 693 694 695 696 697 698 699 700 701 702 703 704]] [47 [705 706 707 708 709 710 711 712 713 714 715 716 717 718 719]] [48 [720 721 722 723 724 725 726 727 728 729 730 731 732 733 734]] [49 [735 736 737 738 739 740 741 742 743 744 745 746 747 748 749]] [50 [750 751 752 753 754 755 756 757 758 759 760 761 762 763 764]] [51 [765 766 767 768 769 770 771 772 773 774 775 776 777 778 779]] [52 [780 781 782 783 784 785 786 787 788 789 790 791 792 793 794]] [53 [795 796 797 798 799 800 801 802 803 804 805 806 807 808 809]] [54 [810 811 812 813 814 815 816 817 818 819 820 821 822 823 824]] [55 [825 826 827 828 829 830 831 832 833 834 835 836 837 838 839]] [56 [840 841 842 843 844 845 846 847 848 849 850 851 852 853 854]] [57 [855 856 857 858 859 860 861 862 863 864 865 866 867 868 869]] [58 [870 871 872 873 874 875 876 877 878 879 880 881 882 883 884]] [59 [885 886 887 888 889 890 891 892 893 894 895 896 897 898 899]] [60 [900 901 902 903 904 905 906 907 908 909 910 911 912 913 914]] [61 [915 916 917 918 919 920 921 922 923 924 925 926 927 928 929]] [62 [930 931 932 933 934 935 936 937 938 939 940 941 942 943 944]] [63 [945 946 947 948 949 950 951 952 953 954 955 956 957 958 959]] [64 [960 961 962 963 964 965 966 967 968 969 970 971 972 973 974]] [65 [975 976 977 978 979 980 981 984 985 986 987 988 989]] [66 [990 991 992 993 994 996 997 998 999 1000 1001 1002 1003 1004]] [67 [1005 1006 1007 1008 1009 1010 1011 1012 1013 1014 1015 1016 1017 1018 1019]] [68 [1020 1022 1023 1024 1025 1026 1027 1028 1029 1030 1031 1032 1034]] [69 [1035 1036 1037 1038 1039 1040 1041 1042 1043 1044 1045 1046 1047 1048 1049]] [70 [1050 1051 1052 1053 1054 1055 1056 1057 1058 1059 1060 1061 1062 1063 1064]] [71 [1065 1066 1067 1068 1069 1070 1071 1072 1073 1074 1075 1076 1077 1078 1079]] [72 [1080 1081 1082 1083 1084 1085 1086 1087 1088 1089 1090 1091 1092 1093 1094]] [73 [1095 1096 1097 1098 1099 1100 1101 1102 1103 1104 1105 1106 1107 1108 1109]] [74 [1110 1111 1112 1113 1114 1115 1116 1117 1118 1119 1120 1121 1122 1123 1124]] [75 [1125 1126 1127 1128 1129 1130 1131 1132 1133 1134 1135 1136 1137 1138 1139]] [76 [1140 1141 1142 1143 1144 1145 1146 1147 1148 1149 1150 1151 1152 1153 1154]] [77 [1155 1156 1157 1159 1161 1162 1163 1164 1165 1166 1167 1168 1169]] [78 [1170 1171 1172 1173 1174 1175 1176 1177 1178 1179 1180 1181 1182 1183 1184]] [79 [1185 1186 1187 1188 1189 1190 1191 1192 1193 1194 1195 1196 1197 1198 1199]] [80 [1200 1201 1202 1203 1204 1205 1206 1207 1208 1209 1210 1211 1212 1213 1214]] [81 [1215 1216 1217 1218 1219 1220 1221 1222 1223 1224 1225 1226 1227 1229]] [82 [1230 1231 1232 1233 1234 1235 1236 1237 1238 1239 1240 1241 1242 1243 1244]] [83 [1245 1246 1247 1248 1249 1250 1251 1252 1253 1254 1255 1256 1257 1258 1259]] [84 [1260 1262 1263 1264 1265 1266 1267 1269 1270 1271 1272 1273 1274]] [85 [1275 1276 1277 1278 1279 1280 1281 1282 1283 1284 1285 1286 1287 1288 1289]] [86 [1290 1291 1292 1293 1294 1295 1296 1297 1298 1299 1300 1301 1302 1303 1304]] [87 [1305 1306 1307 1308 1309 1310 1311 1312 1313 1314 1315 1316 1317 1318 1319]] [88 [1320 1321 1322 1323 1324 1325 1326 1327 1328 1329 1330 1331 1332 1333 1334]] [89 [1335 1336 1337 1338 1339 1340 1341 1342 1343 1344 1345 1346 1347 1348 1349]] [90 [1350 1351 1352 1353 1354 1355 1356 1357 1358 1359 1360 1361 1362 1363 1364]] [91 [1365 1366 1367 1368 1369 1370 1371 1372 1373 1374 1375 1376 1377 1378 1379]] [92 [1380 1381 1382 1383 1384 1385 1386 1387 1388 1389 1390 1391 1392 1393 1394]] [93 [1395 1396 1397 1398 1399 1400 1401 1402 1403 1404 1405 1406 1407 1408 1409]] [94 [1410 1411 1412 1413 1414 1415 1416 1417 1418 1419 1420 1421 1422 1423 1424]] [95 [1425 1426 1427 1428 1429 1430 1431 1432 1433 1434 1435 1436 1437 1438 1439]] [96 [1440 1441 1442 1443 1444 1445 1446 1447 1448 1449 1450 1451 1452 1453 1454]] [97 [1455 1456 1457 1458 1459 1461 1462 1463 1464 1465 1466 1467 1468 1469]] [98 [1470 1471 1472 1473 1474 1475 1476 1477 1478 1479 1480 1481 1482 1483 1484]] [99 [1485 1486 1487 1488 1489 1490 1491 1492 1493 1494 1495 1496 1497 1498 1499]]]","[[0 [0 1 2 3 4 6 7 8 9 10 11 12 13 14]] [1 [15 17 18 21 22 23 25 26 28 29]] [2 [30 32 33 34 35 37 38 40 41 42 43 44]] [3 [45 46 48 49 50 51 52 53 55 57 58 59]] [4 [61 62 63 64 65 66 67 68 69 70 71 73 74]] [5 [75 76 77 78 80 83 84 86 87 88 89]] [6 [90 91 92 93 94 95 98 99 100 101 104]] [7 [105 106 107 108 109 110 111 113 114 115 116 117 118]] [8 [120 121 122 123 124 125 126 127 128 131 132 134]] [9 [135 136 137 138 139 140 141 143 144 145 146 147 148 149]] [10 [150 151 152 153 154 155 156 157 158 159 161]] [11 [165 166 169 170 171 172 173 174 177 178 179]] [12 [180 181 182 183 184 185 186 187 188 189 192 193 194]] [13 [195 196 197 198 199 200 201 202 205 207 208 209]] [14 [210 215 216 217 218 219 220 221 222 223 224]] [15 [225 226 227 228 230 231 232 233 234 236 239]] [16 [240 241 242 244 245 246 247 248 252 253 254]] [17 [255 256 257 258 259 260 261 262 263 264 265 266 267 268 269]] [18 [270 271 274 275 277 278 279 281 282 283 284]] [19 [285 287 288 289 290 291 292 293 294 295 296 297 298 299]] [20 [300 302 303 304 305 306 307 309 311 312 313 314]] [21 [317 318 319 320 321 325 327 328 329]] [22 [330 331 332 333 334 336 337 338 339 340 341 342 343]] [23 [345 346 348 349 350 351 355 356 357 358 359]] [24 [360 361 362 363 364 365 366 367 368 370 371 372 373]] [25 [375 377 378 379 380 381 382 383 384 385 387 388 389]] [26 [391 392 393 394 396 397 398 399 400 401 402 403 404]] [27 [405 406 407 408 409 410 411 412 413 414 415 416 417 418]] [28 [420 421 422 424 425 426 427 429 430 431 432 433 434]] [29 [435 436 437 440 441 442 443 444 445 446 447 448 449]] [30 [450 451 452 453 456 457 458 459 460 461 462 464]] [31 [465 466 467 468 469 470 471 472 473 474 475 477 478 479]] [32 [480 481 482 484 485 486 487 488 489 490 492 493 494]] [33 [495 497 499 500 501 502 503 504 505 506 507 508]] [34 [510 511 512 513 514 515 516 517 520 521 523]] [35 [525 526 527 528 529 530 531 532 533 534 535 537 538 539]] [36 [540 541 542 543 544 545 546 547 548 549 550 551 552 554]] [37 [555 556 557 558 559 562 563 564 565 566 567]] [38 [570 572 573 574 575 576 577 578 581 582 583 584]] [39 [585 586 587 588 589 590 591 592 593 594 596 597 598 599]] [40 [600 601 603 604 606 609 610 613 614]] [41 [615 616 617 618 619 620 621 622 623 628 629]] [42 [630 632 633 634 635 636 637 639 640 642 643 644]] [43 [645 646 647 648 649 650 651 652 653 654 656 657 658 659]] [44 [660 661 662 663 665 667 668 669 670 671 672 674]] [45 [675 676 677 678 679 680 681 682 684 685 686 687 688 689]] [46 [690 691 692 693 694 695 696 697 700 701 702 703 704]] [47 [707 709 710 714 715 716 717 718 719]] [48 [720 721 722 724 726 727 728 730 731 732 733 734]] [49 [735 736 737 738 739 740 741 742 743 744 745 746 748]] [50 [750 751 752 753 754 755 756 757 761 762 763 764]] [51 [765 768 769 770 771 772 773 774 775 776 777 778 779]] [52 [780 781 782 784 785 786 787 788 789 790 791 792 793 794]] [53 [795 796 797 798 799 800 801 802 803 804 805 806 808 809]] [54 [810 811 812 813 814 818 819 820 821 822 823 824]] [55 [825 826 827 834 836 837 838 839]] [56 [840 843 844 845 846 847 848 849 850 851 852 853]] [57 [855 856 857 858 859 861 862 863 864 865 866 867 868 869]] [58 [871 872 873 874 875 877 878 879 880 881 882 884]] [59 [885 886 888 889 890 891 892 893 894 895 896 897 899]] [60 [903 904 905 906 907 908 909 910 911 912 914]] [61 [915 916 917 919 920 921 922 924 925 926 928 929]] [62 [931 932 933 934 935 936 937 938 939 940 941 942 944]] [63 [946 948 949 950 951 952 954 955 957 958 959]] [64 [960 961 962 963 964 965 966 967 969 971 972 973 974]] [65 [975 976 977 978 979 980 981 984 985 986 987 988 989]] [66 [991 992 993 994 996 997 998 999 1000 1001 1002 1003]] [67 [1005 1006 1007 1009 1010 1011 1012 1013 1014 1015 1016 1018 1019]] [68 [1020 1022 1023 1024 1025 1026 1027 1028 1029 1031 1032 1034]] [69 [1035 1036 1037 1038 1039 1040 1041 1042 1043 1044 1045 1048 1049]] [70 [1050 1051 1052 1053 1054 1055 1056 1057 1059 1060 1061 1062 1063 1064]] [71 [1066 1067 1068 1069 1070 1071 1072 1073 1074 1075 1077 1078]] [72 [1080 1081 1082 1084 1085 1087 1088 1089 1090 1091 1092 1093 1094]] [73 [1095 1096 1097 1099 1101 1102 1105 1106 1107 1108 1109]] [74 [1110 1111 1112 1115 1116 1118 1120 1121 1122 1123 1124]] [75 [1126 1127 1128 1129 1130 1131 1132 1133 1134 1135 1136 1137 1138 1139]] [76 [1142 1143 1144 1145 1146 1147 1148 1149 1150 1152 1153 1154]] [77 [1155 1156 1157 1159 1161 1162 1163 1165 1166 1167 1168 1169]] [78 [1170 1171 1172 1173 1174 1175 1176 1177 1178 1179 1180 1182 1183 1184]] [79 [1185 1186 1187 1189 1190 1191 1192 1193 1194 1196 1197 1198 1199]] [80 [1201 1202 1203 1207 1208 1209 1211 1212 1214]] [81 [1215 1216 1217 1218 1219 1220 1221 1222 1224 1225 1226 1227 1229]] [82 [1230 1231 1232 1233 1234 1235 1237 1238 1239 1242 1243 1244]] [83 [1246 1247 1248 1250 1251 1252 1254 1255 1256 1257 1258 1259]] [84 [1262 1263 1265 1266 1267 1269 1270 1271 1272 1273 1274]] [85 [1275 1276 1277 1278 1279 1281 1282 1283 1284 1286 1287]] [86 [1290 1291 1292 1294 1295 1296 1297 1299 1300 1301]] [87 [1306 1307 1308 1309 1310 1311 1312 1314 1316 1317 1318 1319]] [88 [1320 1321 1325 1326 1327 1328 1329 1330 1331 1333]] [89 [1335 1337 1338 1339 1340 1341 1342 1343 1346 1347 1348 1349]] [90 [1350 1352 1353 1354 1357 1358 1359 1360 1361 1362 1363 1364]] [91 [1365 1366 1367 1369 1370 1371 1372 1373 1374 1375 1376 1377 1378]] [92 [1382 1383 1384 1386 1387 1391 1392 1393 1394]] [93 [1395 1396 1397 1398 1402 1403 1404 1406 1408 1409]] [94 [1410 1411 1412 1413 1415 1416 1417 1418 1419 1420 1421 1422 1423 1424]] [95 [1425 1426 1427 1431 1432 1433 1435 1436 1437 1438 1439]] [96 [1440 1442 1444 1445 1446 1447 1448 1449 1451 1452 1453 1454]] [97 [1455 1456 1457 1458 1459 1462 1463 1464 1465 1466 1467 1468 1469]] [98 [1470 1471 1472 1473 1475 1476 1477 1478 1479 1480 1481]] [99 [1487 1488 1489 1491 1492 1493 1494 1496 1497 1498 1499]]]",,"[[{citizen 27} [[""A"" [3 4 4 3 3 2 3 3 3 3]]]] [{citizen 49} [[""A"" [4 2 4 4 3 3 3 3 3 5]]]] [{media 50} [[""A"" [4 4 4 4 4 4 4 4 4 4]]]] [{media 51} [[""A"" [3 3 3 3 3 3 3 3 3 3]]]] [{media 52} [[""A"" [4 4 4 4 4 4 4 4 4 4]]]] [{media 53} [[""A"" [3 3 3 3 3 3 3 3 3 3]]]] [{media 54} [[""A"" [4 4 4 4 4 4 4 4 4 4]]]] [{media 55} [[""A"" [5 5 5 5 5 5 5 5 5 5]]]] [{media 56} [[""A"" [3 3 3 3 3 3 3 3 3 3]]]] [{media 57} [[""A"" [3 3 3 3 3 3 3 3 3 3]]]] [{media 58} [[""A"" [4 4 4 4 4 4 4 4 4 4]]]] [{media 59} [[""A"" [2 2 2 2 2 2 2 2 2 2]]]] [{media 60} [[""A"" [5 5 5 5 5 5 5 5 5 5]]]] [{media 61} [[""A"" [3 3 3 3 3 3 3 3 3 3]]]] [{media 62} [[""A"" [2 2 2 2 2 2 2 2 2 2]]]] [{media 63} [[""A"" [4 4 4 4 4 4 4 4 4 4]]]] [{media 64} [[""A"" [2 2 2 2 2 2 2 2 2 2]]]] [{citizen 4} [[""A"" [2 4 2 3 2 3 3 3 3 4]]]] [{citizen 1} [[""A"" [4 4 5 3 3 2 3 3 4 3]]]] [{citizen 0} [[""A"" [2 4 3 3 2 4 3 3 4 3]]]] [{citizen 6} [[""A"" [2 3 4 4 2 4 3 4 3 4]]]] [{citizen 10} [[""A"" [2 2 3 5 3 3 2 3 3 5]]]] [{citizen 12} [[""A"" [5 4 3 5 3 3 3 3 4 3]]]] [{citizen 2} [[""A"" [2 2 4 4 4 3 2 3 3 3]]]] [{citizen 13} [[""A"" [4 4 3 3 2 2 3 4 2 3]]]] [{citizen 21} [[""A"" [2 4 5 4 2 4 3 3 3 4]]]] [{citizen 7} [[""A"" [3 4 5 4 5 2 2 3 3 4]]]] [{citizen 31} [[""A"" [2 4 2 4 5 2 4 3 4 3]]]] [{citizen 39} [[""A"" [4 2 5 3 3 2 3 4 4 4]]]] [{citizen 5} [[""A"" [4 4 5 3 3 2 3 3 4 3]]]] [{citizen 44} [[""A"" [5 3 2 3 3 3 4 4 3 5]]]] [{citizen 28} [[""A"" [4 4 2 5 3 3 2 3 3 4]]]] [{citizen 24} [[""A"" [2 4 5 4 3 2 2 3 3 3]]]] [{citizen 37} [[""A"" [5 3 5 3 3 2 3 4 4 3]]]] [{citizen 17} [[""A"" [3 3 2 3 3 3 4 3 5 4]]]] [{citizen 30} [[""A"" [4 4 3 3 3 2 2 3 3 3]]]] [{citizen 3} [[""A"" [5 3 5 3 2 3 3 3 4 3]]]] [{citizen 38} [[""A"" [4 4 3 5 2 3 3 4 2 4]]]] [{citizen 22} [[""A"" [4 4 4 4 3 2 2 3 3 4]]]] [{citizen 36} [[""A"" [4 2 4 3 2 3 3 4 3 5]]]] [{citizen 11} [[""A"" [4 3 4 4 3 5 2 3 4 3]]]] [{citizen 41} [[""A"" [2 4 4 2 5 4 2 4 4 3]]]] [{citizen 43} [[""A"" [4 3 3 3 3 2 2 3 3 4]]]] [{citizen 45} [[""A"" [2 5 4 3 3 2 3 4 3 4]]]] [{citizen 9} [[""A"" [4 3 3 2 4 3 3 4 2 3]]]] [{citizen 8} [[""A"" [4 5 4 3 3 2 3 3 4 3]]]] [{citizen 33} [[""A"" [2 4 4 4 3 3 2 2 4 3]]]] [{citizen 42} [[""A"" [4 4 3 3 2 4 3 3 4 5]]]] [{citizen 19} [[""A"" [4 4 4 3 3 2 3 4 3 4]]]] [{citizen 25} [[""A"" [4 2 4 3 3 2 3 3 4 3]]]] [{citizen 15} [[""A"" [4 2 4 3 5 3 2 2 4 3]]]] [{citizen 47} [[""A"" [4 4 3 3 2 4 3 3 3 3]]]] [{citizen 32} [[""A"" [2 3 4 4 3 5 2 3 3 3]]]] [{citizen 23} [[""A"" [5 3 2 2 4 3 3 4 3 5]]]] [{citizen 18} [[""A"" [2 4 4 4 4 3 3 2 3 3]]]] [{citizen 46} [[""A"" [4 4 4 4 4 3 3 3 3 3]]]] [{citizen 14} [[""A"" [2 2 4 4 3 2 4 3 4 3]]]] [{citizen 20} [[""A"" [4 4 3 3 2 4 3 3 4 3]]]] [{citizen 29} [[""A"" [4 4 4 4 3 3 2 3 3 4]]]] [{citizen 35} [[""A"" [2 4 3 4 3 2 2 4 4 3]]]] [{citizen 48} [[""A"" [5 4 3 3 2 4 3 4 3 4]]]] [{citizen 40} [[""A"" [4 4 4 2 4 4 3 3 2 3]]]] [{citizen 26} [[""A"" [2 4 4 4 3 3 2 3 3 3]]]] [{citizen 34} [[""A"" [5 3 3 3 2 4 3 3 3 3]]]]]"
"17","[85 0 170]","36.367346938775505","7.436330098324083","10.392463390332454","""circle""","""""","9.9","{breed citizens}","false","0.5","1","""up""",,"[[""ID"" 17] [""alpha"" 1] [""beta"" 1] [""malleable"" [""A""]] [""prior"" []] [""cont_tokens"" []] [""A"" 4]]","[[0 [0 1 2 3 4 5 6 7 8 9 10 11 12 13 14]] [1 [15 16 17 18 19 20 21 22 23 25 26 28 29]] [2 [30 31 32 33 34 35 36 37 38 39 40 41 42 43 44]] [3 [45 46 47 48 49 50 51 52 53 54 55 56 57 58 59]] [4 [60 61 62 63 64 65 66 67 68 69 70 71 72 73 74]] [5 [75 76 77 78 80 83 84 85 86 87 88 89]] [6 [90 91 92 93 94 95 96 97 98 99 100 101 102 103 104]] [7 [105 106 107 108 109 110 111 112 113 114 115 116 117 118 119]] [8 [120 121 122 123 124 125 126 127 128 129 130 131 132 133 134]] [9 [135 136 137 138 139 140 141 142 143 144 145 146 147 148 149]] [10 [150 151 152 153 154 155 156 157 158 159 160 161 162 163 164]] [11 [165 166 167 168 169 170 171 172 173 174 175 176 177 178 179]] [12 [180 181 182 183 184 185 186 187 188 189 190 191 192 193 194]] [13 [195 196 197 198 199 200 201 202 203 204 205 206 207 208 209]] [14 [210 211 212 213 214 215 216 217 218 219 220 221 222 223 224]] [15 [225 226 227 228 229 230 231 232 233 234 235 236 237 238 239]] [16 [240 241 242 243 244 245 246 247 248 249 250 251 252 253 254]] [17 [255 256 257 258 259 260 261 262 263 264 265 266 267 268 269]] [18 [270 271 272 273 274 275 276 277 278 279 280 281 282 283 284]] [19 [285 286 287 288 289 290 291 292 293 294 295 296 297 298 299]] [20 [300 301 302 303 304 305 306 307 309 310 311 312 313 314]] [21 [315 316 317 318 319 320 321 322 323 324 325 326 327 328 329]] [22 [330 331 332 333 334 335 336 337 338 339 340 341 342 343 344]] [23 [345 346 347 348 349 350 351 352 353 354 355 356 357 358 359]] [24 [360 361 362 363 364 365 366 367 368 369 370 371 372 373 374]] [25 [375 376 377 378 379 380 381 382 383 384 385 386 387 388 389]] [26 [390 391 392 393 394 395 396 397 398 399 400 401 402 403 404]] [27 [405 406 407 408 409 410 411 412 413 414 415 416 417 418 419]] [28 [420 421 422 423 424 425 426 427 428 429 430 431 432 433 434]] [29 [435 436 437 438 439 440 441 442 443 444 445 446 447 448 449]] [30 [450 451 452 453 454 455 456 457 458 459 460 461 462 463 464]] [31 [465 466 467 468 469 470 471 472 473 474 475 476 477 478 479]] [32 [480 481 482 483 484 485 486 487 488 489 490 491 492 493 494]] [33 [495 496 497 498 499 500 501 502 503 504 505 506 507 508 509]] [34 [510 511 512 513 514 515 516 517 519 520 521 522 523 524]] [35 [525 526 527 528 529 530 531 532 533 534 535 536 537 538 539]] [36 [540 541 542 543 544 545 546 547 548 549 550 551 552 553 554]] [37 [555 556 557 558 559 560 561 562 563 564 565 566 567 568 569]] [38 [570 571 572 573 574 575 576 577 578 579 580 581 582 583 584]] [39 [585 586 587 588 589 590 591 592 593 594 595 596 597 598 599]] [40 [600 601 602 603 604 605 606 607 608 609 610 611 612 613 614]] [41 [615 616 617 618 619 620 621 622 623 624 625 626 627 628 629]] [42 [630 631 632 633 634 635 636 637 638 639 640 641 642 643 644]] [43 [645 646 647 648 649 650 651 652 653 654 656 657 658 659]] [44 [660 661 662 663 664 665 666 667 668 669 670 671 672 673 674]] [45 [675 676 677 678 679 680 681 682 683 684 685 686 687 688 689]] [46 [690 691 692 693 694 695 696 697 698 699 700 701 702 703 704]] [47 [705 706 707 708 709 710 711 712 713 714 715 716 717 718 719]] [48 [720 721 722 723 724 725 726 727 728 729 730 731 732 733 734]] [49 [735 736 737 738 739 740 741 742 743 744 745 746 747 748 749]] [50 [750 751 752 753 754 755 756 757 758 759 760 761 762 763 764]] [51 [765 766 767 768 769 770 771 772 773 774 775 776 777 778 779]] [52 [780 781 782 783 784 785 786 787 788 789 790 791 792 793 794]] [53 [795 796 797 798 799 800 801 802 803 804 805 806 807 808 809]] [54 [810 811 812 813 814 815 816 817 818 819 820 821 822 823 824]] [55 [825 826 827 828 829 830 831 832 833 834 835 836 837 838 839]] [56 [840 841 842 843 844 845 846 847 848 849 850 851 852 853 854]] [57 [855 856 857 858 859 860 861 862 863 864 865 866 867 868 869]] [58 [870 871 872 873 874 875 876 877 878 879 880 881 882 883 884]] [59 [885 886 887 888 889 890 891 892 893 894 895 896 897 898 899]] [60 [900 901 902 903 904 905 906 907 908 909 910 911 912 913 914]] [61 [915 916 917 918 919 920 921 922 923 924 925 926 927 928 929]] [62 [930 931 932 933 934 935 936 937 938 939 940 941 942 943 944]] [63 [945 946 947 948 949 950 951 952 953 954 955 956 957 958 959]] [64 [960 961 962 963 964 965 966 967 968 969 970 971 972 973 974]] [65 [975 976 977 978 979 980 981 982 983 984 985 986 987 988 989]] [66 [990 991 992 993 994 996 997 998 999 1000 1001 1002 1003 1004]] [67 [1005 1006 1007 1008 1009 1010 1011 1012 1013 1014 1015 1016 1017 1018 1019]] [68 [1020 1022 1023 1024 1025 1026 1027 1028 1029 1030 1031 1032 1034]] [69 [1035 1036 1037 1038 1039 1040 1041 1042 1043 1044 1045 1046 1047 1048 1049]] [70 [1050 1051 1052 1053 1054 1055 1056 1057 1058 1059 1060 1061 1062 1063 1064]] [71 [1065 1066 1067 1068 1069 1070 1071 1072 1073 1074 1075 1076 1077 1078 1079]] [72 [1080 1081 1082 1083 1084 1085 1086 1087 1088 1089 1090 1091 1092 1093 1094]] [73 [1095 1096 1097 1098 1099 1100 1101 1102 1103 1104 1105 1106 1107 1108 1109]] [74 [1110 1111 1112 1113 1114 1115 1116 1117 1118 1119 1120 1121 1122 1123 1124]] [75 [1125 1126 1127 1128 1129 1130 1131 1132 1133 1134 1135 1136 1137 1138 1139]] [76 [1140 1141 1142 1143 1144 1145 1146 1147 1148 1149 1150 1151 1152 1153 1154]] [77 [1155 1156 1157 1159 1161 1162 1163 1164 1165 1166 1167 1168 1169]] [78 [1170 1171 1172 1173 1174 1175 1176 1177 1178 1179 1180 1181 1182 1183 1184]] [79 [1185 1186 1187 1188 1189 1190 1191 1192 1193 1194 1195 1196 1197 1198 1199]] [80 [1200 1201 1202 1203 1204 1205 1206 1207 1208 1209 1210 1211 1212 1213 1214]] [81 [1215 1216 1217 1218 1219 1220 1221 1222 1223 1224 1225 1226 1227 1228 1229]] [82 [1230 1231 1232 1233 1234 1235 1236 1237 1238 1239 1240 1241 1242 1243 1244]] [83 [1245 1246 1247 1248 1249 1250 1251 1252 1253 1254 1255 1256 1257 1258 1259]] [84 [1260 1262 1263 1264 1265 1266 1267 1269 1270 1271 1272 1273 1274]] [85 [1275 1276 1277 1278 1279 1280 1281 1282 1283 1284 1285 1286 1287 1288 1289]] [86 [1290 1291 1292 1293 1294 1295 1296 1297 1298 1299 1300 1301 1302 1303 1304]] [87 [1305 1306 1307 1308 1309 1310 1311 1312 1313 1314 1315 1316 1317 1318 1319]] [88 [1320 1321 1322 1323 1324 1325 1326 1327 1328 1329 1330 1331 1332 1333 1334]] [89 [1335 1336 1337 1338 1339 1340 1341 1342 1343 1344 1345 1346 1347 1348 1349]] [90 [1350 1351 1352 1353 1354 1355 1356 1357 1358 1359 1360 1361 1362 1363 1364]] [91 [1365 1366 1367 1368 1369 1370 1371 1372 1373 1374 1375 1376 1377 1378 1379]] [92 [1380 1381 1382 1383 1384 1385 1386 1387 1388 1389 1390 1391 1392 1393 1394]] [93 [1395 1396 1397 1398 1399 1400 1401 1402 1403 1404 1405 1406 1407 1408 1409]] [94 [1410 1411 1412 1413 1414 1415 1416 1417 1418 1419 1420 1421 1422 1423 1424]] [95 [1425 1426 1427 1428 1429 1430 1431 1432 1433 1434 1435 1436 1437 1438 1439]] [96 [1440 1441 1442 1443 1444 1445 1446 1447 1448 1449 1450 1451 1452 1453 1454]] [97 [1455 1456 1457 1458 1459 1461 1462 1463 1464 1465 1466 1467 1468 1469]] [98 [1470 1471 1472 1473 1474 1475 1476 1477 1478 1479 1480 1481 1482 1483 1484]] [99 [1485 1486 1487 1488 1489 1490 1491 1492 1493 1494 1495 1496 1497 1498 1499]]]","[[0 [0 1 2 3 4 6 7 8 9 10 11 12 13 14]] [1 [15 16 17 18 20 21 22 23 25 26 28 29]] [2 [30 32 33 34 35 37 38 40 41 42 43 44]] [3 [45 46 47 48 49 50 51 52 53 55 56 57 58]] [4 [60 61 62 63 64 65 66 67 68 69 70 71 73 74]] [5 [75 76 77 78 80 83 84 85 86 87 88 89]] [6 [90 91 93 94 95 97 98 99 100 101 104]] [7 [105 106 107 108 109 110 112 113 114 115 117]] [8 [120 121 122 123 124 125 126 127 128 131 132 134]] [9 [135 136 137 138 139 140 141 142 143 144 145 146 147 148 149]] [10 [150 151 152 156 157 158 159 161]] [11 [165 167 168 170 171 172 173 174 175 176 177 178 179]] [12 [180 181 182 183 184 185 186 187 188 189 190 191 192 193 194]] [13 [195 196 197 198 199 200 201 202 203 204 205 209]] [14 [211 212 213 214 216 217 219 220 221 222 223 224]] [15 [225 226 227 228 229 230 231 232 233 234 236 239]] [16 [241 242 244 245 246 247 248 249 250 251 252 253 254]] [17 [255 256 261 262 263 264 265 266 267 268]] [18 [272 273 274 276 277 278 279 281 282 283 284]] [19 [285 287 288 289 290 291 292 293 294 297 298 299]] [20 [300 302 303 304 305 306 310 311 312 313 314]] [21 [318 319 320 321 325 326 327 328 329]] [22 [330 331 332 333 334 336 337 339 340 341 342 343 344]] [23 [345 346 348 350 351 353 354 355 356 357 358 359]] [24 [360 361 362 363 364 365 366 367 368 369 370 372 373]] [25 [375 377 378 379 380 381 382 383 384 385 386 388 389]] [26 [390 391 392 393 394 396 397 398 399 400 401 402]] [27 [406 407 408 409 410 411 412 413 414 415 416 417 418 419]] [28 [420 421 422 423 424 425 426 427 429 430 431 432 433 434]] [29 [435 436 437 439 440 441 442 443 444 445 446 447 448]] [30 [450 451 452 454 455 457 458 459 461 462 464]] [31 [465 466 467 468 469 470 471 472 473 474 475 477 478 479]] [32 [480 483 484 485 486 488 489 490 492 493 494]] [33 [495 496 498 499 502 503 504 505 506 507 508]] [34 [510 511 512 513 514 515 516 517 521 522 524]] [35 [526 527 528 529 531 532 534 536 537 538 539]] [36 [541 542 543 544 545 546 547 548 549 550 551 552 554]] [37 [555 556 557 558 560 561 563 564 565 566 567 568 569]] [38 [570 572 573 574 575 576 577 578 579 581 582 583 584]] [39 [585 587 588 589 590 592 593 594 596 597 598 599]] [40 [600 601 602 603 604 605 607 608 609 610 611 612 613 614]] [41 [615 616 617 618 619 620 621 622 623 624 625 626 627 628 629]] [42 [630 632 633 634 635 636 637 638 639 640 642 643 644]] [43 [647 648 650 651 652 653 654 656 657 658 659]] [44 [660 661 662 663 665 666 667 669 670 671 672 673 674]] [45 [675 676 677 678 679 680 681 682 685 689]] [46 [690 691 692 693 694 695 696 697 699 700 701 702 703]] [47 [705 706 707 708 711 712 713 714 715 716 717 718 719]] [48 [720 721 722 723 725 726 727 728 729 730 731 732 733 734]] [49 [735 736 737 738 739 740 741 742 743 744 745 746 747 749]] [50 [750 751 752 753 754 755 758 759 760 761 762 763 764]] [51 [765 766 767 769 770 771 772 773 774 775 776 777 778 779]] [52 [780 781 782 785 786 787 788 789 790 791 792 793 794]] [53 [795 796 797 798 799 800 801 802 803 804 805 806 807 808 809]] [54 [810 811 812 813 814 815 817 820 821 822 823 824]] [55 [825 826 827 829 830 831 832 833 835 836 837 839]] [56 [840 841 842 843 844 845 846 847 848 849 850 851 852 853 854]] [57 [856 857 858 859 861 862 863 864 865 866 867 868]] [58 [870 871 872 873 874 876 879 880 881 882 884]] [59 [888 889 890 891 892 893 895 896 898]] [60 [900 901 902 903 904 905 906 907 908 909 910 912 914]] [61 [915 916 917 918 919 920 921 922 924 925 926 927]] [62 [930 931 932 933 934 935 936 937 938 939 940 941 942 944]] [63 [946 947 948 949 950 951 952 955 957 958 959]] [64 [960 961 962 963 964 965 967 968 969 971 972]] [65 [976 977 978 979 980 981 984 985 986 987 988 989]] [66 [991 992 993 994 996 997 998 999 1000 1001 1002 1003 1004]] [67 [1005 1006 1007 1008 1009 1010 1011 1012 1013 1014 1015 1016 1018 1019]] [68 [1020 1022 1023 1024 1025 1026 1028 1030 1031 1032 1034]] [69 [1035 1036 1037 1039 1040 1041 1042 1043 1044 1045 1048 1049]] [70 [1050 1051 1052 1053 1054 1055 1056 1057 1058 1061 1063]] [71 [1065 1066 1067 1068 1069 1070 1071 1074 1075 1076 1078]] [72 [1080 1081 1082 1084 1085 1089 1091 1092 1093 1094]] [73 [1095 1096 1097 1099 1100 1101 1102 1105 1106 1107 1108 1109]] [74 [1110 1111 1114 1115 1116 1118 1119 1121 1122 1123 1124]] [75 [1125 1126 1127 1128 1129 1130 1131 1132 1133 1134 1135 1136 1137 1138 1139]] [76 [1141 1142 1143 1144 1145 1146 1147 1148 1149 1150 1152 1153 1154]] [77 [1155 1156 1157 1159 1161 1162 1163 1164 1165 1166 1167 1168]] [78 [1170 1171 1172 1174 1175 1176 1177 1181 1182 1183 1184]] [79 [1185 1186 1187 1188 1189 1190 1192 1193 1194 1196 1197 1198 1199]] [80 [1201 1202 1203 1207 1208 1209 1211 1213]] [81 [1215 1216 1217 1221 1222 1223 1225 1226 1227 1229]] [82 [1230 1231 1232 1233 1234 1235 1237 1238 1239 1242 1243]] [83 [1245 1246 1247 1248 1249 1250 1251 1252 1253 1254 1255 1256 1257 1258 1259]] [84 [1260 1263 1264 1265 1266 1267 1270 1271 1272 1273 1274]] [85 [1275 1276 1277 1278 1279 1280 1281 1282 1283 1284 1286 1287]] [86 [1290 1291 1292 1294 1295 1296 1297 1299 1300 1301 1304]] [87 [1305 1308 1309 1310 1311 1313 1315 1316 1317 1318 1319]] [88 [1320 1321 1322 1323 1324 1328 1329 1330 1331 1332 1333 1334]] [89 [1336 1337 1338 1339 1340 1342 1343 1344 1345 1347 1348 1349]] [90 [1350 1352 1353 1355 1356 1357 1358 1359 1360 1361 1362 1363 1364]] [91 [1365 1366 1367 1368 1371 1372 1373 1374 1376 1377 1378]] [92 [1380 1381 1382 1383 1385 1388 1389 1390 1391 1392 1393 1394]] [93 [1395 1396 1397 1398 1402 1404 1405 1406 1408 1409]] [94 [1410 1412 1413 1415 1416 1417 1418 1419 1420 1421 1422 1424]] [95 [1425 1426 1427 1431 1432 1433 1435 1436 1437 1438 1439]] [96 [1440 1441 1442 1443 1445 1446 1447 1448 1449 1450 1451 1452 1453 1454]] [97 [1455 1456 1457 1458 1459 1462 1463 1464 1465 1466 1467 1468 1469]] [98 [1470 1471 1472 1474 1476 1477 1478 1479 1480 1482 1483]] [99 [1485 1486 1488 1489 1491 1492 1493 1494 1495 1496 1497 1498 1499]]]",,"[[{citizen 19} [[""A"" [5 4 3 2 2 3 3 4 4 4]]]] [{citizen 25} [[""A"" [3 5 4 3 3 2 3 4 3 4]]]] [{citizen 36} [[""A"" [3 5 2 3 3 3 4 4 3 4]]]] [{media 50} [[""A"" [4 4 4 4 4 4 4 4 4 4]]]] [{media 51} [[""A"" [3 3 3 3 3 3 3 3 3 3]]]] [{media 52} [[""A"" [4 4 4 4 4 4 4 4 4 4]]]] [{media 53} [[""A"" [3 3 3 3 3 3 3 3 3 3]]]] [{media 54} [[""A"" [4 4 4 4 4 4 4 4 4 4]]]] [{media 55} [[""A"" [5 5 5 5 5 5 5 5 5 5]]]] [{media 56} [[""A"" [3 3 3 3 3 3 3 3 3 3]]]] [{media 57} [[""A"" [3 3 3 3 3 3 3 3 3 3]]]] [{media 58} [[""A"" [4 4 4 4 4 4 4 4 4 4]]]] [{media 59} [[""A"" [2 2 2 2 2 2 2 2 2 2]]]] [{media 60} [[""A"" [5 5 5 5 5 5 5 5 5 5]]]] [{media 61} [[""A"" [3 3 3 3 3 3 3 3 3 3]]]] [{media 62} [[""A"" [2 2 2 2 2 2 2 2 2 2]]]] [{media 63} [[""A"" [4 4 4 4 4 4 4 4 4 4]]]] [{media 64} [[""A"" [2 2 2 2 2 2 2 2 2 2]]]] [{citizen 4} [[""A"" [2 3 5 2 3 3 4 3 4 4]]]] [{citizen 13} [[""A"" [5 4 3 2 3 3 4 4 2 4]]]] [{citizen 0} [[""A"" [5 4 3 3 2 3 3 4 3 4]]]] [{citizen 2} [[""A"" [3 5 3 2 2 3 3 4 3 4]]]] [{citizen 5} [[""A"" [4 5 3 3 2 3 3 4 3 4]]]] [{citizen 21} [[""A"" [5 4 2 4 3 3 3 4 4 4]]]] [{citizen 7} [[""A"" [4 5 3 2 2 3 3 4 4 4]]]] [{citizen 31} [[""A"" [5 3 2 4 3 4 4 2 3 4]]]] [{citizen 39} [[""A"" [4 3 5 3 3 2 3 4 4 4]]]] [{citizen 44} [[""A"" [3 5 3 2 3 3 4 4 3 4]]]] [{citizen 28} [[""A"" [2 3 5 3 2 2 3 3 4 4]]]] [{citizen 24} [[""A"" [5 3 2 2 3 3 4 3 3 4]]]] [{citizen 37} [[""A"" [3 5 3 2 2 3 4 4 3 4]]]] [{citizen 38} [[""A"" [4 3 5 2 3 3 4 4 2 4]]]] [{citizen 1} [[""A"" [5 3 2 3 3 3 4 4 3 4]]]] [{citizen 22} [[""A"" [4 3 5 4 3 2 2 4 4 4]]]] [{citizen 49} [[""A"" [4 4 4 3 3 3 3 4 3 4]]]] [{citizen 12} [[""A"" [4 3 5 3 3 4 3 4 3 4]]]] [{citizen 10} [[""A"" [4 3 5 3 2 2 3 4 3 4]]]] [{citizen 47} [[""A"" [4 3 4 3 2 4 3 3 3 4]]]] [{citizen 11} [[""A"" [3 4 3 5 2 3 4 4 3 4]]]] [{citizen 40} [[""A"" [4 3 5 4 3 3 2 3 3 4]]]] [{citizen 6} [[""A"" [5 3 2 3 3 4 3 4 2 4]]]] [{citizen 41} [[""A"" [5 4 5 2 3 4 4 2 3 4]]]] [{citizen 3} [[""A"" [5 5 3 2 3 3 4 4 3 4]]]] [{citizen 43} [[""A"" [2 3 5 5 3 2 3 4 4 4]]]] [{citizen 45} [[""A"" [4 2 3 5 4 2 2 3 4 4]]]] [{citizen 9} [[""A"" [5 3 2 4 3 3 4 2 3 4]]]] [{citizen 8} [[""A"" [4 4 3 3 5 3 2 3 4 3]]]] [{citizen 33} [[""A"" [3 4 3 2 4 3 3 4 2 4]]]] [{citizen 30} [[""A"" [4 4 3 3 2 2 3 3 4 4]]]] [{citizen 42} [[""A"" [3 3 2 4 3 3 4 3 4 4]]]] [{citizen 18} [[""A"" [3 4 3 4 3 4 5 3 2 3]]]] [{citizen 15} [[""A"" [3 5 5 3 2 4 3 3 4 4]]]] [{citizen 46} [[""A"" [4 3 5 4 3 2 3 4 3 4]]]] [{citizen 14} [[""A"" [5 4 3 2 4 3 3 4 3 4]]]] [{citizen 20} [[""A"" [3 3 2 4 3 3 4 3 4 4]]]] [{citizen 29} [[""A"" [4 4 3 5 4 3 3 4 3 4]]]] [{citizen 27} [[""A"" [5 4 3 2 3 3 4 3 3 4]]]] [{citizen 16} [[""A"" [4 4 3 4 3 5 5 3 4 4]]]] [{citizen 32} [[""A"" [5 4 5 3 2 3 3 4 3 4]]]] [{citizen 23} [[""A"" [2 4 3 3 4 3 4 2 3 4]]]] [{citizen 35} [[""A"" [4 4 3 4 3 2 3 4 3 4]]]] [{citizen 48} [[""A"" [3 3 2 2 4 3 4 3 4 4]]]] [{citizen 26} [[""A"" [3 5 4 3 3 2 3 3 3 4]]]] [{citizen 34} [[""A"" [3 5 3 2 4 3 4 2 3 4]]]]]"
"18","[85 0 170]","160.16326530612247","4.939394682453349","-13.087635767366876","""circle""","""""","9.9","{breed citizens}","false","0.5","1","""up""",,"[[""ID"" 18] [""alpha"" 1] [""beta"" 1] [""malleable"" [""A""]] [""prior"" []] [""cont_tokens"" []] [""A"" 4]]","[[0 [0 1 2 3 4 5 6 7 8 9 10 11 12 13 14]] [1 [15 16 17 18 19 20 21 22 23 25 26 28 29]] [2 [30 31 32 33 34 35 36 37 38 39 40 41 42 43 44]] [3 [45 46 47 48 49 50 51 52 53 54 55 56 57 58 59]] [4 [60 61 62 63 64 65 66 67 68 69 70 71 72 73 74]] [5 [75 76 77 78 80 83 84 85 86 87 88 89]] [6 [90 91 92 93 94 95 96 97 98 99 100 101 102 103 104]] [7 [105 106 107 108 109 110 111 112 113 114 115 116 117 118 119]] [8 [120 121 122 123 124 125 126 127 128 129 130 131 132 133 134]] [9 [135 136 137 138 139 140 141 142 143 144 145 146 147 148 149]] [10 [150 151 152 153 154 155 156 157 158 159 160 161 162 163 164]] [11 [165 166 167 168 169 170 171 172 173 174 175 176 177 178 179]] [12 [180 181 182 183 184 185 186 187 188 189 190 191 192 193 194]] [13 [195 196 197 198 199 200 201 202 203 204 205 206 207 208 209]] [14 [210 211 212 213 214 215 216 217 218 219 220 221 222 223 224]] [15 [225 226 227 228 229 230 231 232 233 234 235 236 237 238 239]] [16 [240 241 242 243 244 245 246 247 248 249 250 251 252 253 254]] [17 [255 256 257 258 259 260 261 262 263 264 265 266 267 268 269]] [18 [270 271 272 273 274 275 276 277 278 279 280 281 282 283 284]] [19 [285 286 287 288 289 290 291 292 293 294 295 296 297 298 299]] [20 [300 301 302 303 304 305 306 307 309 310 311 312 313 314]] [21 [315 316 317 318 319 320 321 322 323 324 325 326 327 328 329]] [22 [330 331 332 333 334 335 336 337 338 339 340 341 342 343 344]] [23 [345 346 347 348 349 350 351 352 353 354 355 356 357 358 359]] [24 [360 361 362 363 364 365 366 367 368 369 370 371 372 373 374]] [25 [375 376 377 378 379 380 381 382 383 384 385 386 387 388 389]] [26 [390 391 392 393 394 395 396 397 398 399 400 401 402 403 404]] [27 [405 406 407 408 409 410 411 412 413 414 415 416 417 418 419]] [28 [420 421 422 423 424 425 426 427 428 429 430 431 432 433 434]] [29 [435 436 437 438 439 440 441 442 443 444 445 446 447 448 449]] [30 [450 451 452 453 454 455 456 457 458 459 460 461 462 463 464]] [31 [465 466 467 468 469 470 471 472 473 474 475 476 477 478 479]] [32 [480 481 482 483 484 485 486 487 488 489 490 491 492 493 494]] [33 [495 496 497 498 499 500 501 502 503 504 505 506 507 508 509]] [34 [510 511 512 513 514 515 516 517 519 520 521 522 523 524]] [35 [525 526 527 528 529 530 531 532 533 534 535 536 537 538 539]] [36 [540 541 542 543 544 545 546 547 548 549 550 551 552 553 554]] [37 [555 556 557 558 559 560 561 562 563 564 565 566 567 568 569]] [38 [570 571 572 573 574 575 576 577 578 579 580 581 582 583 584]] [39 [585 586 587 588 589 590 591 592 593 594 595 596 597 598 599]] [40 [600 601 602 603 604 605 606 607 608 609 610 611 612 613 614]] [41 [615 616 617 618 619 620 621 622 623 624 625 626 627 628 629]] [42 [630 631 632 633 634 635 636 637 638 639 640 641 642 643 644]] [43 [645 646 647 648 649 650 651 652 653 654 656 657 658 659]] [44 [660 661 662 663 664 665 666 667 668 669 670 671 672 673 674]] [45 [675 676 677 678 679 680 681 682 683 684 685 686 687 688 689]] [46 [690 691 692 693 694 695 696 697 698 699 700 701 702 703 704]] [47 [705 706 707 708 709 710 711 712 713 714 715 716 717 718 719]] [48 [720 721 722 723 724 725 726 727 728 729 730 731 732 733 734]] [49 [735 736 737 738 739 740 741 742 743 744 745 746 747 748 749]] [50 [750 751 752 753 754 755 756 757 758 759 760 761 762 763 764]] [51 [765 766 767 768 769 770 771 772 773 774 775 776 777 778 779]] [52 [780 781 782 783 784 785 786 787 788 789 790 791 792 793 794]] [53 [795 796 797 798 799 800 801 802 803 804 805 806 807 808 809]] [54 [810 811 812 813 814 815 816 817 818 819 820 821 822 823 824]] [55 [825 826 827 828 829 830 831 832 833 834 835 836 837 838 839]] [56 [840 841 842 843 844 845 846 847 848 849 850 851 852 853 854]] [57 [855 856 857 858 859 860 861 862 863 864 865 866 867 868 869]] [58 [870 871 872 873 874 875 876 877 878 879 880 881 882 883 884]] [59 [885 886 887 888 889 890 891 892 893 894 895 896 897 898 899]] [60 [900 901 902 903 904 905 906 907 908 909 910 911 912 913 914]] [61 [915 916 917 918 919 920 921 922 923 924 925 926 927 928 929]] [62 [930 931 932 933 934 935 936 937 938 939 940 941 942 943 944]] [63 [945 946 947 948 949 950 951 952 953 954 955 956 957 958 959]] [64 [960 961 962 963 964 965 966 967 968 969 970 971 972 973 974]] [65 [975 976 977 978 979 980 981 982 983 984 985 986 987 988 989]] [66 [990 991 992 993 994 996 997 998 999 1000 1001 1002 1003 1004]] [67 [1005 1006 1007 1008 1009 1010 1011 1012 1013 1014 1015 1016 1017 1018 1019]] [68 [1020 1022 1023 1024 1025 1026 1027 1028 1029 1030 1031 1032 1034]] [69 [1035 1036 1037 1038 1039 1040 1041 1042 1043 1044 1045 1046 1047 1048 1049]] [70 [1050 1051 1052 1053 1054 1055 1056 1057 1058 1059 1060 1061 1062 1063 1064]] [71 [1065 1066 1067 1068 1069 1070 1071 1072 1073 1074 1075 1076 1077 1078 1079]] [72 [1080 1081 1082 1083 1084 1085 1086 1087 1088 1089 1090 1091 1092 1093 1094]] [73 [1095 1096 1097 1098 1099 1100 1101 1102 1103 1104 1105 1106 1107 1108 1109]] [74 [1110 1111 1112 1113 1114 1115 1116 1117 1118 1119 1120 1121 1122 1123 1124]] [75 [1125 1126 1127 1128 1129 1130 1131 1132 1133 1134 1135 1136 1137 1138 1139]] [76 [1140 1141 1142 1143 1144 1145 1146 1147 1148 1149 1150 1151 1152 1153 1154]] [77 [1155 1156 1157 1159 1161 1162 1163 1164 1165 1166 1167 1168 1169]] [78 [1170 1171 1172 1173 1174 1175 1176 1177 1178 1179 1180 1181 1182 1183 1184]] [79 [1185 1186 1187 1188 1189 1190 1191 1192 1193 1194 1195 1196 1197 1198 1199]] [80 [1200 1201 1202 1203 1204 1205 1206 1207 1208 1209 1210 1211 1212 1213 1214]] [81 [1215 1216 1217 1218 1219 1220 1221 1222 1223 1224 1225 1226 1227 1228 1229]] [82 [1230 1231 1232 1233 1234 1235 1236 1237 1238 1239 1240 1241 1242 1243 1244]] [83 [1245 1246 1247 1248 1249 1250 1251 1252 1253 1254 1255 1256 1257 1258 1259]] [84 [1260 1262 1263 1264 1265 1266 1267 1269 1270 1271 1272 1273 1274]] [85 [1275 1276 1277 1278 1279 1280 1281 1282 1283 1284 1285 1286 1287 1288 1289]] [86 [1290 1291 1292 1293 1294 1295 1296 1297 1298 1299 1300 1301 1302 1303 1304]] [87 [1305 1306 1307 1308 1309 1310 1311 1312 1313 1314 1315 1316 1317 1318 1319]] [88 [1320 1321 1322 1323 1324 1325 1326 1327 1328 1329 1330 1331 1332 1333 1334]] [89 [1335 1336 1337 1338 1339 1340 1341 1342 1343 1344 1345 1346 1347 1348 1349]] [90 [1350 1351 1352 1353 1354 1355 1356 1357 1358 1359 1360 1361 1362 1363 1364]] [91 [1365 1366 1367 1368 1369 1370 1371 1372 1373 1374 1375 1376 1377 1378 1379]] [92 [1380 1381 1382 1383 1384 1385 1386 1387 1388 1389 1390 1391 1392 1393 1394]] [93 [1395 1396 1397 1398 1399 1400 1401 1402 1403 1404 1405 1406 1407 1408 1409]] [94 [1410 1411 1412 1413 1414 1415 1416 1417 1418 1419 1420 1421 1422 1423 1424]] [95 [1425 1426 1427 1428 1429 1430 1431 1432 1433 1434 1435 1436 1437 1438 1439]] [96 [1440 1441 1442 1443 1444 1445 1446 1447 1448 1449 1450 1451 1452 1453 1454]] [97 [1455 1456 1457 1458 1459 1461 1462 1463 1464 1465 1466 1467 1468 1469]] [98 [1470 1471 1472 1473 1474 1475 1476 1477 1478 1479 1480 1481 1482 1483 1484]] [99 [1485 1486 1487 1488 1489 1491 1492 1493 1494 1495 1496 1497 1498 1499]]]","[[0 [0 1 2 3 4 6 7 8 9 11 12 13 14]] [1 [15 16 17 18 20 21 22 23 25 26 28 29]] [2 [31 33 34 35 37 38 40 41 42 43 44]] [3 [45 46 47 48 49 50 51 52 54 55 58 59]] [4 [61 62 63 64 65 66 67 68 69 70 71 72 73 74]] [5 [75 76 77 78 80 83 84 85 86 87 88 89]] [6 [90 91 92 93 94 95 97 98 99 100 101 104]] [7 [105 106 107 108 109 110 111 113 114 116 117]] [8 [120 121 122 123 124 125 126 128 131 132 133]] [9 [136 137 138 139 142 143 144 145 146 147]] [10 [150 151 153 154 155 157 158 159 160 161 163 164]] [11 [165 166 169 170 171 172 173 174 175 176 178 179]] [12 [180 181 182 183 184 185 186 187 188 189 192 193 194]] [13 [195 197 198 199 200 201 202 203 204 205 206 207 208 209]] [14 [211 212 213 214 215 216 217 219 220 221 222 223 224]] [15 [225 226 227 228 230 231 232 233 235 237 238 239]] [16 [240 241 242 244 245 247 248 250 251 252 253 254]] [17 [255 256 257 258 259 260 262 263 264 265 266 267 268]] [18 [273 274 276 277 278 279 280 283 284]] [19 [285 287 288 289 290 291 292 293 294 295 296 297 298 299]] [20 [301 302 303 304 305 306 310 311 312 313]] [21 [315 316 317 318 319 320 321 325 326 327 328 329]] [22 [330 331 332 333 334 336 337 338 339 340 341 342 343 344]] [23 [345 346 349 350 351 355 356 357 358 359]] [24 [360 361 362 363 364 366 367 368 370 373]] [25 [376 377 378 379 381 382 383 384 385 386 387 388 389]] [26 [390 391 392 393 395 396 397 398 399 400 401 402 403 404]] [27 [405 406 407 408 409 410 411 412 413 414 415 416 417 418]] [28 [421 422 423 424 425 426 427 429 430 431 432 433 434]] [29 [435 436 437 440 441 442 443 444 445 446 447 448]] [30 [450 451 452 453 456 457 458 459 463 464]] [31 [465 466 467 468 469 470 471 472 473 474 475 477]] [32 [480 483 484 485 486 487 489 490 492 493 494]] [33 [495 496 498 499 500 501 502 503 504 505 506 507 508]] [34 [510 511 512 513 514 515 516 517 520 521 522 524]] [35 [526 527 528 529 530 531 532 533 534 535 536 538 539]] [36 [540 542 543 544 546 547 548 549 550 551 552 554]] [37 [555 556 557 558 559 562 563 564 565 566 567 568 569]] [38 [570 572 573 574 575 577 578 579 581 582 583 584]] [39 [585 587 588 589 590 592 593 594 595 598 599]] [40 [600 601 605 607 608 609 610 611 612 613 614]] [41 [615 616 617 618 619 620 621 622 623 624 625 626 627 629]] [42 [630 632 633 634 635 636 637 639 640 642 643 644]] [43 [647 648 649 650 652 653 654 656 657 658 659]] [44 [660 661 663 664 665 666 667 669 670 671 672 673 674]] [45 [675 676 677 678 679 680 681 682 684 685 686 687 688 689]] [46 [690 691 692 693 694 695 696 697 700 701 703 704]] [47 [706 707 708 711 712 713 714 715 716 717 718 719]] [48 [720 722 724 726 727 728 729 730 731 732 733 734]] [49 [735 736 737 738 739 740 741 742 743 744 745 746 748]] [50 [750 752 753 754 755 757 761 762 763 764]] [51 [765 768 769 770 771 772 773 774 775 776 777 778 779]] [52 [780 781 782 784 785 786 787 788 789 790 791 792 793 794]] [53 [795 796 797 798 799 800 801 802 803 804 805 806]] [54 [811 812 813 814 815 816 817 818 819 821 822 823 824]] [55 [825 826 827 828 829 830 831 832 833 835 837 838 839]] [56 [840 841 842 843 845 847 848 849 851 852 853]] [57 [855 857 858 859 861 862 863 864 865 866 867 868 869]] [58 [870 871 872 873 874 876 877 878 880 881 882 884]] [59 [888 889 890 891 892 893 896 897 899]] [60 [901 902 903 904 905 906 907 908 909 910 911 912 914]] [61 [915 916 917 919 920 921 922 924 925 926 927]] [62 [930 931 932 933 934 935 936 937 938 939 940 941 942 944]] [63 [946 948 949 950 951 952 953 954 955 956 957 958 959]] [64 [960 962 963 964 965 967 968 969 971 972]] [65 [976 977 978 979 980 981 985 986 987 988 989]] [66 [990 991 992 993 994 996 997 998 999 1000 1001 1002 1003 1004]] [67 [1005 1006 1007 1008 1009 1010 1011 1013 1014 1015 1016 1018 1019]] [68 [1020 1022 1023 1024 1025 1026 1030 1031 1032 1034]] [69 [1035 1036 1037 1039 1040 1042 1043 1044 1046 1047]] [70 [1053 1054 1055 1056 1057 1059 1060 1061 1062 1063 1064]] [71 [1065 1066 1067 1068 1069 1070 1072 1073 1074 1075 1076 1078 1079]] [72 [1081 1082 1084 1085 1089 1090 1091 1092 1093 1094]] [73 [1095 1096 1097 1099 1100 1101 1102 1104 1105 1106 1107 1108 1109]] [74 [1110 1111 1112 1115 1116 1117 1119 1121 1122 1123 1124]] [75 [1125 1126 1127 1128 1129 1130 1131 1132 1133 1134 1135 1136 1137 1138 1139]] [76 [1142 1143 1144 1145 1146 1147 1148 1149 1150 1153 1154]] [77 [1156 1157 1159 1161 1162 1163 1164 1165 1166 1167 1168]] [78 [1170 1171 1172 1173 1174 1175 1178 1179 1180 1181 1182 1183 1184]] [79 [1185 1186 1187 1188 1189 1190 1191 1192 1193 1194 1196 1197 1198 1199]] [80 [1201 1202 1203 1205 1206 1207 1208 1209 1211 1213]] [81 [1215 1216 1217 1218 1219 1220 1221 1222 1223 1224 1225 1226 1227 1229]] [82 [1230 1231 1232 1233 1234 1235 1237 1238 1239 1242 1243 1244]] [83 [1246 1247 1249 1250 1251 1252 1253 1254 1255 1256 1257 1259]] [84 [1262 1263 1264 1265 1266 1267 1269 1271 1272 1273 1274]] [85 [1275 1276 1277 1278 1279 1282 1283 1284 1285 1286 1287]] [86 [1290 1291 1292 1294 1295 1296 1297 1302 1303 1304]] [87 [1305 1307 1308 1309 1310 1311 1312 1314 1316 1317 1318 1319]] [88 [1320 1321 1322 1323 1324 1326 1327 1328 1329 1330 1331 1332 1333]] [89 [1335 1337 1338 1339 1340 1342 1343 1346 1347 1348 1349]] [90 [1350 1351 1352 1353 1354 1359 1360 1361 1362 1364]] [91 [1365 1366 1367 1369 1370 1371 1372 1373 1374 1377 1378]] [92 [1380 1381 1382 1383 1384 1386 1387 1388 1389 1390 1391 1392 1393 1394]] [93 [1395 1396 1397 1398 1401 1403 1404 1406 1407 1408 1409]] [94 [1410 1411 1412 1413 1415 1416 1417 1418 1419 1420 1421 1422 1424]] [95 [1425 1426 1428 1429 1430 1432 1433 1434 1437 1438 1439]] [96 [1441 1442 1444 1445 1446 1447 1448 1449 1450 1451 1452 1453 1454]] [97 [1455 1456 1457 1458 1459 1462 1463 1464 1465 1466 1467 1468 1469]] [98 [1470 1471 1472 1474 1476 1477 1478 1479 1480 1481 1482 1483 1484]] [99 [1485 1486 1488 1489 1491 1492 1493 1494 1496 1499]]]",,"[[{media 50} [[""A"" [4 4 4 4 4 4 4 4 4 4]]]] [{media 51} [[""A"" [3 3 3 3 3 3 3 3 3 3]]]] [{media 52} [[""A"" [4 4 4 4 4 4 4 4 4 4]]]] [{media 53} [[""A"" [3 3 3 3 3 3 3 3 3 3]]]] [{media 54} [[""A"" [4 4 4 4 4 4 4 4 4 4]]]] [{media 55} [[""A"" [5 5 5 5 5 5 5 5 5 5]]]] [{media 56} [[""A"" [3 3 3 3 3 3 3 3 3 3]]]] [{media 57} [[""A"" [3 3 3 3 3 3 3 3 3 3]]]] [{media 58} [[""A"" [4 4 4 4 4 4 4 4 4 4]]]] [{media 59} [[""A"" [2 2 2 2 2 2 2 2 2 2]]]] [{media 60} [[""A"" [5 5 5 5 5 5 5 5 5 5]]]] [{media 61} [[""A"" [3 3 3 3 3 3 3 3 3 3]]]] [{media 62} [[""A"" [2 2 2 2 2 2 2 2 2 2]]]] [{media 63} [[""A"" [4 4 4 4 4 4 4 4 4 4]]]] [{media 64} [[""A"" [2 2 2 2 2 2 2 2 2 2]]]] [{citizen 9} [[""A"" [3 2 4 3 3 4 3 4 2 3]]]] [{citizen 10} [[""A"" [5 3 3 2 2 3 4 3 5 4]]]] [{citizen 1} [[""A"" [2 3 3 3 4 3 4 3 4 4]]]] [{citizen 0} [[""A"" [3 3 2 3 3 4 3 4 3 5]]]] [{citizen 6} [[""A"" [3 2 2 3 3 4 3 4 2 5]]]] [{citizen 2} [[""A"" [3 2 3 3 3 4 3 2 5 4]]]] [{citizen 4} [[""A"" [3 2 2 3 3 4 3 3 4 4]]]] [{citizen 13} [[""A"" [3 2 3 3 4 3 4 2 3 4]]]] [{citizen 21} [[""A"" [2 4 3 3 3 4 3 4 4 5]]]] [{citizen 7} [[""A"" [5 3 2 2 3 3 4 4 4 5]]]] [{citizen 31} [[""A"" [5 3 4 3 3 4 3 4 2 3]]]] [{citizen 39} [[""A"" [5 3 3 2 3 4 4 2 5 4]]]] [{citizen 5} [[""A"" [3 3 2 2 3 3 4 3 4 3]]]] [{citizen 44} [[""A"" [3 2 3 3 3 4 4 3 5 4]]]] [{citizen 28} [[""A"" [3 2 2 2 3 3 4 4 5 4]]]] [{citizen 24} [[""A"" [5 3 2 2 3 3 4 3 3 5]]]] [{citizen 37} [[""A"" [5 3 2 2 3 3 4 4 3 5]]]] [{citizen 17} [[""A"" [2 3 3 4 3 4 2 3 5 4]]]] [{citizen 30} [[""A"" [3 2 2 3 3 4 3 4 4 5]]]] [{citizen 3} [[""A"" [3 2 3 3 4 3 4 2 3 5]]]] [{citizen 27} [[""A"" [3 4 5 3 3 3 3 4 3 3]]]] [{citizen 12} [[""A"" [3 2 3 3 4 3 4 2 3 5]]]] [{citizen 16} [[""A"" [5 5 3 3 4 3 4 4 5 4]]]] [{citizen 49} [[""A"" [4 3 2 3 3 4 3 4 3 5]]]] [{citizen 8} [[""A"" [4 5 3 2 3 4 3 4 3 5]]]] [{citizen 22} [[""A"" [4 5 4 3 2 2 3 4 3 4]]]] [{citizen 33} [[""A"" [2 2 4 3 3 4 3 2 4 5]]]] [{citizen 35} [[""A"" [2 2 3 4 4 2 3 4 5 4]]]] [{citizen 19} [[""A"" [2 2 3 3 4 3 4 4 5 4]]]] [{citizen 25} [[""A"" [2 4 5 3 3 3 4 3 4 3]]]] [{citizen 41} [[""A"" [4 5 3 3 4 3 4 2 3 4]]]] [{citizen 46} [[""A"" [3 3 4 3 4 2 3 4 5 4]]]] [{citizen 11} [[""A"" [3 2 2 2 3 4 4 2 3 5]]]] [{citizen 40} [[""A"" [2 4 5 3 3 3 4 3 3 4]]]] [{citizen 38} [[""A"" [3 2 3 3 4 3 4 2 5 4]]]] [{citizen 36} [[""A"" [2 2 3 3 4 3 4 3 5 4]]]] [{citizen 47} [[""A"" [3 2 2 4 3 4 3 4 3 5]]]] [{citizen 43} [[""A"" [2 3 3 3 4 3 4 4 5 4]]]] [{citizen 45} [[""A"" [4 3 2 2 4 3 4 3 4 4]]]] [{citizen 42} [[""A"" [2 2 4 3 3 4 3 4 4 5]]]] [{citizen 15} [[""A"" [2 2 2 4 3 3 4 3 2 5]]]] [{citizen 32} [[""A"" [4 5 5 3 3 3 4 3 4 5]]]] [{citizen 23} [[""A"" [2 4 3 3 4 3 4 2 3 5]]]] [{citizen 14} [[""A"" [2 2 2 4 3 3 4 4 3 4]]]] [{citizen 20} [[""A"" [2 2 4 3 3 4 3 4 2 5]]]] [{citizen 29} [[""A"" [5 3 2 3 3 4 3 4 2 5]]]] [{citizen 48} [[""A"" [2 4 3 4 3 4 3 4 5 4]]]] [{citizen 26} [[""A"" [3 2 2 3 3 4 3 4 4 5]]]] [{citizen 34} [[""A"" [4 3 3 3 4 3 2 3 5 4]]]]]"
"19","[85 0 170]","168.97959183673476","2.2244310467685087","-12.957224101688226","""circle""","""""","9.9","{breed citizens}","false","0.5","1","""up""",,"[[""ID"" 19] [""alpha"" 1] [""beta"" 1] [""malleable"" [""A""]] [""prior"" []] [""cont_tokens"" []] [""A"" 4]]","[[0 [0 1 2 3 4 5 6 7 8 9 10 11 12 13 14]] [1 [15 16 17 18 19 20 21 22 23 25 26 28 29]] [2 [30 31 32 33 34 35 36 37 38 39 40 41 42 43 44]] [3 [45 46 47 48 49 50 51 52 53 54 55 56 57 58 59]] [4 [60 61 62 63 64 65 66 67 68 69 70 71 72 73 74]] [5 [75 76 77 78 80 83 84 85 86 87 88 89]] [6 [90 91 92 93 94 95 96 97 98 99 100 101 102 103 104]] [7 [105 106 107 108 109 110 111 112 113 114 115 116 117 118 119]] [8 [120 121 122 123 124 125 126 127 128 129 130 131 132 133 134]] [9 [135 136 137 138 139 140 141 142 143 144 145 146 147 148 149]] [10 [150 151 152 153 154 155 156 157 158 159 160 161 162 163 164]] [11 [165 166 167 168 169 170 171 172 173 174 175 176 177 178 179]] [12 [180 181 182 183 184 185 186 187 188 189 190 191 192 193 194]] [13 [195 196 197 198 199 200 201 202 203 204 205 206 207 208 209]] [14 [210 211 212 213 214 215 216 217 218 219 220 221 222 223 224]] [15 [225 226 227 228 229 230 231 232 233 234 235 236 237 238 239]] [16 [240 241 242 243 244 245 246 247 248 249 250 251 252 253 254]] [17 [255 256 257 258 259 260 261 262 263 264 265 266 267 268 269]] [18 [270 271 272 273 274 275 276 277 278 279 280 281 282 283 284]] [19 [285 286 287 288 289 290 291 292 293 294 295 296 297 298 299]] [20 [300 301 302 303 304 305 306 307 309 310 311 312 313 314]] [21 [315 316 317 318 319 320 321 322 323 324 325 326 327 328 329]] [22 [330 331 332 333 334 335 336 337 338 339 340 341 342 343 344]] [23 [345 346 347 348 349 350 351 352 353 354 355 356 357 358 359]] [24 [360 361 362 363 364 365 366 367 368 369 370 371 372 373 374]] [25 [375 376 377 378 379 380 381 382 383 384 385 386 387 388 389]] [26 [390 391 392 393 394 395 396 397 398 399 400 401 402 403 404]] [27 [405 406 407 408 409 410 411 412 413 414 415 416 417 418 419]] [28 [420 421 422 423 424 425 426 427 428 429 430 431 432 433 434]] [29 [435 436 437 438 439 440 441 442 443 444 445 446 447 448 449]] [30 [450 451 452 453 454 455 456 457 458 459 460 461 462 463 464]] [31 [465 466 467 468 469 470 471 472 473 474 475 476 477 478 479]] [32 [480 481 482 483 484 485 486 487 488 489 490 491 492 493 494]] [33 [495 496 497 498 499 500 501 502 503 504 505 506 507 508 509]] [34 [510 511 512 513 514 515 516 517 519 520 521 522 523 524]] [35 [525 526 527 528 529 530 531 532 533 534 535 536 537 538 539]] [36 [540 541 542 543 544 545 546 547 548 549 550 551 552 553 554]] [37 [555 556 557 558 559 560 561 562 563 564 565 566 567 568 569]] [38 [570 571 572 573 574 575 576 577 578 579 580 581 582 583 584]] [39 [585 586 587 588 589 590 591 592 593 594 595 596 597 598 599]] [40 [600 601 602 603 604 605 606 607 608 609 610 611 612 613 614]] [41 [615 616 617 618 619 620 621 622 623 624 625 626 627 628 629]] [42 [630 631 632 633 634 635 636 637 638 639 640 641 642 643 644]] [43 [645 646 647 648 649 650 651 652 653 654 656 657 658 659]] [44 [660 661 662 663 664 665 666 667 668 669 670 671 672 673 674]] [45 [675 676 677 678 679 680 681 682 683 684 685 686 687 688 689]] [46 [690 691 692 693 694 695 696 697 698 699 700 701 702 703 704]] [47 [705 706 707 708 709 710 711 712 713 714 715 716 717 718 719]] [48 [720 721 722 723 724 725 726 727 728 729 730 731 732 733 734]] [49 [735 736 737 738 739 740 741 742 743 744 745 746 747 748 749]] [50 [750 751 752 753 754 755 756 757 758 759 760 761 762 763 764]] [51 [765 766 767 768 769 770 771 772 773 774 775 776 777 778 779]] [52 [780 781 782 783 784 785 786 787 788 789 790 791 792 793 794]] [53 [795 796 797 798 799 800 801 802 803 804 805 806 807 808 809]] [54 [810 811 812 813 814 815 816 817 818 819 820 821 822 823 824]] [55 [825 826 827 828 829 830 831 832 833 834 835 836 837 838 839]] [56 [840 841 842 843 844 845 846 847 848 849 850 851 852 853 854]] [57 [855 856 857 858 859 860 861 862 863 864 865 866 867 868 869]] [58 [870 871 872 873 874 875 876 877 878 879 880 881 882 883 884]] [59 [885 886 887 888 889 890 891 892 893 894 895 896 897 898 899]] [60 [900 901 902 903 904 905 906 907 908 909 910 911 912 913 914]] [61 [915 916 917 918 919 920 921 922 923 924 925 926 927 928 929]] [62 [930 931 932 933 934 935 936 937 938 939 940 941 942 943 944]] [63 [945 946 947 948 949 950 951 952 953 954 955 956 957 958 959]] [64 [960 961 962 963 964 965 966 967 968 969 970 971 972 973 974]] [65 [975 976 977 978 979 980 981 984 985 986 987 988 989]] [66 [990 991 992 993 994 996 997 998 999 1000 1001 1002 1003 1004]] [67 [1005 1006 1007 1008 1009 1010 1011 1012 1013 1014 1015 1016 1017 1018 1019]] [68 [1020 1022 1023 1024 1025 1026 1027 1028 1029 1030 1031 1032 1034]] [69 [1035 1036 1037 1038 1039 1040 1041 1042 1043 1044 1045 1046 1047 1048 1049]] [70 [1050 1051 1052 1053 1054 1055 1056 1057 1058 1059 1060 1061 1062 1063 1064]] [71 [1065 1066 1067 1068 1069 1070 1071 1072 1073 1074 1075 1076 1077 1078 1079]] [72 [1080 1081 1082 1083 1084 1085 1086 1087 1088 1089 1090 1091 1092 1093 1094]] [73 [1095 1096 1097 1098 1099 1100 1101 1102 1103 1104 1105 1106 1107 1108 1109]] [74 [1110 1111 1112 1113 1114 1115 1116 1117 1118 1119 1120 1121 1122 1123 1124]] [75 [1125 1126 1127 1128 1129 1130 1131 1132 1133 1134 1135 1136 1137 1138 1139]] [76 [1140 1141 1142 1143 1144 1145 1146 1147 1148 1149 1150 1151 1152 1153 1154]] [77 [1155 1156 1157 1159 1161 1162 1163 1164 1165 1166 1167 1168 1169]] [78 [1170 1171 1172 1173 1174 1175 1176 1177 1178 1179 1180 1181 1182 1183 1184]] [79 [1185 1186 1187 1188 1189 1190 1191 1192 1193 1194 1195 1196 1197 1198 1199]] [80 [1200 1201 1202 1203 1204 1205 1206 1207 1208 1209 1210 1211 1212 1213 1214]] [81 [1215 1216 1217 1218 1219 1220 1221 1222 1223 1224 1225 1226 1227 1229]] [82 [1230 1231 1232 1233 1234 1235 1236 1237 1238 1239 1240 1241 1242 1243 1244]] [83 [1245 1246 1247 1248 1249 1250 1251 1252 1253 1254 1255 1256 1257 1258 1259]] [84 [1260 1262 1263 1264 1265 1266 1267 1269 1270 1271 1272 1273 1274]] [85 [1275 1276 1277 1278 1279 1280 1281 1282 1283 1284 1285 1286 1287 1288 1289]] [86 [1290 1291 1292 1293 1294 1295 1296 1297 1299 1300 1301 1302 1303 1304]] [87 [1305 1306 1307 1308 1309 1310 1311 1312 1313 1314 1315 1316 1317 1318 1319]] [88 [1320 1321 1322 1323 1324 1325 1326 1327 1328 1329 1330 1331 1332 1333 1334]] [89 [1335 1336 1337 1338 1339 1340 1341 1342 1343 1344 1345 1346 1347 1348 1349]] [90 [1350 1351 1352 1353 1354 1355 1356 1357 1358 1359 1360 1361 1362 1363 1364]] [91 [1365 1366 1367 1368 1369 1370 1371 1372 1373 1374 1375 1376 1377 1378 1379]] [92 [1380 1381 1382 1383 1384 1385 1386 1387 1388 1389 1390 1391 1392 1393 1394]] [93 [1395 1396 1397 1398 1399 1400 1401 1402 1403 1404 1405 1406 1407 1408 1409]] [94 [1410 1411 1412 1413 1414 1415 1416 1417 1418 1419 1420 1421 1422 1423 1424]] [95 [1425 1426 1427 1428 1429 1430 1431 1432 1433 1434 1435 1436 1437 1438 1439]] [96 [1440 1441 1442 1443 1444 1445 1446 1447 1448 1449 1450 1451 1452 1453 1454]] [97 [1455 1456 1457 1458 1459 1461 1462 1463 1464 1465 1466 1467 1468 1469]] [98 [1470 1471 1472 1473 1474 1475 1476 1477 1478 1479 1480 1481 1482 1483 1484]] [99 [1485 1486 1487 1488 1489 1491 1492 1493 1494 1495 1496 1497 1498 1499]]]","[[0 [3 4 6 7 8 9 11 12 13 14]] [1 [15 16 17 18 21 22 23 25 26 28 29]] [2 [30 32 33 34 35 37 38 39 41 42 43 44]] [3 [45 46 47 48 49 50 51 52 54 56 57 58]] [4 [60 61 62 63 64 65 66 67 68 69 70 71 73 74]] [5 [75 76 77 78 80 83 84 85 86 87 88 89]] [6 [90 91 92 93 94 95 97 98 99 100 101 103 104]] [7 [105 106 107 108 109 110 111 113 114 116 118 119]] [8 [120 121 122 123 124 125 126 127 128 131 132 133]] [9 [135 136 137 140 141 143 144 145 146 147 148 149]] [10 [150 151 153 154 155 157 158 159 160 162 163 164]] [11 [165 166 169 170 171 172 173 174 175 176 177 178 179]] [12 [180 181 182 183 184 185 186 187 188 189 190 191 192 193 194]] [13 [195 196 197 198 199 200 201 202 206 207 208 209]] [14 [211 212 213 214 215 216 217 220 221 222 223 224]] [15 [225 226 227 228 229 230 231 232 233 235 237 238 239]] [16 [241 242 243 246 247 248 253 254]] [17 [255 256 257 259 260 262 263 264 265 266 267 268 269]] [18 [270 271 274 276 277 278 279 281 282 284]] [19 [285 287 288 291 292 293 294 295 296 298 299]] [20 [300 302 303 304 305 306 309 311 312 313]] [21 [315 316 317 318 319 320 321 324 325 326 327 328 329]] [22 [330 331 332 333 335 338 339 340 341 342 343]] [23 [345 346 349 350 351 354 355 356 357 358 359]] [24 [360 361 362 363 364 369 370 373 374]] [25 [375 377 378 379 381 382 383 384 385 387 388 389]] [26 [390 391 392 393 395 396 397 398 399 400 401 402]] [27 [405 406 407 408 409 410 411 412 413 414 415 416 417 418]] [28 [421 422 423 424 425 426 427 429 430 431 432 433 434]] [29 [435 436 437 440 441 442 443 444 445 446 447 448 449]] [30 [450 451 452 453 456 457 458 459 463 464]] [31 [465 466 467 468 469 470 471 472 473 474 475 477]] [32 [480 482 484 485 486 488 489 490 492 493 494]] [33 [495 496 498 499 500 501 502 503 504 505 506 507 508]] [34 [510 511 512 513 514 515 516 517 520 521 522 523]] [35 [525 526 527 528 529 530 531 532 534 536 537 538 539]] [36 [541 542 543 544 545 547 548 549 550 551]] [37 [557 558 559 562 563 564 565 566 567 568 569]] [38 [570 571 572 573 574 575 576 577 578 579 581 582 583 584]] [39 [585 586 587 588 589 591 592 593 594 596 597 598 599]] [40 [600 601 602 603 604 605 606 609 610 611 612 613 614]] [41 [615 616 617 618 619 620 621 622 623 624 625 626 627 629]] [42 [630 632 633 634 635 636 637 638 639 640 642 643 644]] [43 [645 646 649 651 652 653 654 656 657 658 659]] [44 [661 663 664 665 668 669 670 671 672 673 674]] [45 [675 676 677 678 679 680 681 682 684 685 686 687 688 689]] [46 [690 691 692 693 694 695 696 697 700 701 702 703]] [47 [705 706 707 708 711 712 713 714 715 716 717 718 719]] [48 [720 721 722 724 725 726 727 728 729 730 731 732 733 734]] [49 [735 736 737 738 739 740 741 742 743 744 745 746 747 749]] [50 [751 752 753 754 755 757 762 763 764]] [51 [765 768 769 770 771 772 773 774 775 776 777 778 779]] [52 [780 781 782 785 786 787 788 789 790 791 792 793 794]] [53 [795 796 797 798 799 800 801 802 803 804 805 806 807 808 809]] [54 [810 811 812 813 814 815 816 817 819 820 821 823 824]] [55 [825 826 827 828 829 830 831 832 833 834 836 837 838 839]] [56 [841 842 845 847 848 849 850 851 852 853 854]] [57 [855 857 858 859 860 861 862 863 864 865 866 867 868 869]] [58 [870 871 872 873 874 875 877 878 880 881 882 884]] [59 [888 889 890 891 892 893 895 896 897 899]] [60 [902 903 904 905 906 908 909 910 911 913]] [61 [916 917 918 919 920 921 922 924 925 926 927]] [62 [930 931 932 933 934 935 936 937 938 939 940 941 943]] [63 [945 947 948 949 950 951 952 953 955 956 957 958 959]] [64 [960 962 963 964 965 966 967 968 969 970 974]] [65 [975 976 977 978 979 980 981 985 986 987 988 989]] [66 [991 992 993 994 996 997 998 999 1000 1001 1002 1003 1004]] [67 [1005 1006 1007 1008 1009 1010 1011 1013 1014 1015 1016 1018 1019]] [68 [1020 1022 1023 1024 1025 1026 1027 1028 1029 1030 1031 1032 1034]] [69 [1035 1036 1037 1038 1039 1040 1041 1042 1043 1044 1045 1048 1049]] [70 [1050 1051 1052 1053 1054 1055 1056 1057 1059 1060 1061 1062 1063]] [71 [1065 1066 1067 1068 1069 1070 1071 1073 1074 1075 1077 1078]] [72 [1080 1081 1082 1083 1084 1085 1090 1091 1092 1093 1094]] [73 [1095 1096 1097 1098 1100 1101 1102 1104 1105 1106 1107 1108 1109]] [74 [1110 1111 1112 1114 1115 1116 1118 1119 1122 1123 1124]] [75 [1125 1126 1127 1128 1129 1130 1131 1132 1133 1134 1135 1136 1137 1138 1139]] [76 [1140 1141 1142 1143 1144 1145 1146 1147 1148 1149 1150 1153 1154]] [77 [1155 1156 1157 1159 1161 1162 1163 1164 1165 1166 1167 1168]] [78 [1170 1171 1172 1174 1175 1178 1179 1180 1182 1184]] [79 [1185 1186 1187 1188 1189 1190 1191 1192 1194 1196 1197 1198 1199]] [80 [1201 1202 1203 1204 1205 1206 1207 1208 1209 1211 1212 1214]] [81 [1216 1217 1218 1219 1221 1222 1223 1224 1225 1226 1227 1229]] [82 [1230 1231 1232 1233 1234 1235 1237 1238 1239 1242 1243 1244]] [83 [1246 1247 1249 1250 1251 1252 1253 1254 1255 1256 1257 1258 1259]] [84 [1260 1262 1263 1265 1266 1267 1270 1271 1272 1273 1274]] [85 [1275 1276 1277 1278 1279 1280 1281 1282 1283 1284 1286 1287 1288 1289]] [86 [1291 1292 1293 1294 1295 1296 1297 1299 1300 1301 1303 1304]] [87 [1305 1307 1308 1309 1310 1311 1313 1315 1316 1317 1318 1319]] [88 [1320 1321 1322 1323 1324 1325 1326 1327 1328 1329 1330 1331 1333]] [89 [1335 1340 1341 1342 1343 1345 1346 1347 1348 1349]] [90 [1350 1351 1352 1353 1355 1356 1357 1358 1359 1360 1361 1362 1364]] [91 [1365 1366 1367 1369 1370 1371 1372 1373 1374 1377 1378]] [92 [1380 1381 1383 1385 1386 1387 1389 1390 1391 1392 1393 1394]] [93 [1395 1396 1397 1398 1399 1400 1401 1402 1403 1404 1406 1407 1408 1409]] [94 [1410 1411 1412 1413 1414 1417 1418 1419 1420 1421 1422 1424]] [95 [1425 1426 1427 1429 1430 1431 1432 1433 1435 1436 1437 1438 1439]] [96 [1441 1442 1443 1445 1446 1447 1448 1449 1450 1451 1452 1453 1454]] [97 [1455 1457 1458 1459 1462 1463 1464 1465 1466 1467 1468 1469]] [98 [1470 1471 1472 1474 1476 1477 1478 1479 1480 1482 1483 1484]] [99 [1485 1486 1488 1489 1491 1492 1493 1494 1496 1497 1498 1499]]]",,"[[{citizen 24} [[""A"" [4 2 5 3 2 2 3 3 3 3]]]] [{citizen 25} [[""A"" [4 4 5 4 4 5 3 3 3 3]]]] [{citizen 27} [[""A"" [4 2 2 3 5 3 3 3 3 3]]]] [{citizen 35} [[""A"" [3 3 3 3 2 2 2 3 4 5]]]] [{citizen 39} [[""A"" [2 5 3 3 2 3 4 2 3 4]]]] [{media 50} [[""A"" [4 4 4 4 4 4 4 4 4 4]]]] [{media 51} [[""A"" [3 3 3 3 3 3 3 3 3 3]]]] [{media 52} [[""A"" [4 4 4 4 4 4 4 4 4 4]]]] [{media 53} [[""A"" [3 3 3 3 3 3 3 3 3 3]]]] [{media 54} [[""A"" [4 4 4 4 4 4 4 4 4 4]]]] [{media 56} [[""A"" [3 3 3 3 3 3 3 3 3 3]]]] [{media 57} [[""A"" [3 3 3 3 3 3 3 3 3 3]]]] [{media 58} [[""A"" [4 4 4 4 4 4 4 4 4 4]]]] [{media 59} [[""A"" [2 2 2 2 2 2 2 2 2 2]]]] [{media 61} [[""A"" [3 3 3 3 3 3 3 3 3 3]]]] [{media 62} [[""A"" [2 2 2 2 2 2 2 2 2 2]]]] [{media 63} [[""A"" [4 4 4 4 4 4 4 4 4 4]]]] [{media 64} [[""A"" [2 2 2 2 2 2 2 2 2 2]]]] [{media 60} [[""A"" [5 5 5 5 5 5 5 5 5 5]]]] [{citizen 17} [[""A"" [4 4 3 3 3 3 2 3 5 4]]]] [{citizen 0} [[""A"" [4 4 2 5 3 3 3 3 3 5]]]] [{citizen 13} [[""A"" [3 2 4 3 3 2 3 3 2 3]]]] [{media 55} [[""A"" [5 5 5 5 5 5 5 5 5 5]]]] [{citizen 2} [[""A"" [3 3 5 3 2 3 3 3 2 5]]]] [{citizen 4} [[""A"" [3 2 5 3 3 2 3 3 3 4]]]] [{citizen 5} [[""A"" [4 4 5 3 3 2 3 3 3 3]]]] [{citizen 21} [[""A"" [3 4 4 5 4 3 2 3 3 3]]]] [{citizen 7} [[""A"" [3 5 4 5 3 2 2 3 3 4]]]] [{citizen 31} [[""A"" [4 2 5 3 4 3 3 4 2 3]]]] [{citizen 44} [[""A"" [4 2 5 3 3 3 3 4 3 5]]]] [{citizen 28} [[""A"" [4 4 2 3 5 3 2 3 3 4]]]] [{citizen 37} [[""A"" [5 3 5 3 2 2 3 3 4 3]]]] [{citizen 30} [[""A"" [4 4 4 3 3 2 2 3 3 4]]]] [{citizen 3} [[""A"" [4 4 2 5 5 3 3 3 2 3]]]] [{citizen 12} [[""A"" [5 3 3 2 3 3 3 3 4 3]]]] [{citizen 16} [[""A"" [3 2 3 5 3 3 3 4 5 4]]]] [{citizen 49} [[""A"" [4 4 3 4 3 3 3 3 3 5]]]] [{citizen 1} [[""A"" [4 3 2 5 3 2 3 3 3 3]]]] [{citizen 8} [[""A"" [3 3 5 3 3 2 3 3 4 3]]]] [{citizen 22} [[""A"" [4 2 3 4 4 3 4 3 2 2]]]] [{citizen 33} [[""A"" [3 4 3 3 2 4 3 3 2 4]]]] [{citizen 38} [[""A"" [5 3 5 3 2 3 3 3 2 4]]]] [{citizen 36} [[""A"" [4 4 2 3 3 3 4 3 5 4]]]] [{citizen 10} [[""A"" [2 3 5 3 2 2 3 3 3 5]]]] [{citizen 47} [[""A"" [4 4 3 3 2 4 3 3 3 5]]]] [{citizen 11} [[""A"" [4 5 3 2 2 3 4 2 3 5]]]] [{citizen 40} [[""A"" [3 4 4 4 2 3 3 3 3 4]]]] [{citizen 6} [[""A"" [4 2 3 3 3 3 3 4 3 2]]]] [{citizen 41} [[""A"" [3 5 4 3 3 4 4 2 3 4]]]] [{citizen 43} [[""A"" [3 5 3 3 2 3 3 4 3 4]]]] [{citizen 45} [[""A"" [4 2 5 3 2 2 3 3 4 4]]]] [{citizen 9} [[""A"" [5 3 3 2 4 3 3 3 2 3]]]] [{citizen 42} [[""A"" [3 3 2 4 3 3 3 4 3 5]]]] [{citizen 18} [[""A"" [2 2 4 3 4 3 3 3 3 3]]]] [{citizen 15} [[""A"" [2 5 5 3 2 2 4 3 3 2]]]] [{citizen 46} [[""A"" [4 3 5 3 2 2 3 2 3 4]]]] [{citizen 32} [[""A"" [4 3 4 2 3 5 3 3 3 3]]]] [{citizen 20} [[""A"" [5 3 3 3 4 3 3 3 3 5]]]] [{citizen 14} [[""A"" [3 5 4 3 2 4 3 3 3 4]]]] [{citizen 48} [[""A"" [4 3 5 3 3 2 4 3 3 4]]]] [{citizen 26} [[""A"" [3 5 4 3 3 3 2 3 3 3]]]] [{citizen 23} [[""A"" [2 5 2 2 4 3 3 2 3 5]]]] [{citizen 29} [[""A"" [3 5 3 2 3 3 3 2 3 5]]]] [{citizen 34} [[""A"" [4 4 3 5 3 4 3 3 2 3]]]]]"
"20","[85 0 170]","282.8571428571429","-7.124873713487165","1.7290365494566455","""circle""","""""","9.9","{breed citizens}","false","0.5","1","""up""",,"[[""ID"" 20] [""alpha"" 1] [""beta"" 1] [""malleable"" [""A""]] [""prior"" []] [""cont_tokens"" []] [""A"" 4]]","[[0 [0 1 2 3 4 5 6 7 8 9 10 11 12 13 14]] [1 [15 16 17 18 19 20 21 22 23 25 26 28 29]] [2 [30 31 32 33 34 35 36 37 38 39 40 41 42 43 44]] [3 [45 46 47 48 49 50 51 52 53 54 55 56 57 58 59]] [4 [60 61 62 63 64 65 66 67 68 69 70 71 72 73 74]] [5 [75 76 77 78 80 83 84 85 86 87 88 89]] [6 [90 91 92 93 94 95 96 97 98 99 100 101 102 103 104]] [7 [105 106 107 108 109 110 111 112 113 114 115 116 117 118 119]] [8 [120 121 122 123 124 125 126 127 128 129 130 131 132 133 134]] [9 [135 136 137 138 139 140 141 142 143 144 145 146 147 148 149]] [10 [150 151 152 153 154 155 156 157 158 159 160 161 162 163 164]] [11 [165 166 167 168 169 170 171 172 173 174 175 176 177 178 179]] [12 [180 181 182 183 184 185 186 187 188 189 190 191 192 193 194]] [13 [195 196 197 198 199 200 201 202 203 204 205 206 207 208 209]] [14 [210 211 212 213 214 215 216 217 218 219 220 221 222 223 224]] [15 [225 226 227 228 229 230 231 232 233 234 235 236 237 238 239]] [16 [240 241 242 243 244 245 246 247 248 249 250 251 252 253 254]] [17 [255 256 257 258 259 260 261 262 263 264 265 266 267 268 269]] [18 [270 271 272 273 274 275 276 277 278 279 280 281 282 283 284]] [19 [285 286 287 288 289 290 291 292 293 294 295 296 297 298 299]] [20 [300 301 302 303 304 305 306 307 309 310 311 312 313 314]] [21 [315 316 317 318 319 320 321 322 323 324 325 326 327 328 329]] [22 [330 331 332 333 334 335 336 337 338 339 340 341 342 343 344]] [23 [345 346 347 348 349 350 351 352 353 354 355 356 357 358 359]] [24 [360 361 362 363 364 365 366 367 368 369 370 371 372 373 374]] [25 [375 376 377 378 379 380 381 382 383 384 385 386 387 388 389]] [26 [390 391 392 393 394 395 396 397 398 399 400 401 402 403 404]] [27 [405 406 407 408 409 410 411 412 413 414 415 416 417 418 419]] [28 [420 421 422 423 424 425 426 427 428 429 430 431 432 433 434]] [29 [435 436 437 438 439 440 441 442 443 444 445 446 447 448 449]] [30 [450 451 452 453 454 455 456 457 458 459 460 461 462 463 464]] [31 [465 466 467 468 469 470 471 472 473 474 475 476 477 478 479]] [32 [480 481 482 483 484 485 486 487 488 489 490 491 492 493 494]] [33 [495 496 497 498 499 500 501 502 503 504 505 506 507 508 509]] [34 [510 511 512 513 514 515 516 517 519 520 521 522 523 524]] [35 [525 526 527 528 529 530 531 532 533 534 535 536 537 538 539]] [36 [540 541 542 543 544 545 546 547 548 549 550 551 552 553 554]] [37 [555 556 557 558 559 560 561 562 563 564 565 566 567 568 569]] [38 [570 571 572 573 574 575 576 577 578 579 580 581 582 583 584]] [39 [585 586 587 588 589 590 591 592 593 594 595 596 597 598 599]] [40 [600 601 602 603 604 605 606 607 608 609 610 611 612 613 614]] [41 [615 616 617 618 619 620 621 622 623 624 625 626 627 628 629]] [42 [630 631 632 633 634 635 636 637 638 639 640 641 642 643 644]] [43 [645 646 647 648 649 650 651 652 653 654 656 657 658 659]] [44 [660 661 662 663 664 665 666 667 668 669 670 671 672 673 674]] [45 [675 676 677 678 679 680 681 682 683 684 685 686 687 688 689]] [46 [690 691 692 693 694 695 696 697 698 699 700 701 702 703 704]] [47 [705 706 707 708 709 710 711 712 713 714 715 716 717 718 719]] [48 [720 721 722 723 724 725 726 727 728 729 730 731 732 733 734]] [49 [735 736 737 738 739 740 741 742 743 744 745 746 747 748 749]] [50 [750 751 752 753 754 755 756 757 758 759 760 761 762 763 764]] [51 [765 766 767 768 769 770 771 772 773 774 775 776 777 778 779]] [52 [780 781 782 783 784 785 786 787 788 789 790 791 792 793 794]] [53 [795 796 797 798 799 800 801 802 803 804 805 806 807 808 809]] [54 [810 811 812 813 814 815 816 817 818 819 820 821 822 823 824]] [55 [825 826 827 828 829 830 831 832 833 834 835 836 837 838 839]] [56 [840 841 842 843 844 845 846 847 848 849 850 851 852 853 854]] [57 [855 856 857 858 859 860 861 862 863 864 865 866 867 868 869]] [58 [870 871 872 873 874 875 876 877 878 879 880 881 882 883 884]] [59 [885 886 887 888 889 890 891 892 893 894 895 896 897 898 899]] [60 [900 901 902 903 904 905 906 907 908 909 910 911 912 913 914]] [61 [915 916 917 918 919 920 921 922 923 924 925 926 927 928 929]] [62 [930 931 932 933 934 935 936 937 938 939 940 941 942 943 944]] [63 [945 946 947 948 949 950 951 952 953 954 955 956 957 958 959]] [64 [960 961 962 963 964 965 966 967 968 969 970 971 972 973 974]] [65 [975 976 977 978 979 980 981 982 983 984 985 986 987 988 989]] [66 [990 991 992 993 994 996 997 998 999 1000 1001 1002 1003 1004]] [67 [1005 1006 1007 1008 1009 1010 1011 1012 1013 1014 1015 1016 1017 1018 1019]] [68 [1020 1022 1023 1024 1025 1026 1027 1028 1029 1030 1031 1032 1034]] [69 [1035 1036 1037 1038 1039 1040 1041 1042 1043 1044 1045 1046 1047 1048 1049]] [70 [1050 1051 1052 1053 1054 1055 1056 1057 1058 1059 1060 1061 1062 1063 1064]] [71 [1065 1066 1067 1068 1069 1070 1071 1072 1073 1074 1075 1076 1077 1078 1079]] [72 [1080 1081 1082 1083 1084 1085 1086 1087 1088 1089 1090 1091 1092 1093 1094]] [73 [1095 1096 1097 1098 1099 1100 1101 1102 1103 1104 1105 1106 1107 1108 1109]] [74 [1110 1111 1112 1113 1114 1115 1116 1117 1118 1119 1120 1121 1122 1123 1124]] [75 [1125 1126 1127 1128 1129 1130 1131 1132 1133 1134 1135 1136 1137 1138 1139]] [76 [1140 1141 1142 1143 1144 1145 1146 1147 1148 1149 1150 1151 1152 1153 1154]] [77 [1155 1156 1157 1159 1161 1162 1163 1164 1165 1166 1167 1168 1169]] [78 [1170 1171 1172 1173 1174 1175 1176 1177 1178 1179 1180 1181 1182 1183 1184]] [79 [1185 1186 1187 1188 1189 1190 1191 1192 1193 1194 1195 1196 1197 1198 1199]] [80 [1200 1201 1202 1203 1204 1205 1206 1207 1208 1209 1210 1211 1212 1213 1214]] [81 [1215 1216 1217 1218 1219 1220 1221 1222 1223 1224 1225 1226 1227 1229]] [82 [1230 1231 1232 1233 1234 1235 1236 1237 1238 1239 1240 1241 1242 1243 1244]] [83 [1245 1246 1247 1248 1249 1250 1251 1252 1253 1254 1255 1256 1257 1258 1259]] [84 [1260 1262 1263 1264 1265 1266 1267 1269 1270 1271 1272 1273 1274]] [85 [1275 1276 1277 1278 1279 1280 1281 1282 1283 1284 1285 1286 1287 1288 1289]] [86 [1290 1291 1292 1293 1294 1295 1296 1297 1298 1299 1300 1301 1302 1303 1304]] [87 [1305 1306 1307 1308 1309 1310 1311 1312 1313 1314 1315 1316 1317 1318 1319]] [88 [1320 1321 1322 1323 1324 1325 1326 1327 1328 1329 1330 1331 1332 1333 1334]] [89 [1335 1336 1337 1338 1339 1340 1341 1342 1343 1344 1345 1346 1347 1348 1349]] [90 [1350 1351 1352 1353 1354 1355 1356 1357 1358 1359 1360 1361 1362 1363 1364]] [91 [1365 1366 1367 1368 1369 1370 1371 1372 1373 1374 1375 1376 1377 1378 1379]] [92 [1380 1381 1382 1383 1384 1385 1386 1387 1388 1389 1390 1391 1392 1393 1394]] [93 [1395 1396 1397 1398 1399 1400 1401 1402 1403 1404 1405 1406 1407 1408 1409]] [94 [1410 1411 1412 1413 1414 1415 1416 1417 1418 1419 1420 1421 1422 1423 1424]] [95 [1425 1426 1427 1428 1429 1430 1431 1432 1433 1434 1435 1436 1437 1438 1439]] [96 [1440 1441 1442 1443 1444 1445 1446 1447 1448 1449 1450 1451 1452 1453 1454]] [97 [1455 1456 1457 1458 1459 1461 1462 1463 1464 1465 1466 1467 1468 1469]] [98 [1470 1471 1472 1473 1474 1475 1476 1477 1478 1479 1480 1481 1482 1483 1484]] [99 [1485 1486 1487 1488 1489 1491 1492 1493 1494 1495 1496 1497 1498 1499]]]","[[0 [1 2 3 4 6 7 8 9 10 12 13 14]] [1 [15 16 17 18 19 20 21 22 23 25 26 28 29]] [2 [30 32 33 34 35 37 38 39 40 41 42 43 44]] [3 [45 46 47 48 49 50 51 52 53 54 55 57 58 59]] [4 [61 62 63 64 65 66 67 68 69 70 71 72 73 74]] [5 [75 76 77 78 80 83 84 86 87 88 89]] [6 [90 91 93 94 95 97 98 99 100 102 103 104]] [7 [105 106 107 108 109 110 111 113 115 117 118 119]] [8 [120 121 122 123 124 125 126 127 128 131 132 133]] [9 [136 137 140 141 143 144 145 146 147 148 149]] [10 [150 151 152 154 156 157 158 159 160 161]] [11 [165 167 168 169 170 171 172 173 174 175 176 177 178 179]] [12 [180 181 182 183 186 187 188 189 190 191 192 193 194]] [13 [195 197 198 199 200 201 202 205 207 208 209]] [14 [210 211 212 213 214 215 216 217 219 220 221 222 223 224]] [15 [225 226 227 228 229 230 231 232 233 235 237 238 239]] [16 [240 241 242 243 246 247 248 253 254]] [17 [255 256 257 258 259 260 262 263 264 265 266 267 268 269]] [18 [270 271 274 276 277 278 279 280 281 282 283 284]] [19 [285 286 289 290 291 292 293 294 297 298 299]] [20 [301 302 303 304 305 306 307 309 310 311 312 313 314]] [21 [316 317 318 319 320 321 324 325 326 327 328 329]] [22 [330 331 332 333 335 338 339 340 341 342 343 344]] [23 [345 346 347 348 349 350 351 355 356 358 359]] [24 [360 361 362 363 364 365 366 367 368 370 371 372 373 374]] [25 [375 377 378 379 381 382 383 386 387 388 389]] [26 [390 391 392 393 395 398 399 400 401 402 403 404]] [27 [405 406 407 408 409 410 411 413 414 415 416 417 418 419]] [28 [420 421 422 424 425 426 427 429 430 431 432 433 434]] [29 [435 436 437 439 440 441 442 443 444 445 446 447 448]] [30 [450 451 452 453 454 455 456 457 458 459 463 464]] [31 [465 466 467 468 469 470 471 472 473 474 475 477 478 479]] [32 [480 481 482 485 486 487 488 489 490 491 494]] [33 [495 497 499 500 501 502 503 504 505 506 507 508]] [34 [510 511 512 513 514 515 516 517 520 521 522 523 524]] [35 [526 527 528 529 532 534 536 538 539]] [36 [540 542 543 544 546 547 548 549 550 551 552 553 554]] [37 [555 556 557 558 560 561 563 564 565 566 567 568 569]] [38 [570 572 573 574 575 576 577 578 579 581 582 583 584]] [39 [585 586 587 588 589 590 592 593 594 595 597 598 599]] [40 [600 601 602 603 604 605 606 608 609 610 613 614]] [41 [615 616 617 618 619 620 621 622 623 624 625 626 627 629]] [42 [630 632 633 634 635 636 637 639 640 642 643 644]] [43 [645 646 647 648 649 650 651 652 653 654 656 657 658 659]] [44 [660 661 662 663 665 666 667 668 669 670 671 672 673 674]] [45 [675 676 677 678 679 680 681 682 684 685]] [46 [690 691 692 693 694 695 696 697 700 701 702 703]] [47 [705 706 707 708 711 712 713 714 715 716 717 718 719]] [48 [720 721 722 724 725 726 727 728 729 730 731 732 733 734]] [49 [735 736 737 738 739 740 741 742 743 744 745 746 748]] [50 [750 752 753 754 755 756 757 759 760 761 762 763 764]] [51 [765 766 767 769 770 771 772 773 774 775 776 777 778 779]] [52 [780 781 782 785 786 788 789 790 791 792 793 794]] [53 [795 796 797 798 799 800 801 802 803 804 805 806]] [54 [811 812 813 814 815 817 819 820 821 822 824]] [55 [825 826 827 831 832 833 835 836 837 838 839]] [56 [841 842 843 844 845 847 848 849 851 852 853]] [57 [855 857 858 859 861 862 863 864 865 866 867 868 869]] [58 [870 871 873 874 875 877 878 880 881 882 883]] [59 [885 886 887 888 889 890 891 892 893 894 895 896 897 899]] [60 [901 902 903 904 905 906 909 910 911 913]] [61 [915 916 917 918 919 920 921 922 923 924 925 926 928 929]] [62 [930 931 932 933 934 935 936 937 938 939 940 941 942 944]] [63 [946 947 948 949 950 951 952 953 954 955 956 957 958 959]] [64 [960 962 963 964 965 967 968 969 970 971 972]] [65 [977 978 979 980 981 986 987 988 989]] [66 [990 991 992 993 994 996 997 998 999 1002 1003]] [67 [1005 1006 1007 1008 1009 1010 1011 1013 1014 1015 1016 1018 1019]] [68 [1020 1022 1023 1024 1025 1026 1030 1031 1032 1034]] [69 [1035 1036 1037 1039 1040 1042 1043 1044 1046 1047 1049]] [70 [1050 1051 1052 1053 1054 1055 1056 1057 1059 1060 1061 1062 1063]] [71 [1065 1066 1067 1068 1069 1070 1071 1073 1074 1075 1077 1078 1079]] [72 [1080 1081 1082 1083 1086 1087 1088 1089 1090 1091 1092 1093 1094]] [73 [1095 1096 1097 1098 1100 1101 1102 1104 1105 1106 1107 1108 1109]] [74 [1110 1111 1112 1114 1115 1116 1118 1120 1121 1122 1123 1124]] [75 [1125 1126 1127 1128 1129 1130 1131 1132 1133 1134 1137 1138 1139]] [76 [1142 1143 1144 1145 1146 1147 1148 1149 1150 1153 1154]] [77 [1156 1157 1159 1161 1162 1163 1164 1165 1166 1167 1168]] [78 [1170 1171 1172 1173 1174 1175 1176 1177 1178 1179 1180 1182 1183 1184]] [79 [1185 1186 1187 1190 1191 1195 1196 1197 1198 1199]] [80 [1200 1201 1202 1203 1205 1206 1207 1208 1209 1210 1211 1212 1214]] [81 [1218 1219 1220 1221 1222 1223 1224 1225 1226 1227 1229]] [82 [1230 1231 1232 1233 1234 1235 1236 1240 1241 1242 1243 1244]] [83 [1246 1247 1248 1250 1251 1252 1254 1255 1256 1257 1258 1259]] [84 [1262 1263 1265 1266 1267 1269 1270 1271 1272 1273 1274]] [85 [1275 1276 1277 1278 1279 1281 1282 1283 1284 1286 1287]] [86 [1290 1291 1292 1293 1295 1296 1297 1300 1301 1303 1304]] [87 [1305 1307 1308 1309 1311 1312 1314 1315 1316 1317 1318 1319]] [88 [1320 1321 1322 1323 1324 1326 1327 1328 1329 1330 1331 1333]] [89 [1336 1337 1338 1339 1340 1341 1342 1343 1344 1345 1346 1347 1348 1349]] [90 [1350 1351 1352 1353 1355 1356 1357 1358 1359 1360 1361 1362 1364]] [91 [1365 1366 1367 1369 1370 1371 1372 1373 1374 1376 1379]] [92 [1380 1381 1383 1384 1386 1387 1388 1389 1390 1391 1392 1393 1394]] [93 [1395 1396 1397 1398 1399 1400 1401 1402 1403 1405 1406 1408 1409]] [94 [1410 1412 1413 1414 1416 1417 1418 1419 1420 1421 1422 1423 1424]] [95 [1425 1426 1427 1428 1429 1430 1431 1432 1433 1435 1436 1437 1438 1439]] [96 [1440 1441 1442 1443 1445 1446 1447 1448 1449 1451 1452 1453 1454]] [97 [1455 1457 1458 1459 1462 1463 1464 1465 1466 1467 1468 1469]] [98 [1470 1471 1472 1473 1475 1476 1477 1478 1479 1480 1482 1483 1484]] [99 [1485 1486 1487 1488 1489 1491 1492 1493 1494 1495 1496 1497 1498 1499]]]",,"[[{media 50} [[""A"" [4 4 4 4 4 4 4 4 4 4]]]] [{media 51} [[""A"" [3 3 3 3 3 3 3 3 3 3]]]] [{media 52} [[""A"" [4 4 4 4 4 4 4 4 4 4]]]] [{media 53} [[""A"" [3 3 3 3 3 3 3 3 3 3]]]] [{media 54} [[""A"" [4 4 4 4 4 4 4 4 4 4]]]] [{media 56} [[""A"" [3 3 3 3 3 3 3 3 3 3]]]] [{media 57} [[""A"" [3 3 3 3 3 3 3 3 3 3]]]] [{media 58} [[""A"" [4 4 4 4 4 4 4 4 4 4]]]] [{media 59} [[""A"" [2 2 2 2 2 2 2 2 2 2]]]] [{media 61} [[""A"" [3 3 3 3 3 3 3 3 3 3]]]] [{media 62} [[""A"" [2 2 2 2 2 2 2 2 2 2]]]] [{media 63} [[""A"" [4 4 4 4 4 4 4 4 4 4]]]] [{media 64} [[""A"" [2 2 2 2 2 2 2 2 2 2]]]] [{media 60} [[""A"" [5 5 5 5 5 5 5 5 5 5]]]] [{citizen 11} [[""A"" [2 2 3 4 4 2 3 4 5 4]]]] [{citizen 10} [[""A"" [2 3 5 3 2 2 3 4 5 4]]]] [{citizen 0} [[""A"" [2 5 3 3 2 2 3 4 3 5]]]] [{citizen 1} [[""A"" [2 2 2 3 3 4 4 3 4 4]]]] [{citizen 6} [[""A"" [4 2 3 4 3 3 3 4 2 4]]]] [{media 55} [[""A"" [5 5 5 5 5 5 5 5 5 5]]]] [{citizen 2} [[""A"" [3 5 3 2 3 4 3 2 5 4]]]] [{citizen 4} [[""A"" [5 3 2 2 3 3 4 3 4 4]]]] [{citizen 13} [[""A"" [3 2 2 3 4 4 2 3 4 4]]]] [{citizen 21} [[""A"" [4 3 2 2 3 3 4 4 4 4]]]] [{citizen 7} [[""A"" [3 2 2 2 3 3 4 4 4 4]]]] [{citizen 31} [[""A"" [5 3 2 4 3 4 4 2 3 4]]]] [{citizen 39} [[""A"" [5 3 3 2 2 3 4 4 2 4]]]] [{citizen 5} [[""A"" [3 3 2 2 2 3 3 4 3 4]]]] [{citizen 44} [[""A"" [3 2 2 3 3 4 4 3 5 4]]]] [{citizen 28} [[""A"" [4 2 3 5 3 2 2 3 4 4]]]] [{citizen 24} [[""A"" [3 4 5 5 3 2 2 3 4 3]]]] [{citizen 37} [[""A"" [3 5 3 2 2 3 4 4 3 4]]]] [{citizen 17} [[""A"" [4 4 4 3 2 3 2 3 5 4]]]] [{citizen 30} [[""A"" [3 4 3 2 2 3 3 4 4 4]]]] [{citizen 3} [[""A"" [5 5 3 2 3 3 4 2 3 4]]]] [{citizen 27} [[""A"" [4 2 3 4 3 3 3 3 4 4]]]] [{citizen 12} [[""A"" [3 5 2 3 3 3 4 4 2 3]]]] [{citizen 16} [[""A"" [4 3 5 5 3 3 4 4 5 4]]]] [{citizen 49} [[""A"" [2 4 3 4 3 2 3 4 3 5]]]] [{citizen 8} [[""A"" [4 3 3 5 3 2 3 4 3 4]]]] [{citizen 22} [[""A"" [3 4 4 3 2 2 2 4 4 4]]]] [{citizen 33} [[""A"" [4 3 3 2 2 3 4 2 4 4]]]] [{citizen 35} [[""A"" [4 3 2 2 4 2 3 4 5 4]]]] [{citizen 19} [[""A"" [4 4 2 2 2 3 4 4 4 4]]]] [{citizen 25} [[""A"" [4 4 2 5 3 3 3 4 3 4]]]] [{citizen 9} [[""A"" [5 3 3 2 4 3 4 2 3 4]]]] [{citizen 41} [[""A"" [3 5 4 5 2 4 4 2 3 4]]]] [{citizen 46} [[""A"" [5 4 3 2 2 3 2 3 4 4]]]] [{citizen 40} [[""A"" [4 4 4 3 4 3 3 2 3 4]]]] [{citizen 38} [[""A"" [3 4 5 4 5 3 2 4 2 4]]]] [{citizen 36} [[""A"" [4 2 2 3 3 4 4 3 5 4]]]] [{citizen 47} [[""A"" [4 4 4 3 2 2 4 3 3 4]]]] [{citizen 43} [[""A"" [5 5 3 2 2 3 4 4 4 4]]]] [{citizen 45} [[""A"" [5 4 3 2 2 2 3 3 4 4]]]] [{citizen 42} [[""A"" [5 3 3 2 2 4 3 4 4 5]]]] [{citizen 15} [[""A"" [2 5 5 3 2 2 2 2 4 4]]]] [{citizen 32} [[""A"" [5 5 3 2 3 3 4 3 4 4]]]] [{citizen 23} [[""A"" [2 2 4 4 3 4 2 3 5 4]]]] [{citizen 18} [[""A"" [4 3 4 3 5 3 2 3 3 4]]]] [{citizen 14} [[""A"" [3 2 2 2 4 3 4 3 4 4]]]] [{citizen 48} [[""A"" [5 4 3 3 2 3 4 3 4 4]]]] [{citizen 26} [[""A"" [4 5 4 3 3 2 2 3 3 4]]]] [{citizen 29} [[""A"" [4 5 3 2 3 4 4 2 5 4]]]] [{citizen 34} [[""A"" [3 2 2 4 3 3 4 2 3 4]]]]]"
"21","[85 0 170]","290.204081632653","-5.9375712004600905","2.1830149602441966","""circle""","""""","9.9","{breed citizens}","false","0.5","1","""up""",,"[[""ID"" 21] [""alpha"" 1] [""beta"" 1] [""malleable"" [""A""]] [""prior"" []] [""cont_tokens"" []] [""A"" 4]]","[[0 [0 1 2 3 4 5 6 7 8 9 10 11 12 13 14]] [1 [15 16 17 18 19 20 21 22 23 25 26 28 29]] [2 [30 31 32 33 34 35 36 37 38 39 40 41 42 43 44]] [3 [45 46 47 48 49 50 51 52 53 54 55 56 57 58 59]] [4 [60 61 62 63 64 65 66 67 68 69 70 71 72 73 74]] [5 [75 76 77 78 80 83 84 85 86 87 88 89]] [6 [90 91 92 93 94 95 96 97 98 99 100 101 102 103 104]] [7 [105 106 107 108 109 110 111 112 113 114 115 116 117 118 119]] [8 [120 121 122 123 124 125 126 127 128 129 130 131 132 133 134]] [9 [135 136 137 138 139 140 141 142 143 144 145 146 147 148 149]] [10 [150 151 152 153 154 155 156 157 158 159 160 161 162 163 164]] [11 [165 166 167 168 169 170 171 172 173 174 175 176 177 178 179]] [12 [180 181 182 183 184 185 186 187 188 189 190 191 192 193 194]] [13 [195 196 197 198 199 200 201 202 203 204 205 206 207 208 209]] [14 [210 211 212 213 214 215 216 217 218 219 220 221 222 223 224]] [15 [225 226 227 228 229 230 231 232 233 234 235 236 237 238 239]] [16 [240 241 242 243 244 245 246 247 248 249 250 251 252 253 254]] [17 [255 256 257 258 259 260 261 262 263 264 265 266 267 268 269]] [18 [270 271 272 273 274 275 276 277 278 279 280 281 282 283 284]] [19 [285 286 287 288 289 290 291 292 293 294 295 296 297 298 299]] [20 [300 301 302 303 304 305 306 307 309 310 311 312 313 314]] [21 [315 316 317 318 319 320 321 322 323 324 325 326 327 328 329]] [22 [330 331 332 333 334 335 336 337 338 339 340 341 342 343 344]] [23 [345 346 347 348 349 350 351 352 353 354 355 356 357 358 359]] [24 [360 361 362 363 364 365 366 367 368 369 370 371 372 373 374]] [25 [375 376 377 378 379 380 381 382 383 384 385 386 387 388 389]] [26 [390 391 392 393 394 395 396 397 398 399 400 401 402 403 404]] [27 [405 406 407 408 409 410 411 412 413 414 415 416 417 418 419]] [28 [420 421 422 423 424 425 426 427 428 429 430 431 432 433 434]] [29 [435 436 437 438 439 440 441 442 443 444 445 446 447 448 449]] [30 [450 451 452 453 454 455 456 457 458 459 460 461 462 463 464]] [31 [465 466 467 468 469 470 471 472 473 474 475 476 477 478 479]] [32 [480 481 482 483 484 485 486 487 488 489 490 491 492 493 494]] [33 [495 496 497 498 499 500 501 502 503 504 505 506 507 508 509]] [34 [510 511 512 513 514 515 516 517 519 520 521 522 523 524]] [35 [525 526 527 528 529 530 531 532 533 534 535 536 537 538 539]] [36 [540 541 542 543 544 545 546 547 548 549 550 551 552 553 554]] [37 [555 556 557 558 559 560 561 562 563 564 565 566 567 568 569]] [38 [570 571 572 573 574 575 576 577 578 579 580 581 582 583 584]] [39 [585 586 587 588 589 590 591 592 593 594 595 596 597 598 599]] [40 [600 601 602 603 604 605 606 607 608 609 610 611 612 613 614]] [41 [615 616 617 618 619 620 621 622 623 624 625 626 627 628 629]] [42 [630 631 632 633 634 635 636 637 638 639 640 641 642 643 644]] [43 [645 646 647 648 649 650 651 652 653 654 656 657 658 659]] [44 [660 661 662 663 664 665 666 667 668 669 670 671 672 673 674]] [45 [675 676 677 678 679 680 681 682 683 684 685 686 687 688 689]] [46 [690 691 692 693 694 695 696 697 698 699 700 701 702 703 704]] [47 [705 706 707 708 709 710 711 712 713 714 715 716 717 718 719]] [48 [720 721 722 723 724 725 726 727 728 729 730 731 732 733 734]] [49 [735 736 737 738 739 740 741 742 743 744 745 746 747 748 749]] [50 [750 751 752 753 754 755 756 757 758 759 760 761 762 763 764]] [51 [765 766 767 768 769 770 771 772 773 774 775 776 777 778 779]] [52 [780 781 782 783 784 785 786 787 788 789 790 791 792 793 794]] [53 [795 796 797 798 799 800 801 802 803 804 805 806 807 808 809]] [54 [810 811 812 813 814 815 816 817 818 819 820 821 822 823 824]] [55 [825 826 827 828 829 830 831 832 833 834 835 836 837 838 839]] [56 [840 841 842 843 844 845 846 847 848 849 850 851 852 853 854]] [57 [855 856 857 858 859 860 861 862 863 864 865 866 867 868 869]] [58 [870 871 872 873 874 875 876 877 878 879 880 881 882 883 884]] [59 [885 886 887 888 889 890 891 892 893 894 895 896 897 898 899]] [60 [900 901 902 903 904 905 906 907 908 909 910 911 912 913 914]] [61 [915 916 917 918 919 920 921 922 923 924 925 926 927 928 929]] [62 [930 931 932 933 934 935 936 937 938 939 940 941 942 943 944]] [63 [945 946 947 948 949 950 951 952 953 954 955 956 957 958 959]] [64 [960 961 962 963 964 965 966 967 968 969 970 971 972 973 974]] [65 [975 976 977 978 979 980 981 982 983 984 985 986 987 988 989]] [66 [990 991 992 993 994 996 997 998 999 1000 1001 1002 1003 1004]] [67 [1005 1006 1007 1008 1009 1010 1011 1012 1013 1014 1015 1016 1017 1018 1019]] [68 [1020 1022 1023 1024 1025 1026 1027 1028 1029 1030 1031 1032 1034]] [69 [1035 1036 1037 1038 1039 1040 1041 1042 1043 1044 1045 1046 1047 1048 1049]] [70 [1050 1051 1052 1053 1054 1055 1056 1057 1058 1059 1060 1061 1062 1063 1064]] [71 [1065 1066 1067 1068 1069 1070 1071 1072 1073 1074 1075 1076 1077 1078 1079]] [72 [1080 1081 1082 1083 1084 1085 1086 1087 1088 1089 1090 1091 1092 1093 1094]] [73 [1095 1096 1097 1098 1099 1100 1101 1102 1103 1104 1105 1106 1107 1108 1109]] [74 [1110 1111 1112 1113 1114 1115 1116 1117 1118 1119 1120 1121 1122 1123 1124]] [75 [1125 1126 1127 1128 1129 1130 1131 1132 1133 1134 1135 1136 1137 1138 1139]] [76 [1140 1141 1142 1143 1144 1145 1146 1147 1148 1149 1150 1151 1152 1153 1154]] [77 [1155 1156 1157 1159 1161 1162 1163 1164 1165 1166 1167 1168 1169]] [78 [1170 1171 1172 1173 1174 1175 1176 1177 1178 1179 1180 1181 1182 1183 1184]] [79 [1185 1186 1187 1188 1189 1190 1191 1192 1193 1194 1195 1196 1197 1198 1199]] [80 [1200 1201 1202 1203 1204 1205 1206 1207 1208 1209 1210 1211 1212 1213 1214]] [81 [1215 1216 1217 1218 1219 1220 1221 1222 1223 1224 1225 1226 1227 1228 1229]] [82 [1230 1231 1232 1233 1234 1235 1236 1237 1238 1239 1240 1241 1242 1243 1244]] [83 [1245 1246 1247 1248 1249 1250 1251 1252 1253 1254 1255 1256 1257 1258 1259]] [84 [1260 1262 1263 1264 1265 1266 1267 1269 1270 1271 1272 1273 1274]] [85 [1275 1276 1277 1278 1279 1280 1281 1282 1283 1284 1285 1286 1287 1288 1289]] [86 [1290 1291 1292 1293 1294 1295 1296 1297 1299 1300 1301 1302 1303 1304]] [87 [1305 1306 1307 1308 1309 1310 1311 1312 1313 1314 1315 1316 1317 1318 1319]] [88 [1320 1321 1322 1323 1324 1325 1326 1327 1328 1329 1330 1331 1332 1333 1334]] [89 [1335 1336 1337 1338 1339 1340 1341 1342 1343 1344 1345 1346 1347 1348 1349]] [90 [1350 1351 1352 1353 1354 1355 1356 1357 1358 1359 1360 1361 1362 1363 1364]] [91 [1365 1366 1367 1368 1369 1370 1371 1372 1373 1374 1375 1376 1377 1378 1379]] [92 [1380 1381 1382 1383 1384 1385 1386 1387 1388 1389 1390 1391 1392 1393 1394]] [93 [1395 1396 1397 1398 1399 1400 1401 1402 1403 1404 1405 1406 1407 1408 1409]] [94 [1410 1411 1412 1413 1414 1415 1416 1417 1418 1419 1420 1421 1422 1423 1424]] [95 [1425 1426 1427 1428 1429 1430 1431 1432 1433 1434 1435 1436 1437 1438 1439]] [96 [1440 1441 1442 1443 1444 1445 1446 1447 1448 1449 1450 1451 1452 1453 1454]] [97 [1455 1456 1457 1458 1459 1461 1462 1463 1464 1465 1466 1467 1468 1469]] [98 [1470 1471 1472 1473 1474 1475 1476 1477 1478 1479 1480 1481 1482 1483 1484]] [99 [1485 1486 1487 1488 1489 1491 1492 1493 1494 1495 1496 1497 1498 1499]]]","[[0 [0 1 2 3 4 5 7 8 9 11 12 13 14]] [1 [15 16 17 18 19 20 21 22 23 25 26 28 29]] [2 [31 33 34 35 36 37 38 39 40 41 42 43 44]] [3 [45 46 47 48 49 50 51 52 54 56 57 58]] [4 [60 61 62 63 64 65 66 67 68 69 70 71 72 73 74]] [5 [75 76 77 78 80 83 84 85 86 87 88 89]] [6 [90 91 92 94 95 97 98 99 100 101 104]] [7 [105 106 107 108 109 110 111 113 114 116 118]] [8 [120 121 122 123 124 125 126 127 128 131 132 133]] [9 [136 137 140 141 142 143 144 145 146 147]] [10 [150 151 153 154 156 158 159 160 161]] [11 [165 167 168 169 170 171 172 173 174 177 178 179]] [12 [180 181 182 183 184 185 186 187 188 189 190 191 193 194]] [13 [195 196 197 198 199 200 201 202 203 204 205 207 208 209]] [14 [210 211 212 213 214 215 216 217 218 219 220 221 222 223 224]] [15 [225 226 227 228 230 231 232 233 235 237 238 239]] [16 [241 242 243 244 245 247 248 252 253 254]] [17 [255 256 257 258 259 260 262 263 264 265 266 267 268 269]] [18 [270 271 272 273 275 276 277 278 279 281 282 283 284]] [19 [285 287 288 289 290 291 292 293 295 296 298 299]] [20 [301 302 303 304 305 306 309 310 313]] [21 [315 316 317 318 319 320 321 324 325 326 327 328 329]] [22 [330 331 332 333 335 336 337 339 340 341 342 343]] [23 [346 349 350 351 354 355 356 357 358 359]] [24 [360 361 362 363 364 365 366 367 368 369 370 372 373]] [25 [376 378 379 380 381 382 383 384 385 386 387 388 389]] [26 [392 393 394 396 397 398 399 400 401 402 404]] [27 [405 406 407 408 409 410 411 412 413 415 416 417 418]] [28 [421 422 424 425 426 427 429 430 431 432 433 434]] [29 [435 436 437 440 441 442 443 444 445 446 447 448 449]] [30 [450 451 452 453 454 455 456 457 458 459 460 461 462 464]] [31 [465 466 467 468 469 470 471 472 473 474 475 477]] [32 [480 481 482 485 486 487 488 489 490 492 493 494]] [33 [495 496 498 499 500 501 502 503 504 505 506 507 508]] [34 [510 511 512 513 514 515 516 517 520 521 522 524]] [35 [526 527 528 529 530 531 532 533 534 535 537 538 539]] [36 [541 542 543 544 546 547 548 549 550 551 552 553 554]] [37 [555 556 557 558 559 562 563 564 565 566 567 568 569]] [38 [570 571 572 573 574 575 576 577 578 579 581 582 583 584]] [39 [585 586 587 588 589 590 592 593 594 596 597 598 599]] [40 [600 601 603 604 605 607 608 609 610 611 612 614]] [41 [615 616 617 618 619 620 621 622 623 625 626 627 628 629]] [42 [630 632 633 634 635 636 637 638 640 642 643 644]] [43 [647 648 650 651 652 653 654 656 657]] [44 [660 661 662 663 665 666 667 669 670 671 672 673 674]] [45 [675 676 677 678 679 680 681 682 684 685]] [46 [690 691 692 693 694 695 696 697 698 699 700 701 702 703 704]] [47 [707 708 711 712 713 714 715 716 717 718 719]] [48 [720 722 723 725 726 727 728 729 730 731 732 733 734]] [49 [735 736 737 738 739 740 741 742 743 744 745 746 748]] [50 [750 751 752 753 754 755 758 759 760 761 762 763 764]] [51 [765 766 767 773 774 775 776 777 778 779]] [52 [780 781 782 785 786 789 790 791 792 793 794]] [53 [795 796 797 798 799 800 801 802 803 804 805 806]] [54 [810 811 812 813 814 815 816 817 820 821 822 823 824]] [55 [825 826 827 830 831 832 833 834 835 837 838 839]] [56 [841 842 843 844 845 846 847 848 849 851 852 853]] [57 [855 856 857 858 859 860 861 862 863 864 865 866 867 868 869]] [58 [870 871 872 873 874 875 877 878 880 881 882 883]] [59 [885 886 887 888 889 890 891 892 893 896 898]] [60 [900 901 902 903 904 905 906 909 910 911 913]] [61 [916 917 918 919 920 921 922 924 925 926 928 929]] [62 [930 931 932 933 934 935 936 937 938 939 941 942 944]] [63 [946 947 948 949 950 951 952 954 955 956 957 958 959]] [64 [960 963 964 965 966 967 968 969 971 972]] [65 [977 979 980 981 984 985 986 987 988 989]] [66 [991 992 993 994 996 997 998 999 1002 1003 1004]] [67 [1005 1006 1007 1008 1009 1010 1011 1013 1014 1015 1016 1018 1019]] [68 [1020 1022 1023 1026 1028 1029 1031 1032 1034]] [69 [1035 1037 1039 1040 1041 1042 1043 1044 1045 1048 1049]] [70 [1050 1051 1052 1053 1054 1055 1056 1057 1059 1060 1061 1062 1063 1064]] [71 [1065 1066 1067 1068 1069 1070 1072 1073 1074 1075 1076 1079]] [72 [1080 1081 1082 1084 1085 1090 1094]] [73 [1095 1096 1097 1098 1100 1101 1103 1104 1105 1106 1107 1108 1109]] [74 [1110 1111 1112 1114 1115 1116 1118 1120 1121 1122 1123 1124]] [75 [1125 1126 1127 1128 1129 1130 1131 1132 1133 1134 1136 1137 1138 1139]] [76 [1142 1143 1144 1145 1146 1147 1148 1149 1150 1152 1153 1154]] [77 [1156 1157 1159 1161 1162 1163 1164 1165 1166 1167 1168]] [78 [1170 1171 1172 1175 1176 1177 1178 1179 1180 1181 1182 1183 1184]] [79 [1185 1186 1187 1189 1190 1191 1192 1193 1194 1195 1196 1197 1198 1199]] [80 [1201 1202 1203 1204 1205 1206 1207 1208 1209 1210 1211 1213]] [81 [1215 1216 1217 1220 1221 1222 1224 1225 1226 1227 1229]] [82 [1230 1231 1232 1233 1234 1235 1236 1240 1241 1242 1243]] [83 [1245 1246 1247 1249 1250 1251 1252 1254 1255 1256 1257 1258 1259]] [84 [1260 1263 1265 1266 1267 1270 1271 1272 1273 1274]] [85 [1275 1276 1277 1278 1279 1282 1283 1284 1285 1286 1287 1288 1289]] [86 [1291 1292 1294 1295 1296 1297 1299 1300 1301]] [87 [1306 1307 1308 1309 1310 1311 1312 1314 1315 1316 1317 1318 1319]] [88 [1320 1321 1323 1324 1325 1326 1327 1328 1329 1330 1331 1332 1333 1334]] [89 [1336 1337 1338 1339 1340 1341 1342 1343 1344 1345 1346 1347 1348 1349]] [90 [1350 1352 1353 1355 1356 1357 1358 1359 1360 1361 1362 1364]] [91 [1365 1366 1367 1369 1370 1371 1372 1373 1374 1375 1376 1377 1378]] [92 [1381 1382 1383 1384 1386 1387 1388 1389 1390 1391 1392 1393 1394]] [93 [1395 1396 1397 1398 1400 1401 1403 1404 1405 1406 1407 1408 1409]] [94 [1410 1412 1413 1414 1416 1417 1418 1419 1420 1421 1422]] [95 [1425 1426 1427 1431 1432 1433 1434 1436 1437 1438 1439]] [96 [1441 1442 1443 1444 1445 1446 1447 1448 1449 1451 1452 1453 1454]] [97 [1455 1456 1457 1458 1459 1461 1462 1464 1465 1466 1467 1468 1469]] [98 [1470 1471 1472 1473 1474 1476 1477 1478 1479 1480 1482 1483 1484]] [99 [1485 1486 1487 1488 1489 1491 1492 1493 1494 1496 1497 1498 1499]]]",,"[[{citizen 34} [[""A"" [3 2 4 3 4 3 2 3 5 4]]]] [{media 50} [[""A"" [4 4 4 4 4 4 4 4 4 4]]]] [{media 51} [[""A"" [3 3 3 3 3 3 3 3 3 3]]]] [{media 52} [[""A"" [4 4 4 4 4 4 4 4 4 4]]]] [{media 53} [[""A"" [3 3 3 3 3 3 3 3 3 3]]]] [{media 54} [[""A"" [4 4 4 4 4 4 4 4 4 4]]]] [{media 55} [[""A"" [5 5 5 5 5 5 5 5 5 5]]]] [{media 56} [[""A"" [3 3 3 3 3 3 3 3 3 3]]]] [{media 57} [[""A"" [3 3 3 3 3 3 3 3 3 3]]]] [{media 58} [[""A"" [4 4 4 4 4 4 4 4 4 4]]]] [{media 59} [[""A"" [2 2 2 2 2 2 2 2 2 2]]]] [{media 60} [[""A"" [5 5 5 5 5 5 5 5 5 5]]]] [{media 61} [[""A"" [3 3 3 3 3 3 3 3 3 3]]]] [{media 62} [[""A"" [2 2 2 2 2 2 2 2 2 2]]]] [{media 63} [[""A"" [4 4 4 4 4 4 4 4 4 4]]]] [{media 64} [[""A"" [2 2 2 2 2 2 2 2 2 2]]]] [{citizen 9} [[""A"" [5 3 3 2 4 3 3 4 2 3]]]] [{citizen 1} [[""A"" [3 3 2 3 3 4 3 4 3 4]]]] [{citizen 0} [[""A"" [3 3 4 3 3 3 3 4 3 5]]]] [{citizen 4} [[""A"" [3 4 3 3 2 3 3 3 3 4]]]] [{citizen 2} [[""A"" [3 3 3 2 4 3 2 3 5 4]]]] [{citizen 13} [[""A"" [3 4 3 3 2 2 3 4 2 3]]]] [{citizen 28} [[""A"" [4 3 3 3 2 2 3 4 3 4]]]] [{citizen 38} [[""A"" [3 3 4 3 3 3 4 2 5 4]]]] [{citizen 44} [[""A"" [4 3 3 2 3 4 4 3 5 4]]]] [{citizen 22} [[""A"" [3 3 4 3 3 2 4 3 4 3]]]] [{citizen 49} [[""A"" [3 4 3 3 2 3 4 3 3 5]]]] [{citizen 12} [[""A"" [4 5 3 3 3 3 3 4 3 5]]]] [{citizen 36} [[""A"" [3 3 2 3 4 3 4 3 5 4]]]] [{citizen 10} [[""A"" [5 3 3 3 2 4 3 3 5 4]]]] [{citizen 31} [[""A"" [4 5 3 3 2 4 4 4 2 3]]]] [{citizen 47} [[""A"" [4 3 3 2 2 4 3 3 3 5]]]] [{citizen 5} [[""A"" [4 5 3 3 3 2 3 3 4 3]]]] [{citizen 39} [[""A"" [3 3 3 3 3 4 4 2 3 4]]]] [{citizen 11} [[""A"" [4 3 2 2 3 4 4 2 3 5]]]] [{citizen 40} [[""A"" [4 4 3 4 3 3 3 3 3 4]]]] [{citizen 6} [[""A"" [4 3 4 3 2 3 4 3 2 3]]]] [{citizen 37} [[""A"" [5 3 3 3 2 2 4 4 3 5]]]] [{citizen 19} [[""A"" [3 2 2 4 3 4 3 4 5 4]]]] [{citizen 25} [[""A"" [4 4 3 3 3 3 3 3 4 3]]]] [{citizen 17} [[""A"" [4 3 3 3 2 3 2 3 5 4]]]] [{citizen 41} [[""A"" [3 5 4 2 4 3 4 2 3 4]]]] [{citizen 24} [[""A"" [4 3 4 3 3 3 2 3 3 5]]]] [{citizen 3} [[""A"" [3 5 3 3 2 3 3 4 2 3]]]] [{citizen 43} [[""A"" [3 3 3 2 4 3 4 3 4 4]]]] [{citizen 45} [[""A"" [3 5 3 3 3 2 3 3 4 4]]]] [{citizen 42} [[""A"" [4 3 3 3 2 4 3 4 3 5]]]] [{citizen 8} [[""A"" [4 3 3 3 3 3 3 4 3 4]]]] [{citizen 33} [[""A"" [3 2 2 2 4 3 2 3 4 5]]]] [{citizen 7} [[""A"" [4 3 3 2 3 4 4 3 4 5]]]] [{citizen 30} [[""A"" [3 2 2 3 3 4 3 3 4 5]]]] [{citizen 32} [[""A"" [3 4 3 3 3 3 4 3 3 5]]]] [{citizen 23} [[""A"" [3 3 2 4 3 3 4 2 3 5]]]] [{citizen 15} [[""A"" [3 3 2 2 2 4 3 2 3 5]]]] [{citizen 27} [[""A"" [3 4 4 2 3 4 3 3 3 3]]]] [{citizen 16} [[""A"" [3 3 4 3 4 3 3 4 5 4]]]] [{citizen 18} [[""A"" [4 3 4 3 3 3 2 2 3 4]]]] [{citizen 46} [[""A"" [3 3 3 2 3 3 2 3 4 4]]]] [{citizen 14} [[""A"" [4 3 3 3 2 2 4 3 3 4]]]] [{citizen 20} [[""A"" [3 4 3 3 2 4 3 3 3 5]]]] [{citizen 29} [[""A"" [4 3 3 3 2 3 4 2 3 5]]]] [{citizen 35} [[""A"" [3 3 2 2 4 2 3 4 5 4]]]] [{citizen 48} [[""A"" [3 3 3 2 4 4 3 3 5 4]]]] [{citizen 26} [[""A"" [3 4 4 3 3 3 2 3 3 3]]]]]"
"22","[85 0 170]","297.55102040816325","-5.607533216881166","3.493120576170023","""circle""","""""","9.9","{breed citizens}","false","0.5","1","""up""",,"[[""ID"" 22] [""alpha"" 1] [""beta"" 1] [""malleable"" [""A""]] [""prior"" []] [""cont_tokens"" []] [""A"" 4]]","[[0 [1 2 3 4 5 6 7 8 9 10 11 12 13 14]] [1 [15 16 17 18 19 20 21 22 23 25 26 28 29]] [2 [30 31 32 33 34 35 36 37 38 39 40 41 42 43 44]] [3 [45 46 47 48 49 50 51 52 53 54 55 56 57 58 59]] [4 [60 61 62 63 64 65 66 67 68 69 70 71 72 73 74]] [5 [75 76 77 78 80 83 84 85 86 87 88 89]] [6 [90 91 92 93 94 95 96 97 98 99 100 101 102 103 104]] [7 [105 106 107 108 109 110 111 112 113 114 115 116 117 118 119]] [8 [120 121 122 123 124 125 126 127 128 129 130 131 132 133 134]] [9 [135 136 137 138 139 140 141 142 143 144 145 146 147 148 149]] [10 [150 151 152 153 154 155 156 157 158 159 160 161 162 163 164]] [11 [165 166 167 168 169 170 171 172 173 174 175 176 177 178 179]] [12 [180 181 182 183 184 185 186 187 188 189 190 191 192 193 194]] [13 [195 196 197 198 199 200 201 202 203 204 205 206 207 208 209]] [14 [210 211 212 213 214 215 216 217 218 219 220 221 222 223 224]] [15 [225 226 227 228 229 230 231 232 233 234 235 236 237 238 239]] [16 [240 241 242 243 244 245 246 247 248 249 250 251 252 253 254]] [17 [255 256 257 258 259 260 261 262 263 264 265 266 267 268 269]] [18 [270 271 272 273 274 275 276 277 278 279 280 281 282 283 284]] [19 [285 286 287 288 289 290 291 292 293 294 295 296 297 298 299]] [20 [300 301 302 303 304 305 306 307 309 310 311 312 313 314]] [21 [315 316 317 318 319 320 321 322 323 324 325 326 327 328 329]] [22 [330 331 332 333 334 335 336 337 338 339 340 341 342 343 344]] [23 [345 346 347 348 349 350 351 352 353 354 355 356 357 358 359]] [24 [360 361 362 363 364 365 366 367 368 369 370 371 372 373 374]] [25 [375 376 377 378 379 380 381 382 383 384 385 386 387 388 389]] [26 [390 391 392 393 394 395 396 397 398 399 400 401 402 403 404]] [27 [405 406 407 408 409 410 411 412 413 414 415 416 417 418 419]] [28 [420 421 422 423 424 425 426 427 428 429 430 431 432 433 434]] [29 [435 436 437 438 439 440 441 442 443 444 445 446 447 448 449]] [30 [450 451 452 453 454 455 456 457 458 459 460 461 462 463 464]] [31 [465 466 467 468 469 470 471 472 473 474 475 476 477 478 479]] [32 [480 481 482 483 484 485 486 487 488 489 490 491 492 493 494]] [33 [495 496 497 498 499 500 501 502 503 504 505 506 507 508 509]] [34 [510 511 512 513 514 515 516 517 519 520 521 522 523 524]] [35 [525 526 527 528 529 530 531 532 533 534 535 536 537 538 539]] [36 [540 541 542 543 544 545 546 547 548 549 550 551 552 553 554]] [37 [555 556 557 558 559 560 561 562 563 564 565 566 567 568 569]] [38 [570 571 572 573 574 575 576 577 578 579 580 581 582 583 584]] [39 [585 586 587 588 589 590 591 592 593 594 595 596 597 598 599]] [40 [600 601 602 603 604 605 606 607 608 609 610 611 612 613 614]] [41 [615 616 617 618 619 620 621 622 623 624 625 626 627 628 629]] [42 [630 631 632 633 634 635 636 637 638 639 640 641 642 643 644]] [43 [645 646 647 648 649 650 651 652 653 654 656 657 658 659]] [44 [660 661 662 663 664 665 666 667 668 669 670 671 672 673 674]] [45 [675 676 677 678 679 680 681 682 683 684 685 686 687 688 689]] [46 [690 691 692 693 694 695 696 697 698 699 700 701 702 703 704]] [47 [705 706 707 708 709 710 711 712 713 714 715 716 717 718 719]] [48 [720 721 722 723 724 725 726 727 728 729 730 731 732 733 734]] [49 [735 736 737 738 739 740 741 742 743 744 745 746 747 748 749]] [50 [750 751 752 753 754 755 756 757 758 759 760 761 762 763 764]] [51 [765 766 767 768 769 770 771 772 773 774 775 776 777 778 779]] [52 [780 781 782 783 784 785 786 787 788 789 790 791 792 793 794]] [53 [795 796 797 798 799 800 801 802 803 804 805 806 807 808 809]] [54 [810 811 812 813 814 815 816 817 818 819 820 821 822 823 824]] [55 [825 826 827 828 829 830 831 832 833 834 835 836 837 838 839]] [56 [840 841 842 843 844 845 846 847 848 849 850 851 852 853 854]] [57 [855 856 857 858 859 860 861 862 863 864 865 866 867 868 869]] [58 [870 871 872 873 874 875 876 877 878 879 880 881 882 883 884]] [59 [885 886 887 888 889 890 891 892 893 894 895 896 897 898 899]] [60 [900 901 902 903 904 905 906 907 908 909 910 911 912 913 914]] [61 [915 916 917 918 919 920 921 922 923 924 925 926 927 928 929]] [62 [930 931 932 933 934 935 936 937 938 939 940 941 942 943 944]] [63 [945 946 947 948 949 950 951 952 953 954 955 956 957 958 959]] [64 [960 961 962 963 964 965 966 967 968 969 970 971 972 973 974]] [65 [975 976 977 978 979 980 981 984 985 986 987 988 989]] [66 [990 991 992 993 994 996 997 998 999 1000 1001 1002 1003 1004]] [67 [1005 1006 1007 1008 1009 1010 1011 1012 1013 1014 1015 1016 1017 1018 1019]] [68 [1020 1022 1023 1024 1025 1026 1027 1028 1029 1030 1031 1032 1034]] [69 [1035 1036 1037 1038 1039 1040 1041 1042 1043 1044 1045 1046 1047 1048 1049]] [70 [1050 1051 1052 1053 1054 1055 1056 1057 1058 1059 1060 1061 1062 1063 1064]] [71 [1065 1066 1067 1068 1069 1070 1071 1072 1073 1074 1075 1076 1077 1078 1079]] [72 [1080 1081 1082 1083 1084 1085 1086 1087 1088 1089 1090 1091 1092 1093 1094]] [73 [1095 1096 1097 1098 1099 1100 1101 1102 1103 1104 1105 1106 1107 1108 1109]] [74 [1110 1111 1112 1113 1114 1115 1116 1117 1118 1119 1120 1121 1122 1123 1124]] [75 [1125 1126 1127 1128 1129 1130 1131 1132 1133 1134 1135 1136 1137 1138 1139]] [76 [1140 1141 1142 1143 1144 1145 1146 1147 1148 1149 1150 1151 1152 1153 1154]] [77 [1155 1156 1157 1159 1161 1162 1163 1164 1165 1166 1167 1168 1169]] [78 [1170 1171 1172 1173 1174 1175 1176 1177 1178 1179 1180 1181 1182 1183 1184]] [79 [1185 1186 1187 1188 1189 1190 1191 1192 1193 1194 1195 1196 1197 1198 1199]] [80 [1200 1201 1202 1203 1204 1205 1206 1207 1208 1209 1210 1211 1212 1213 1214]] [81 [1215 1216 1217 1218 1219 1220 1221 1222 1223 1224 1225 1226 1227 1229]] [82 [1230 1231 1232 1233 1234 1235 1236 1237 1238 1239 1240 1241 1242 1243 1244]] [83 [1245 1246 1247 1248 1249 1250 1251 1252 1253 1254 1255 1256 1257 1258 1259]] [84 [1260 1262 1263 1264 1265 1266 1267 1269 1270 1271 1272 1273 1274]] [85 [1275 1276 1277 1278 1279 1280 1281 1282 1283 1284 1285 1286 1287 1288 1289]] [86 [1290 1291 1292 1293 1294 1295 1296 1297 1298 1299 1300 1301 1302 1303 1304]] [87 [1305 1306 1307 1308 1309 1310 1311 1312 1313 1314 1315 1316 1317 1318 1319]] [88 [1320 1321 1322 1323 1324 1325 1326 1327 1328 1329 1330 1331 1332 1333 1334]] [89 [1335 1336 1337 1338 1339 1340 1341 1342 1343 1344 1345 1346 1347 1348 1349]] [90 [1350 1351 1352 1353 1354 1355 1356 1357 1358 1359 1360 1361 1362 1363 1364]] [91 [1365 1366 1367 1368 1369 1370 1371 1372 1373 1374 1375 1376 1377 1378 1379]] [92 [1380 1381 1382 1383 1384 1385 1386 1387 1388 1389 1390 1391 1392 1393 1394]] [93 [1395 1396 1397 1398 1399 1400 1401 1402 1403 1404 1405 1406 1407 1408 1409]] [94 [1410 1411 1412 1413 1414 1415 1416 1417 1418 1419 1420 1421 1422 1423 1424]] [95 [1425 1426 1427 1428 1429 1430 1431 1432 1433 1434 1435 1436 1437 1438 1439]] [96 [1440 1441 1442 1443 1444 1445 1446 1447 1448 1449 1450 1451 1452 1453 1454]] [97 [1455 1456 1457 1458 1459 1461 1462 1463 1464 1465 1466 1467 1468 1469]] [98 [1470 1471 1472 1473 1474 1475 1476 1477 1478 1479 1480 1481 1482 1483 1484]] [99 [1485 1486 1487 1488 1489 1491 1492 1493 1494 1495 1496 1497 1498 1499]]]","[[0 [2 3 4 6 7 8 9 11 12 13 14]] [1 [15 16 17 18 21 22 23 25 26 28 29]] [2 [30 31 33 34 35 36 37 38 40 41 42 43 44]] [3 [45 46 47 48 49 50 51 52 54 56 57 58 59]] [4 [61 62 63 64 65 66 67 68 69 70 71 72 73 74]] [5 [75 76 77 78 80 83 84 85 86 87 88 89]] [6 [90 91 92 94 95 97 98 99 100 101 102 103 104]] [7 [105 106 107 108 109 110 112 114 116 118]] [8 [120 121 122 123 125 126 127 128 131 132 134]] [9 [135 136 137 138 139 142 143 144 145 146 147]] [10 [150 151 152 154 156 157 158 159 161 163 164]] [11 [165 167 168 171 172 173 174 175 176 178 179]] [12 [180 181 182 183 184 185 186 187 188 189 192 193 194]] [13 [195 196 197 198 199 200 201 202 203 204 205 207 208 209]] [14 [210 215 216 217 218 219 220 221 222 223 224]] [15 [225 226 227 228 229 230 231 232 233 234 236 237 238 239]] [16 [241 242 244 245 246 247 248 249 250 251 252 253 254]] [17 [255 256 257 258 259 260 262 263 264 265 266 267 268]] [18 [270 271 272 273 275 276 277 278 279 281 282 283 284]] [19 [285 286 289 290 291 292 293 294 297 298 299]] [20 [301 302 303 304 305 306 309 310 313 314]] [21 [316 317 318 319 320 321 324 325 326 327 328 329]] [22 [330 331 332 333 335 336 337 338 339 340 341 342 343 344]] [23 [345 346 347 348 349 350 351 355 356 357 358 359]] [24 [360 361 362 363 364 366 367 368 370 372 373 374]] [25 [375 377 378 379 380 381 382 383 384 385 386 388 389]] [26 [390 391 392 393 394 396 397 398 399 400 401 402 403 404]] [27 [405 406 407 408 409 410 411 413 414 415 416 417 418]] [28 [420 421 422 424 425 426 427 429 430 431 432 433 434]] [29 [435 436 437 439 440 441 442 444 445 446 447 448]] [30 [450 451 452 453 454 455 457 458 459 460 461 462 464]] [31 [465 466 467 468 469 470 471 472 473 476 478 479]] [32 [480 483 484 485 486 488 489 490 492 493 494]] [33 [495 496 497 499 501 502 503 504 505 506 507 508]] [34 [510 511 512 513 514 515 516 517 520 521 522 524]] [35 [525 526 527 528 530 531 532 534 536 537 538 539]] [36 [540 541 542 543 544 546 547 548 549 550 551 552 554]] [37 [555 556 557 558 559 560 561 563 564 565 566 567 568 569]] [38 [570 572 573 574 575 576 577 578 579 581 582 583 584]] [39 [585 586 587 588 589 590 592 593 594 595 596 597 598 599]] [40 [600 601 602 603 604 605 607 608 609 610 613 614]] [41 [615 616 617 618 619 620 622 623 624 625 626 627 629]] [42 [630 632 633 634 635 636 637 638 639 640 642 643 644]] [43 [645 646 649 651 652 653 654 656 657 658 659]] [44 [660 661 662 663 664 665 667 669 670 671 672 674]] [45 [675 676 677 678 679 680 681 682 684 685 689]] [46 [690 691 692 693 694 695 696 697 699 700 701 702 703 704]] [47 [707 708 711 712 713 714 715 716 717 718 719]] [48 [720 721 722 723 725 726 729 730 732 733 734]] [49 [735 736 737 740 741 742 743 744 745 746 747 749]] [50 [751 752 753 754 755 756 757 761 762 763 764]] [51 [765 766 767 769 770 771 772 773 774 775 776 777 778 779]] [52 [780 781 782 785 786 788 789 790 791 792 793 794]] [53 [795 796 797 798 799 800 801 802 803 804 805 806]] [54 [811 812 813 814 818 819 821 822 824]] [55 [825 826 827 829 830 831 832 833 834 836 837 838 839]] [56 [840 844 845 846 847 848 849 850 851 852 853]] [57 [855 856 857 858 859 861 862 863 864 865 866 867 868 869]] [58 [870 871 872 873 874 875 877 878 880 882 883 884]] [59 [885 886 887 888 889 890 891 892 893 894 895 896 898]] [60 [900 901 902 903 904 905 906 907 908 909 910 911 913]] [61 [916 917 918 919 920 921 922 924 925 926 928 929]] [62 [930 931 932 933 934 935 936 937 938 939 940 941 942 944]] [63 [946 947 948 949 950 951 952 953 954 956 957 958 959]] [64 [960 961 962 963 964 965 966 967 968 969 971 972 973 974]] [65 [975 976 977 978 979 980 981 984 985 986 987 988 989]] [66 [990 991 992 993 994 996 997 998 999 1000 1001 1002 1003]] [67 [1005 1006 1007 1008 1009 1010 1011 1013 1014 1015 1016 1018 1019]] [68 [1020 1022 1023 1024 1025 1026 1027 1028 1029 1031 1032 1034]] [69 [1035 1036 1037 1039 1040 1042 1043 1044 1046 1047 1048 1049]] [70 [1050 1051 1052 1053 1054 1055 1056 1057 1058 1061 1062 1063 1064]] [71 [1065 1066 1067 1068 1069 1070 1071 1072 1073 1074 1075 1077 1078 1079]] [72 [1080 1081 1082 1083 1086 1087 1088 1089 1091 1092 1093 1094]] [73 [1095 1096 1097 1098 1100 1101 1103 1104 1105 1106 1107 1108 1109]] [74 [1110 1111 1112 1114 1115 1116 1117 1119 1122 1123 1124]] [75 [1125 1126 1127 1128 1129 1131 1132 1133 1134 1135 1136 1137 1138 1139]] [76 [1142 1143 1144 1145 1146 1147 1148 1149 1150 1152 1153 1154]] [77 [1156 1157 1159 1161 1162 1163 1164 1165 1166 1167 1168 1169]] [78 [1170 1171 1172 1173 1174 1175 1176 1177 1179 1180 1181 1182 1183 1184]] [79 [1185 1186 1187 1189 1190 1192 1193 1194 1196 1197 1198 1199]] [80 [1202 1203 1207 1208 1209 1211 1212 1214]] [81 [1216 1217 1218 1219 1220 1221 1222 1224 1225 1226 1227 1229]] [82 [1230 1231 1232 1233 1234 1235 1236 1237 1238 1239 1242 1243 1244]] [83 [1246 1247 1248 1250 1251 1252 1253 1254 1255 1256 1257 1258 1259]] [84 [1262 1263 1264 1265 1266 1267 1270 1271 1272 1273 1274]] [85 [1275 1276 1277 1278 1279 1280 1281 1282 1283 1284 1286 1287]] [86 [1290 1291 1292 1293 1295 1296 1297 1299 1300 1301 1303 1304]] [87 [1305 1307 1308 1309 1310 1311 1313 1315 1316 1317 1318 1319]] [88 [1320 1321 1322 1323 1324 1325 1326 1327 1328 1329 1330 1331 1333 1334]] [89 [1336 1337 1338 1339 1340 1341 1342 1343 1346 1347 1348 1349]] [90 [1350 1352 1353 1354 1359 1360 1361 1362 1364]] [91 [1365 1366 1367 1369 1370 1371 1372 1373 1374 1376 1377 1378]] [92 [1381 1383 1385 1388 1389 1390 1391 1392 1393 1394]] [93 [1395 1396 1397 1398 1402 1403 1404 1406 1408 1409]] [94 [1410 1412 1413 1414 1417 1418 1419 1420 1421 1422 1423 1424]] [95 [1425 1426 1427 1431 1432 1433 1434 1437 1438 1439]] [96 [1440 1442 1443 1445 1446 1447 1448 1449 1450 1451 1452 1453 1454]] [97 [1455 1456 1457 1458 1459 1461 1462 1463 1464 1465 1466 1467 1468 1469]] [98 [1470 1471 1472 1474 1475 1476 1477 1478 1479 1480 1482 1483 1484]] [99 [1485 1486 1489 1491 1492 1493 1494 1496 1497 1498 1499]]]",,"[[{citizen 27} [[""A"" [2 2 3 4 5 3 3 3 3 4]]]] [{media 50} [[""A"" [4 4 4 4 4 4 4 4 4 4]]]] [{media 51} [[""A"" [3 3 3 3 3 3 3 3 3 3]]]] [{media 52} [[""A"" [4 4 4 4 4 4 4 4 4 4]]]] [{media 53} [[""A"" [3 3 3 3 3 3 3 3 3 3]]]] [{media 54} [[""A"" [4 4 4 4 4 4 4 4 4 4]]]] [{media 56} [[""A"" [3 3 3 3 3 3 3 3 3 3]]]] [{media 57} [[""A"" [3 3 3 3 3 3 3 3 3 3]]]] [{media 58} [[""A"" [4 4 4 4 4 4 4 4 4 4]]]] [{media 59} [[""A"" [2 2 2 2 2 2 2 2 2 2]]]] [{media 61} [[""A"" [3 3 3 3 3 3 3 3 3 3]]]] [{media 62} [[""A"" [2 2 2 2 2 2 2 2 2 2]]]] [{media 63} [[""A"" [4 4 4 4 4 4 4 4 4 4]]]] [{media 64} [[""A"" [2 2 2 2 2 2 2 2 2 2]]]] [{citizen 10} [[""A"" [2 3 5 3 3 2 3 3 5 4]]]] [{citizen 1} [[""A"" [3 4 5 3 3 3 4 3 4 4]]]] [{citizen 8} [[""A"" [4 5 3 3 3 3 4 3 5 4]]]] [{citizen 0} [[""A"" [4 5 3 3 3 2 3 4 3 5]]]] [{citizen 7} [[""A"" [4 3 5 3 2 3 3 4 4 5]]]] [{media 55} [[""A"" [5 5 5 5 5 5 5 5 5 5]]]] [{citizen 2} [[""A"" [4 5 3 3 4 3 2 3 5 4]]]] [{citizen 4} [[""A"" [4 5 3 3 2 3 3 3 4 4]]]] [{citizen 3} [[""A"" [3 5 3 3 3 4 2 3 4 5]]]] [{citizen 6} [[""A"" [4 5 3 3 3 4 3 2 3 5]]]] [{citizen 13} [[""A"" [2 4 5 3 3 2 3 2 3 4]]]] [{citizen 21} [[""A"" [5 3 2 2 3 3 3 4 5 4]]]] [{citizen 31} [[""A"" [3 5 3 2 4 3 4 2 3 4]]]] [{citizen 39} [[""A"" [2 2 3 3 4 4 2 3 5 4]]]] [{citizen 5} [[""A"" [4 5 3 3 3 3 3 4 3 5]]]] [{citizen 44} [[""A"" [5 3 3 2 3 3 4 3 5 4]]]] [{citizen 28} [[""A"" [5 3 3 2 3 3 4 3 5 4]]]] [{citizen 24} [[""A"" [5 3 3 2 2 3 3 3 4 5]]]] [{citizen 37} [[""A"" [5 3 5 3 2 3 4 4 3 5]]]] [{citizen 17} [[""A"" [4 3 3 3 3 3 2 3 5 4]]]] [{citizen 30} [[""A"" [4 3 3 2 2 3 3 3 4 5]]]] [{citizen 12} [[""A"" [5 2 3 3 3 3 4 2 3 5]]]] [{citizen 16} [[""A"" [5 3 5 3 3 4 3 4 5 4]]]] [{citizen 49} [[""A"" [4 2 4 3 4 3 3 3 3 5]]]] [{citizen 38} [[""A"" [5 3 5 2 3 3 4 2 5 4]]]] [{citizen 36} [[""A"" [3 3 2 3 3 4 4 3 5 4]]]] [{citizen 11} [[""A"" [2 2 3 3 4 2 3 4 5 4]]]] [{citizen 41} [[""A"" [3 4 5 4 5 4 4 2 3 4]]]] [{citizen 43} [[""A"" [2 2 3 3 3 4 3 4 5 4]]]] [{citizen 45} [[""A"" [4 2 2 4 5 3 3 3 4 4]]]] [{citizen 9} [[""A"" [5 3 2 4 3 3 3 4 2 3]]]] [{citizen 33} [[""A"" [4 3 3 2 2 3 2 3 4 5]]]] [{citizen 42} [[""A"" [5 3 2 4 3 3 4 3 4 5]]]] [{citizen 19} [[""A"" [2 3 3 4 3 4 3 4 5 4]]]] [{citizen 25} [[""A"" [2 3 4 5 3 3 3 4 3 5]]]] [{citizen 47} [[""A"" [2 4 3 4 3 2 3 3 3 5]]]] [{citizen 32} [[""A"" [3 5 2 3 3 4 3 3 4 5]]]] [{citizen 23} [[""A"" [5 2 4 3 3 3 4 2 3 5]]]] [{citizen 15} [[""A"" [5 3 5 3 2 2 3 2 4 5]]]] [{citizen 46} [[""A"" [4 5 3 3 3 2 3 4 5 4]]]] [{citizen 14} [[""A"" [3 3 3 2 4 3 3 3 4 4]]]] [{citizen 20} [[""A"" [5 3 3 3 3 3 3 3 4 5]]]] [{citizen 35} [[""A"" [3 3 3 2 2 2 3 4 5 4]]]] [{citizen 48} [[""A"" [4 3 4 5 3 3 3 4 5 4]]]] [{citizen 18} [[""A"" [4 3 4 3 5 3 2 3 3 4]]]] [{citizen 29} [[""A"" [3 2 3 3 3 4 2 3 5 4]]]] [{citizen 26} [[""A"" [3 3 3 2 2 3 3 3 4 5]]]] [{media 60} [[""A"" [5 5 5 5 5 5 5 5 5 5]]]] [{citizen 34} [[""A"" [4 3 3 3 4 3 2 3 5 4]]]] [{citizen 40} [[""A"" [4 2 3 4 3 3 2 3 5 4]]]]]"
"23","[85 0 170]","304.8979591836734","-6.115469570991853","4.347861501017909","""circle""","""""","9.9","{breed citizens}","false","0.5","1","""up""",,"[[""ID"" 23] [""alpha"" 1] [""beta"" 1] [""malleable"" [""A""]] [""prior"" []] [""cont_tokens"" []] [""A"" 4]]","[[0 [0 1 2 3 4 5 6 7 8 9 10 11 12 13 14]] [1 [15 16 17 18 19 20 21 22 23 25 26 28 29]] [2 [30 31 32 33 34 35 36 37 38 39 40 41 42 43 44]] [3 [45 46 47 48 49 50 51 52 53 54 55 56 57 58 59]] [4 [60 61 62 63 64 65 66 67 68 69 70 71 72 73 74]] [5 [75 76 77 78 80 83 84 85 86 87 88 89]] [6 [90 91 92 93 94 95 96 97 98 99 100 101 102 103 104]] [7 [105 106 107 108 109 110 111 112 113 114 115 116 117 118 119]] [8 [120 121 122 123 124 125 126 127 128 129 130 131 132 133 134]] [9 [135 136 137 138 139 140 141 142 143 144 145 146 147 148 149]] [10 [150 151 152 153 154 155 156 157 158 159 160 161 162 163 164]] [11 [165 166 167 168 169 170 171 172 173 174 175 176 177 178 179]] [12 [180 181 182 183 184 185 186 187 188 189 190 191 192 193 194]] [13 [195 196 197 198 199 200 201 202 203 204 205 206 207 208 209]] [14 [210 211 212 213 214 215 216 217 218 219 220 221 222 223 224]] [15 [225 226 227 228 229 230 231 232 233 234 235 236 237 238 239]] [16 [240 241 242 243 244 245 246 247 248 249 250 251 252 253 254]] [17 [255 256 257 258 259 260 261 262 263 264 265 266 267 268 269]] [18 [270 271 272 273 274 275 276 277 278 279 280 281 282 283 284]] [19 [285 286 287 288 289 290 291 292 293 294 295 296 297 298 299]] [20 [300 301 302 303 304 305 306 307 309 310 311 312 313 314]] [21 [315 316 317 318 319 320 321 322 323 324 325 326 327 328 329]] [22 [330 331 332 333 334 335 336 337 338 339 340 341 342 343 344]] [23 [345 346 347 348 349 350 351 352 353 354 355 356 357 358 359]] [24 [360 361 362 363 364 365 366 367 368 369 370 371 372 373 374]] [25 [375 376 377 378 379 380 381 382 383 384 385 386 387 388 389]] [26 [390 391 392 393 394 395 396 397 398 399 400 401 402 403 404]] [27 [405 406 407 408 409 410 411 412 413 414 415 416 417 418 419]] [28 [420 421 422 423 424 425 426 427 428 429 430 431 432 433 434]] [29 [435 436 437 438 439 440 441 442 443 444 445 446 447 448 449]] [30 [450 451 452 453 454 455 456 457 458 459 460 461 462 463 464]] [31 [465 466 467 468 469 470 471 472 473 474 475 476 477 478 479]] [32 [480 481 482 483 484 485 486 487 488 489 490 491 492 493 494]] [33 [495 496 497 498 499 500 501 502 503 504 505 506 507 508 509]] [34 [510 511 512 513 514 515 516 517 518 519 520 521 522 523 524]] [35 [525 526 527 528 529 530 531 532 533 534 535 536 537 538 539]] [36 [540 541 542 543 544 545 546 547 548 549 550 551 552 553 554]] [37 [555 556 557 558 559 560 561 562 563 564 565 566 567 568 569]] [38 [570 571 572 573 574 575 576 577 578 579 580 581 582 583 584]] [39 [585 586 587 588 589 590 591 592 593 594 595 596 597 598 599]] [40 [600 601 602 603 604 605 606 607 608 609 610 611 612 613 614]] [41 [615 616 617 618 619 620 621 622 623 624 625 626 627 628 629]] [42 [630 631 632 633 634 635 636 637 638 639 640 641 642 643 644]] [43 [645 646 647 648 649 650 651 652 653 654 656 657 658 659]] [44 [660 661 662 663 664 665 666 667 668 669 670 671 672 673 674]] [45 [675 676 677 678 679 680 681 682 683 684 685 686 687 688 689]] [46 [690 691 692 693 694 695 696 697 698 699 700 701 702 703 704]] [47 [705 706 707 708 709 710 711 712 713 714 715 716 717 718 719]] [48 [720 721 722 723 724 725 726 727 728 729 730 731 732 733 734]] [49 [735 736 737 738 739 740 741 742 743 744 745 746 747 748 749]] [50 [750 751 752 753 754 755 756 757 758 759 760 761 762 763 764]] [51 [765 766 767 768 769 770 771 772 773 774 775 776 777 778 779]] [52 [780 781 782 783 784 785 786 787 788 789 790 791 792 793 794]] [53 [795 796 797 798 799 800 801 802 803 804 805 806 807 808 809]] [54 [810 811 812 813 814 815 816 817 818 819 820 821 822 823 824]] [55 [825 826 827 828 829 830 831 832 833 834 835 836 837 838 839]] [56 [840 841 842 843 844 845 846 847 848 849 850 851 852 853 854]] [57 [855 856 857 858 859 860 861 862 863 864 865 866 867 868 869]] [58 [870 871 872 873 874 875 876 877 878 879 880 881 882 883 884]] [59 [885 886 887 888 889 890 891 892 893 894 895 896 897 898 899]] [60 [900 901 902 903 904 905 906 907 908 909 910 911 912 913 914]] [61 [915 916 917 918 919 920 921 922 923 924 925 926 927 928 929]] [62 [930 931 932 933 934 935 936 937 938 939 940 941 942 943 944]] [63 [945 946 947 948 949 950 951 952 953 954 955 956 957 958 959]] [64 [960 961 962 963 964 965 966 967 968 969 970 971 972 973 974]] [65 [975 976 977 978 979 980 981 984 985 986 987 988 989]] [66 [990 991 992 993 994 996 997 998 999 1000 1001 1002 1003 1004]] [67 [1005 1006 1007 1008 1009 1010 1011 1012 1013 1014 1015 1016 1017 1018 1019]] [68 [1020 1022 1023 1024 1025 1026 1027 1028 1029 1030 1031 1032 1034]] [69 [1035 1036 1037 1038 1039 1040 1041 1042 1043 1044 1045 1046 1047 1048 1049]] [70 [1050 1051 1052 1053 1054 1055 1056 1057 1058 1059 1060 1061 1062 1063 1064]] [71 [1065 1066 1067 1068 1069 1070 1071 1072 1073 1074 1075 1076 1077 1078 1079]] [72 [1080 1081 1082 1083 1084 1085 1086 1087 1088 1089 1090 1091 1092 1093 1094]] [73 [1095 1096 1097 1098 1099 1100 1101 1102 1103 1104 1105 1106 1107 1108 1109]] [74 [1110 1111 1112 1113 1114 1115 1116 1117 1118 1119 1120 1121 1122 1123 1124]] [75 [1125 1126 1127 1128 1129 1130 1131 1132 1133 1134 1135 1136 1137 1138 1139]] [76 [1140 1141 1142 1143 1144 1145 1146 1147 1148 1149 1150 1151 1152 1153 1154]] [77 [1155 1156 1157 1159 1161 1162 1163 1164 1165 1166 1167 1168 1169]] [78 [1170 1171 1172 1173 1174 1175 1176 1177 1178 1179 1180 1181 1182 1183 1184]] [79 [1185 1186 1187 1188 1189 1190 1191 1192 1193 1194 1195 1196 1197 1198 1199]] [80 [1200 1201 1202 1203 1204 1205 1206 1207 1208 1209 1210 1211 1212 1213 1214]] [81 [1215 1216 1217 1218 1219 1220 1221 1222 1223 1224 1225 1226 1227 1228 1229]] [82 [1230 1231 1232 1233 1234 1235 1236 1237 1238 1239 1240 1241 1242 1243 1244]] [83 [1245 1246 1247 1248 1249 1250 1251 1252 1253 1254 1255 1256 1257 1258 1259]] [84 [1260 1262 1263 1264 1265 1266 1267 1269 1270 1271 1272 1273 1274]] [85 [1275 1276 1277 1278 1279 1280 1281 1282 1283 1284 1285 1286 1287 1288 1289]] [86 [1290 1291 1292 1293 1294 1295 1296 1297 1299 1300 1301 1302 1303 1304]] [87 [1305 1306 1307 1308 1309 1310 1311 1312 1313 1314 1315 1316 1317 1318 1319]] [88 [1320 1321 1322 1323 1324 1325 1326 1327 1328 1329 1330 1331 1332 1333 1334]] [89 [1335 1336 1337 1338 1339 1340 1341 1342 1343 1344 1345 1346 1347 1348 1349]] [90 [1350 1351 1352 1353 1354 1355 1356 1357 1358 1359 1360 1361 1362 1363 1364]] [91 [1365 1366 1367 1368 1369 1370 1371 1372 1373 1374 1375 1376 1377 1378 1379]] [92 [1380 1381 1382 1383 1384 1385 1386 1387 1388 1389 1390 1391 1392 1393 1394]] [93 [1395 1396 1397 1398 1399 1400 1401 1402 1403 1404 1405 1406 1407 1408 1409]] [94 [1410 1411 1412 1413 1414 1415 1416 1417 1418 1419 1420 1421 1422 1423 1424]] [95 [1425 1426 1427 1428 1429 1430 1431 1432 1433 1434 1435 1436 1437 1438 1439]] [96 [1440 1441 1442 1443 1444 1445 1446 1447 1448 1449 1450 1451 1452 1453 1454]] [97 [1455 1456 1457 1458 1459 1461 1462 1463 1464 1465 1466 1467 1468 1469]] [98 [1470 1471 1472 1473 1474 1475 1476 1477 1478 1479 1480 1481 1482 1483 1484]] [99 [1485 1486 1487 1488 1489 1491 1492 1493 1494 1495 1496 1497 1498 1499]]]","[[0 [0 1 2 3 4 6 7 8 9 11 12 13 14]] [1 [15 17 18 20 22 23 25 26 28 29]] [2 [31 33 34 35 37 38 39 41 42 43 44]] [3 [45 46 47 48 49 50 51 52 53 55 58]] [4 [60 62 63 64 65 66 67 68 69 70 71 73 74]] [5 [75 76 78 80 83 84 85 86 87 88 89]] [6 [90 91 93 94 95 98 99 100 101 104]] [7 [105 106 107 108 109 110 112 114 115 117 118]] [8 [120 121 122 123 124 125 126 127 128 131 132 134]] [9 [135 136 137 138 139 142 143 144 145 146 147 148 149]] [10 [150 151 153 154 156 157 158 159 161 163 164]] [11 [165 167 168 169 170 171 172 173 174 175 176 178 179]] [12 [180 181 182 188 189 192 193 194]] [13 [195 196 197 198 199 200 201 202 204 205 208 209]] [14 [210 211 212 213 214 221 222 223 224]] [15 [225 226 227 228 230 231 232 233 234 236 238 239]] [16 [240 241 242 243 244 245 247 248 250 251 252 253 254]] [17 [256 257 258 259 260 262 263 264 265 266 267 268]] [18 [270 271 274 275 276 277 278 279 280 281 282 283 284]] [19 [285 286 287 288 289 290 291 292 293 294 295 296 298 299]] [20 [300 302 303 304 305 306 309 311 312 313]] [21 [315 316 317 318 319 320 321 324 325 326 327 328 329]] [22 [330 331 332 333 334 336 337 338 339 340 341 342 343]] [23 [346 349 350 351 355 356 357 358 359]] [24 [360 361 362 363 364 365 366 367 368 370 371 372 373]] [25 [375 377 378 379 381 382 383 384 385 387 388 389]] [26 [390 391 392 393 394 396 397 398 399 400 401 402 404]] [27 [405 406 407 408 409 410 411 413 415 416 417 418 419]] [28 [420 421 422 424 425 426 427 429 430 431 432 433 434]] [29 [435 437 440 441 442 443 444 445 446 447 448]] [30 [450 451 452 454 455 456 457 458 459 461 462 464]] [31 [465 466 467 468 469 470 471 472 473 475 477]] [32 [481 482 484 485 486 487 490 491 494]] [33 [495 497 499 500 501 502 503 504 505 506 507 509]] [34 [510 511 512 513 514 515 516 517 520 521 522 524]] [35 [525 526 527 528 529 531 532 533 534 536 537 538 539]] [36 [541 542 543 544 545 546 547 548 549 550 551 552 553 554]] [37 [555 556 557 558 559 562 563 564 565 566 567 568 569]] [38 [570 572 573 574 575 577 578 579 581 582 583 584]] [39 [585 586 587 588 589 590 592 593 594 595 598 599]] [40 [600 601 605 607 608 609 610 611 612 613 614]] [41 [615 616 617 618 619 620 622 623 628 629]] [42 [630 632 633 634 635 636 637 638 640 642 643 644]] [43 [645 646 647 648 650 651 652 653 654 656 657 658 659]] [44 [660 661 662 663 665 668 669 670 671 672 674]] [45 [675 676 677 678 679 680 681 682 684 685 686 687 688 689]] [46 [690 691 692 693 694 695 696 697 698 699 700 701 702 703 704]] [47 [707 708 709 710 712 713 715 716 717 718 719]] [48 [720 722 724 725 726 727 728 730 731 732 733 734]] [49 [735 736 737 738 739 740 741 742 743 744 745 746 747 749]] [50 [750 751 752 753 754 755 758 759 760 761 762 763 764]] [51 [765 766 767 769 770 771 772 773 774 775 776 777 778 779]] [52 [780 781 782 784 785 786 788 789 790 791 792 793 794]] [53 [795 796 797 798 799 800 801 802 803 804 805 807 808 809]] [54 [810 811 812 813 814 815 817 818 819 820 821 823 824]] [55 [826 827 829 830 831 832 833 834 836 837 838 839]] [56 [840 841 842 843 844 845 847 848 849 850 851 852 853]] [57 [855 857 858 859 861 863 864 865 866 867 868 869]] [58 [870 871 872 873 874 876 877 878 879 880 881 882 884]] [59 [888 889 890 891 892 893 894 895 896 897 899]] [60 [901 902 903 904 905 906 907 908 909 910 911 912 914]] [61 [915 916 917 918 919 920 921 922 924 925 926 927]] [62 [930 931 932 933 934 935 936 937 938 939 940 941 942 944]] [63 [946 947 948 949 950 951 952 953 954 955 956 957 958 959]] [64 [960 961 962 963 964 965 967 968 969 970 971 972 973 974]] [65 [975 976 977 978 979 980 981 985 986 987 988 989]] [66 [990 991 992 993 994 996 997 998 999 1000 1001 1002 1003]] [67 [1005 1006 1007 1008 1009 1010 1011 1012 1013 1014 1015 1016 1018 1019]] [68 [1020 1022 1023 1024 1025 1026 1027 1028 1030 1031 1032 1034]] [69 [1035 1036 1037 1039 1040 1041 1042 1043 1044 1045 1048 1049]] [70 [1050 1051 1052 1053 1054 1055 1056 1057 1059 1060 1061 1062 1063 1064]] [71 [1066 1067 1068 1069 1070 1072 1073 1074 1075 1077 1078 1079]] [72 [1080 1081 1082 1084 1085 1087 1088 1089 1090 1091 1092 1093 1094]] [73 [1095 1096 1097 1100 1101 1103 1104 1105 1106 1107 1108 1109]] [74 [1110 1111 1112 1114 1115 1116 1117 1119 1121 1122 1123 1124]] [75 [1125 1126 1127 1128 1129 1130 1131 1132 1133 1134 1135 1136 1137 1138 1139]] [76 [1142 1143 1144 1145 1146 1147 1148 1149 1150 1152 1153 1154]] [77 [1156 1157 1159 1161 1162 1163 1164 1165 1166 1167 1168]] [78 [1170 1171 1172 1173 1174 1175 1176 1177 1178 1179 1180 1181 1182 1183 1184]] [79 [1185 1186 1187 1188 1189 1190 1192 1193 1194 1195 1196 1197 1198 1199]] [80 [1201 1202 1203 1207 1208 1209 1211 1213]] [81 [1215 1216 1217 1221 1222 1223 1225 1226 1227 1229]] [82 [1230 1231 1232 1233 1234 1235 1237 1238 1239 1242 1243]] [83 [1245 1246 1247 1248 1249 1251 1252 1254 1256 1257 1258 1259]] [84 [1262 1263 1265 1266 1267 1269 1271 1272 1273 1274]] [85 [1275 1276 1277 1278 1279 1282 1283 1284 1286 1287 1288 1289]] [86 [1290 1291 1292 1294 1295 1296 1297 1299 1300 1301 1303 1304]] [87 [1305 1310 1311 1313 1315 1316 1317 1318 1319]] [88 [1320 1321 1322 1323 1324 1325 1326 1327 1328 1329 1330 1331 1332 1333 1334]] [89 [1336 1337 1338 1339 1340 1341 1342 1343 1344 1345 1346 1347 1348 1349]] [90 [1350 1351 1352 1353 1354 1355 1356 1357 1358 1359 1360 1361 1362 1364]] [91 [1365 1366 1367 1369 1370 1371 1372 1373 1374 1375 1376 1378]] [92 [1381 1383 1384 1386 1387 1388 1389 1390 1391 1392 1393 1394]] [93 [1395 1396 1397 1398 1399 1400 1401 1403 1404 1406 1407 1408 1409]] [94 [1410 1411 1412 1413 1415 1416 1417 1418 1419 1420 1421 1422 1423 1424]] [95 [1425 1426 1428 1429 1430 1431 1432 1433 1435 1438 1439]] [96 [1441 1442 1444 1445 1446 1447 1448 1449 1450 1451 1452 1453 1454]] [97 [1455 1457 1458 1459 1462 1463 1464 1465 1466 1467 1468 1469]] [98 [1470 1471 1472 1473 1475 1476 1477 1478 1479 1480 1481 1482 1483 1484]] [99 [1485 1486 1487 1488 1489 1491 1492 1493 1494 1495 1496 1497 1498 1499]]]",,"[[{media 50} [[""A"" [4 4 4 4 4 4 4 4 4 4]]]] [{media 51} [[""A"" [3 3 3 3 3 3 3 3 3 3]]]] [{media 52} [[""A"" [4 4 4 4 4 4 4 4 4 4]]]] [{media 53} [[""A"" [3 3 3 3 3 3 3 3 3 3]]]] [{media 54} [[""A"" [4 4 4 4 4 4 4 4 4 4]]]] [{media 55} [[""A"" [5 5 5 5 5 5 5 5 5 5]]]] [{media 56} [[""A"" [3 3 3 3 3 3 3 3 3 3]]]] [{media 57} [[""A"" [3 3 3 3 3 3 3 3 3 3]]]] [{media 58} [[""A"" [4 4 4 4 4 4 4 4 4 4]]]] [{media 59} [[""A"" [2 2 2 2 2 2 2 2 2 2]]]] [{media 60} [[""A"" [5 5 5 5 5 5 5 5 5 5]]]] [{media 61} [[""A"" [3 3 3 3 3 3 3 3 3 3]]]] [{media 62} [[""A"" [2 2 2 2 2 2 2 2 2 2]]]] [{media 63} [[""A"" [4 4 4 4 4 4 4 4 4 4]]]] [{media 64} [[""A"" [2 2 2 2 2 2 2 2 2 2]]]] [{citizen 9} [[""A"" [3 3 2 4 3 3 4 2 4 4]]]] [{citizen 10} [[""A"" [2 3 5 3 2 3 3 4 5 4]]]] [{citizen 11} [[""A"" [5 3 2 2 3 4 4 3 4 4]]]] [{citizen 0} [[""A"" [5 4 3 3 2 3 3 4 3 4]]]] [{citizen 1} [[""A"" [5 3 2 3 3 3 4 3 4 4]]]] [{citizen 6} [[""A"" [4 4 2 3 4 3 3 3 3 4]]]] [{citizen 4} [[""A"" [3 5 3 3 2 3 3 3 4 4]]]] [{citizen 2} [[""A"" [4 4 3 5 3 3 3 4 4 4]]]] [{citizen 13} [[""A"" [4 4 3 3 2 2 3 3 2 4]]]] [{citizen 21} [[""A"" [5 4 3 2 2 3 3 4 4 4]]]] [{citizen 7} [[""A"" [4 5 3 2 2 3 3 4 4 4]]]] [{citizen 31} [[""A"" [3 2 4 3 3 4 4 2 3 4]]]] [{citizen 39} [[""A"" [3 3 2 2 3 3 4 4 4 4]]]] [{citizen 5} [[""A"" [3 3 2 3 3 3 4 3 4 4]]]] [{citizen 44} [[""A"" [5 4 3 3 2 3 3 4 3 4]]]] [{citizen 28} [[""A"" [3 5 4 3 3 2 3 3 4 4]]]] [{citizen 24} [[""A"" [5 4 3 3 2 3 3 4 3 4]]]] [{citizen 37} [[""A"" [5 3 3 2 3 3 4 4 3 4]]]] [{citizen 17} [[""A"" [4 4 4 4 3 3 3 3 5 4]]]] [{citizen 30} [[""A"" [4 4 3 4 3 2 3 3 4 4]]]] [{citizen 3} [[""A"" [2 3 5 5 3 3 3 4 3 4]]]] [{citizen 27} [[""A"" [2 2 3 4 3 3 3 3 4 4]]]] [{citizen 12} [[""A"" [3 5 3 3 2 3 3 3 4 4]]]] [{citizen 16} [[""A"" [3 2 3 5 4 3 3 4 4 4]]]] [{citizen 49} [[""A"" [4 3 4 3 3 3 3 3 4 4]]]] [{citizen 8} [[""A"" [3 5 4 3 3 2 3 3 4 4]]]] [{citizen 22} [[""A"" [3 4 4 3 3 2 2 4 4 4]]]] [{citizen 33} [[""A"" [4 4 3 3 2 2 3 3 4 4]]]] [{citizen 35} [[""A"" [4 3 4 3 3 2 3 3 4 4]]]] [{citizen 19} [[""A"" [3 3 3 2 3 3 4 4 4 4]]]] [{citizen 25} [[""A"" [3 5 4 3 3 3 4 3 4 4]]]] [{citizen 41} [[""A"" [5 4 3 2 3 4 4 3 4 4]]]] [{citizen 46} [[""A"" [3 4 3 4 3 2 3 3 4 4]]]] [{citizen 40} [[""A"" [3 4 3 3 3 2 3 3 4 4]]]] [{citizen 38} [[""A"" [4 3 5 3 2 3 3 4 2 4]]]] [{citizen 36} [[""A"" [3 3 2 3 3 4 4 4 5 4]]]] [{citizen 47} [[""A"" [2 4 4 4 3 3 2 3 3 4]]]] [{citizen 43} [[""A"" [3 3 2 2 3 3 4 4 4 4]]]] [{citizen 45} [[""A"" [4 2 2 5 4 3 3 3 4 4]]]] [{citizen 42} [[""A"" [4 3 3 3 2 3 3 4 4 5]]]] [{citizen 15} [[""A"" [2 5 4 5 3 3 2 2 3 4]]]] [{citizen 32} [[""A"" [3 5 4 3 2 3 3 4 4 4]]]] [{citizen 18} [[""A"" [3 4 4 3 4 3 3 2 3 4]]]] [{citizen 14} [[""A"" [3 3 2 2 4 3 3 3 4 4]]]] [{citizen 20} [[""A"" [2 3 4 3 3 3 3 3 3 4]]]] [{citizen 48} [[""A"" [3 5 4 3 3 3 4 3 4 4]]]] [{citizen 26} [[""A"" [4 5 4 3 3 3 2 2 3 4]]]] [{citizen 29} [[""A"" [4 5 4 3 3 2 3 3 4 4]]]] [{citizen 34} [[""A"" [5 4 3 3 3 3 4 3 4 4]]]]]"
"24","[85 0 170]","44.448979591836725","9.57197155885106","9.063626295852556","""circle""","""""","9.9","{breed citizens}","false","0.5","1","""up""",,"[[""ID"" 24] [""alpha"" 1] [""beta"" 1] [""malleable"" [""A""]] [""prior"" []] [""cont_tokens"" []] [""A"" 4]]","[[0 [0 1 2 3 4 6 7 8 9 10 11 12 13 14]] [1 [15 16 17 18 19 20 21 22 23 25 26 28 29]] [2 [30 31 32 33 34 35 36 37 38 39 40 41 42 43 44]] [3 [45 46 47 48 49 50 51 52 53 54 55 56 57 58 59]] [4 [60 61 62 63 64 65 66 67 68 69 70 71 72 73 74]] [5 [75 76 77 78 80 83 84 85 86 87 88 89]] [6 [90 91 92 93 94 95 96 97 98 99 100 101 102 103 104]] [7 [105 106 107 108 109 110 111 112 113 114 115 116 117 118 119]] [8 [120 121 122 123 124 125 126 127 128 129 130 131 132 133 134]] [9 [135 136 137 138 139 140 141 142 143 144 145 146 147 148 149]] [10 [150 151 152 153 154 155 156 157 158 159 160 161 162 163 164]] [11 [165 166 167 168 169 170 171 172 173 174 175 176 177 178 179]] [12 [180 181 182 183 184 185 186 187 188 189 190 191 192 193 194]] [13 [195 196 197 198 199 200 201 202 203 204 205 206 207 208 209]] [14 [210 211 212 213 214 215 216 217 218 219 220 221 222 223 224]] [15 [225 226 227 228 229 230 231 232 233 234 235 236 237 238 239]] [16 [240 241 242 243 244 245 246 247 248 249 250 251 252 253 254]] [17 [255 256 257 258 259 260 261 262 263 264 265 266 267 268 269]] [18 [270 271 272 273 274 275 276 277 278 279 280 281 282 283 284]] [19 [285 286 287 288 289 290 291 292 293 294 295 296 297 298 299]] [20 [300 301 302 303 304 305 306 307 309 310 311 312 313 314]] [21 [315 316 317 318 319 320 321 322 323 324 325 326 327 328 329]] [22 [330 331 332 333 334 335 336 337 338 339 340 341 342 343 344]] [23 [345 346 347 348 349 350 351 352 353 354 355 356 357 358 359]] [24 [360 361 362 363 364 365 366 367 368 369 370 371 372 373 374]] [25 [375 376 377 378 379 380 381 382 383 384 385 386 387 388 389]] [26 [390 391 392 393 394 395 396 397 398 399 400 401 402 403 404]] [27 [405 406 407 408 409 410 411 412 413 414 415 416 417 418 419]] [28 [420 421 422 423 424 425 426 427 428 429 430 431 432 433 434]] [29 [435 436 437 438 439 440 441 442 443 444 445 446 447 448 449]] [30 [450 451 452 453 454 455 456 457 458 459 460 461 462 463 464]] [31 [465 466 467 468 469 470 471 472 473 474 475 476 477 478 479]] [32 [480 481 482 483 484 485 486 487 488 489 490 491 492 493 494]] [33 [495 496 497 498 499 500 501 502 503 504 505 506 507 508 509]] [34 [510 511 512 513 514 515 516 517 519 520 521 522 523 524]] [35 [525 526 527 528 529 530 531 532 533 534 535 536 537 538 539]] [36 [540 541 542 543 544 545 546 547 548 549 550 551 552 553 554]] [37 [555 556 557 558 559 560 561 562 563 564 565 566 567 568 569]] [38 [570 571 572 573 574 575 576 577 578 579 580 581 582 583 584]] [39 [585 586 587 588 589 590 591 592 593 594 595 596 597 598 599]] [40 [600 601 602 603 604 605 606 607 608 609 610 611 612 613 614]] [41 [615 616 617 618 619 620 621 622 623 624 625 626 627 628 629]] [42 [630 631 632 633 634 635 636 637 638 639 640 641 642 643 644]] [43 [645 646 647 648 649 650 651 652 653 654 656 657 658 659]] [44 [660 661 662 663 664 665 666 667 668 669 670 671 672 673 674]] [45 [675 676 677 678 679 680 681 682 683 684 685 686 687 688 689]] [46 [690 691 692 693 694 695 696 697 698 699 700 701 702 703 704]] [47 [705 706 707 708 709 710 711 712 713 714 715 716 717 718 719]] [48 [720 721 722 723 724 725 726 727 728 729 730 731 732 733 734]] [49 [735 736 737 738 739 740 741 742 743 744 745 746 747 748 749]] [50 [750 751 752 753 754 755 756 757 758 759 760 761 762 763 764]] [51 [765 766 767 768 769 770 771 772 773 774 775 776 777 778 779]] [52 [780 781 782 783 784 785 786 787 788 789 790 791 792 793 794]] [53 [795 796 797 798 799 800 801 802 803 804 805 806 807 808 809]] [54 [810 811 812 813 814 815 816 817 818 819 820 821 822 823 824]] [55 [825 826 827 828 829 830 831 832 833 834 835 836 837 838 839]] [56 [840 841 842 843 844 845 846 847 848 849 850 851 852 853 854]] [57 [855 856 857 858 859 860 861 862 863 864 865 866 867 868 869]] [58 [870 871 872 873 874 875 876 877 878 879 880 881 882 883 884]] [59 [885 886 887 888 889 890 891 892 893 894 895 896 897 898 899]] [60 [900 901 902 903 904 905 906 907 908 909 910 911 912 913 914]] [61 [915 916 917 918 919 920 921 922 923 924 925 926 927 928 929]] [62 [930 931 932 933 934 935 936 937 938 939 940 941 942 943 944]] [63 [945 946 947 948 949 950 951 952 953 954 955 956 957 958 959]] [64 [960 961 962 963 964 965 966 967 968 969 970 971 972 973 974]] [65 [975 976 977 978 979 980 981 982 983 984 985 986 987 988 989]] [66 [990 991 992 993 994 996 997 998 999 1000 1001 1002 1003 1004]] [67 [1005 1006 1007 1008 1009 1010 1011 1012 1013 1014 1015 1016 1017 1018 1019]] [68 [1020 1022 1023 1024 1025 1026 1027 1028 1029 1030 1031 1032 1034]] [69 [1035 1036 1037 1038 1039 1040 1041 1042 1043 1044 1045 1046 1047 1048 1049]] [70 [1050 1051 1052 1053 1054 1055 1056 1057 1058 1059 1060 1061 1062 1063 1064]] [71 [1065 1066 1067 1068 1069 1070 1071 1072 1073 1074 1075 1076 1077 1078 1079]] [72 [1080 1081 1082 1083 1084 1085 1086 1087 1088 1089 1090 1091 1092 1093 1094]] [73 [1095 1096 1097 1098 1099 1100 1101 1102 1103 1104 1105 1106 1107 1108 1109]] [74 [1110 1111 1112 1113 1114 1115 1116 1117 1118 1119 1120 1121 1122 1123 1124]] [75 [1125 1126 1127 1128 1129 1130 1131 1132 1133 1134 1135 1136 1137 1138 1139]] [76 [1140 1141 1142 1143 1144 1145 1146 1147 1148 1149 1150 1151 1152 1153 1154]] [77 [1155 1156 1157 1159 1161 1162 1163 1164 1165 1166 1167 1168 1169]] [78 [1170 1171 1172 1173 1174 1175 1176 1177 1178 1179 1180 1181 1182 1183 1184]] [79 [1185 1186 1187 1188 1189 1190 1191 1192 1193 1194 1195 1196 1197 1198 1199]] [80 [1200 1201 1202 1203 1204 1205 1206 1207 1208 1209 1210 1211 1212 1213 1214]] [81 [1215 1216 1217 1218 1219 1220 1221 1222 1223 1224 1225 1226 1227 1229]] [82 [1230 1231 1232 1233 1234 1235 1236 1237 1238 1239 1240 1241 1242 1243 1244]] [83 [1245 1246 1247 1248 1249 1250 1251 1252 1253 1254 1255 1256 1257 1258 1259]] [84 [1260 1262 1263 1264 1265 1266 1267 1269 1270 1271 1272 1273 1274]] [85 [1275 1276 1277 1278 1279 1280 1281 1282 1283 1284 1285 1286 1287 1288 1289]] [86 [1290 1291 1292 1293 1294 1295 1296 1297 1299 1300 1301 1302 1303 1304]] [87 [1305 1306 1307 1308 1309 1310 1311 1312 1313 1314 1315 1316 1317 1318 1319]] [88 [1320 1321 1322 1323 1324 1325 1326 1327 1328 1329 1330 1331 1332 1333 1334]] [89 [1335 1336 1337 1338 1339 1340 1341 1342 1343 1344 1345 1346 1347 1348 1349]] [90 [1350 1351 1352 1353 1354 1355 1356 1357 1358 1359 1360 1361 1362 1363 1364]] [91 [1365 1366 1367 1368 1369 1370 1371 1372 1373 1374 1375 1376 1377 1378 1379]] [92 [1380 1381 1382 1383 1384 1385 1386 1387 1388 1389 1390 1391 1392 1393 1394]] [93 [1395 1396 1397 1398 1399 1400 1401 1402 1403 1404 1405 1406 1407 1408 1409]] [94 [1410 1411 1412 1413 1414 1415 1416 1417 1418 1419 1420 1421 1422 1423 1424]] [95 [1425 1426 1427 1428 1429 1430 1431 1432 1433 1434 1435 1436 1437 1438 1439]] [96 [1440 1441 1442 1443 1444 1445 1446 1447 1448 1449 1450 1451 1452 1453 1454]] [97 [1455 1456 1457 1458 1459 1461 1462 1463 1464 1465 1466 1467 1468 1469]] [98 [1470 1471 1472 1473 1474 1475 1476 1477 1478 1479 1480 1481 1482 1483 1484]] [99 [1485 1486 1487 1488 1489 1491 1492 1493 1494 1495 1496 1497 1498 1499]]]","[[0 [3 4 6 8 9 11 12 13 14]] [1 [15 16 17 18 21 22 23 25 26 28 29]] [2 [31 33 34 35 36 37 38 39 41 42 43 44]] [3 [45 46 47 48 49 50 51 52 53 55 56 57 58]] [4 [60 61 62 64 65 66 67 68 69 70 71 72 73 74]] [5 [75 76 77 78 80 83 84 86 87 88 89]] [6 [90 91 93 94 95 97 98 99 100 101 104]] [7 [105 106 107 108 109 110 112 113 114 116 118 119]] [8 [120 121 122 123 124 125 126 127 128 131 132 133]] [9 [136 137 140 141 143 144 145 146 147]] [10 [150 151 152 153 154 155 156 157 158 159 160 161]] [11 [165 167 168 169 170 171 172 173 174 177 178 179]] [12 [180 181 182 183 185 186 187 188 189 191 192 193 194]] [13 [195 197 198 199 200 201 202 203 204 205 207 208 209]] [14 [210 211 212 213 214 216 217 219 220 221 222 223 224]] [15 [225 226 227 228 229 230 231 232 233 234 236 238 239]] [16 [241 242 243 244 245 246 247 248 250 251 252 253 254]] [17 [255 256 257 258 259 260 261 262 263 264 265 266 267 268 269]] [18 [270 271 272 273 274 275 276 277 278 279 280 281 282 284]] [19 [285 286 289 290 291 292 293 294 297 298 299]] [20 [301 302 303 304 305 306 309 311 312 313 314]] [21 [316 317 318 319 320 321 324 325 326 327 328]] [22 [330 331 332 333 335 336 337 339 340 341 342 343]] [23 [345 346 347 348 349 350 351 354 355 356 357 358 359]] [24 [360 361 362 363 364 365 366 367 368 369 370 371 372 373]] [25 [376 377 378 379 381 382 383 384 385 387 388 389]] [26 [391 392 393 394 396 397 398 399 400 401 402 403 404]] [27 [405 406 407 408 409 410 411 413 414 415 416 417 418 419]] [28 [420 421 422 423 424 425 426 427 429 430 431 432 433 434]] [29 [435 436 437 440 441 442 443 444 445 446 447 448 449]] [30 [450 451 452 453 454 455 457 458 459 460 461 464]] [31 [465 466 467 468 469 470 472 473 476 478 479]] [32 [480 483 484 485 486 487 488 489 490 491]] [33 [495 496 498 500 501 502 503 504 505 506 507 508]] [34 [510 511 512 513 514 515 516 517 520 521 522 523]] [35 [525 526 527 528 529 530 531 532 534 535 536 537 538 539]] [36 [540 542 543 544 545 547 548 549 550 551 552 554]] [37 [555 556 557 558 559 560 561 563 564 565 566 567 568 569]] [38 [570 571 572 573 574 575 576 577 578 579 581 582 583 584]] [39 [585 586 587 588 589 590 591 592 593 594 596 597 598 599]] [40 [600 601 602 603 604 605 606 609 610 611 612 614]] [41 [615 616 617 618 619 620 621 622 623 624 625 626 627 628 629]] [42 [630 632 633 634 635 636 637 639 640 641 642 643 644]] [43 [645 646 649 651 652 653 654 656 657 658 659]] [44 [660 661 663 664 665 668 669 670 671 672 673]] [45 [678 679 680 681 682 683 684 685 686 687 688 689]] [46 [690 691 692 693 694 695 696 697 700 701 702 703]] [47 [705 706 707 708 709 710 714 715 716 717 718 719]] [48 [720 721 722 723 725 726 727 728 730 731 732 733 734]] [49 [735 736 737 738 739 740 741 742 743 744 745 746 748]] [50 [750 752 753 754 755 758 759 760 761 762 763 764]] [51 [765 768 769 770 771 772 773 774 775 776 777 778 779]] [52 [780 781 782 785 786 787 788 789 790 791 792 793 794]] [53 [795 796 797 798 799 800 801 802 803 804 805 806 808 809]] [54 [810 811 812 813 814 815 817 818 819 821 822 824]] [55 [825 826 827 828 829 830 831 832 833 835 838 839]] [56 [841 842 843 844 845 846 847 848 849 850 851 852 853 854]] [57 [855 856 857 858 859 861 862 863 864 865 866 867 868 869]] [58 [870 871 872 874 876 877 878 879 880 881 882 883]] [59 [885 886 887 888 889 890 891 892 893 896 898]] [60 [900 901 902 903 904 905 906 908 909 910 911 912 914]] [61 [915 916 917 918 919 920 921 922 924 925 926 927 928 929]] [62 [930 931 932 933 934 935 936 937 938 939 940 941 942 944]] [63 [946 947 948 949 950 951 952 954 955 956 957 958 959]] [64 [961 962 963 964 965 966 967 968 969 971 972]] [65 [977 978 979 980 981 985 986 987 988 989]] [66 [990 991 992 993 994 996 997 998 999 1000 1001 1002 1003 1004]] [67 [1005 1006 1007 1008 1009 1010 1011 1013 1014 1015 1016 1018 1019]] [68 [1020 1022 1023 1024 1025 1026 1028 1029 1030 1031 1032 1034]] [69 [1035 1036 1037 1038 1040 1041 1042 1043 1044 1045 1048 1049]] [70 [1050 1051 1052 1053 1054 1055 1056 1057 1059 1060 1061 1062 1063 1064]] [71 [1066 1067 1068 1069 1070 1072 1073 1074 1075 1077 1078]] [72 [1080 1081 1082 1084 1085 1089 1091 1092 1093 1094]] [73 [1095 1096 1097 1098 1100 1101 1103 1104 1105 1106 1107 1108 1109]] [74 [1110 1111 1112 1114 1115 1116 1118 1120 1121 1122 1123 1124]] [75 [1125 1126 1127 1128 1129 1130 1131 1132 1133 1134 1136 1137 1138 1139]] [76 [1142 1143 1144 1145 1146 1147 1148 1149 1150 1153 1154]] [77 [1155 1156 1157 1159 1161 1162 1163 1164 1165 1166 1167 1168 1169]] [78 [1170 1171 1172 1173 1174 1175 1178 1179 1180 1182 1183 1184]] [79 [1185 1186 1187 1189 1190 1191 1192 1193 1194 1195 1196 1197 1198 1199]] [80 [1201 1202 1203 1204 1205 1206 1207 1208 1209 1211 1212 1214]] [81 [1215 1216 1217 1220 1221 1222 1223 1225 1226 1227 1229]] [82 [1230 1231 1232 1233 1234 1235 1236 1237 1238 1239 1242 1243 1244]] [83 [1245 1246 1247 1249 1250 1251 1252 1254 1255 1256 1257 1258 1259]] [84 [1260 1263 1265 1266 1267 1269 1271 1272 1273 1274]] [85 [1275 1276 1277 1278 1279 1280 1281 1282 1283 1284 1285 1286 1287 1288 1289]] [86 [1290 1291 1292 1293 1295 1296 1297 1302 1303 1304]] [87 [1305 1308 1309 1310 1311 1312 1314 1315 1316 1317 1318 1319]] [88 [1320 1321 1322 1323 1324 1325 1326 1327 1328 1329 1330 1331 1332 1333 1334]] [89 [1336 1337 1338 1339 1340 1341 1342 1343 1344 1345 1347 1348 1349]] [90 [1350 1352 1353 1355 1356 1357 1358 1359 1360 1361 1362 1364]] [91 [1365 1366 1367 1368 1369 1370 1371 1372 1373 1374 1375 1376 1379]] [92 [1380 1381 1382 1383 1384 1386 1387 1388 1389 1390 1391 1392 1393 1394]] [93 [1395 1396 1397 1398 1401 1402 1403 1404 1405 1406 1407 1408 1409]] [94 [1411 1412 1413 1414 1417 1418 1419 1420 1421 1422 1423 1424]] [95 [1425 1426 1427 1428 1429 1430 1433 1434 1436 1437 1438 1439]] [96 [1440 1443 1445 1446 1447 1448 1449 1451 1452 1453 1454]] [97 [1455 1456 1457 1458 1459 1461 1462 1463 1464 1465 1466 1467 1468 1469]] [98 [1470 1471 1472 1474 1475 1476 1477 1478 1479 1480 1481 1482 1483 1484]] [99 [1485 1486 1488 1489 1491 1492 1493 1494 1496 1497 1498 1499]]]",,"[[{citizen 28} [[""A"" [4 4 3 3 3 2 3 4 4 4]]]] [{citizen 30} [[""A"" [3 3 2 2 3 3 4 4 4 4]]]] [{citizen 33} [[""A"" [4 3 3 2 2 3 3 4 4 4]]]] [{media 50} [[""A"" [4 4 4 4 4 4 4 4 4 4]]]] [{media 51} [[""A"" [3 3 3 3 3 3 3 3 3 3]]]] [{media 52} [[""A"" [4 4 4 4 4 4 4 4 4 4]]]] [{media 53} [[""A"" [3 3 3 3 3 3 3 3 3 3]]]] [{media 54} [[""A"" [4 4 4 4 4 4 4 4 4 4]]]] [{media 56} [[""A"" [3 3 3 3 3 3 3 3 3 3]]]] [{media 57} [[""A"" [3 3 3 3 3 3 3 3 3 3]]]] [{media 58} [[""A"" [4 4 4 4 4 4 4 4 4 4]]]] [{media 59} [[""A"" [2 2 2 2 2 2 2 2 2 2]]]] [{media 61} [[""A"" [3 3 3 3 3 3 3 3 3 3]]]] [{media 62} [[""A"" [2 2 2 2 2 2 2 2 2 2]]]] [{media 63} [[""A"" [4 4 4 4 4 4 4 4 4 4]]]] [{media 64} [[""A"" [2 2 2 2 2 2 2 2 2 2]]]] [{media 60} [[""A"" [5 5 5 5 5 5 5 5 5 5]]]] [{citizen 9} [[""A"" [2 3 5 3 3 3 3 4 2 4]]]] [{citizen 1} [[""A"" [3 2 3 3 3 4 4 3 4 4]]]] [{citizen 0} [[""A"" [4 2 3 3 2 3 3 4 3 5]]]] [{citizen 17} [[""A"" [4 4 4 4 3 3 3 4 5 4]]]] [{citizen 19} [[""A"" [4 3 3 2 3 4 4 4 5 4]]]] [{citizen 13} [[""A"" [3 3 2 2 3 3 4 2 4 4]]]] [{citizen 4} [[""A"" [2 3 3 2 3 3 4 3 4 4]]]] [{citizen 5} [[""A"" [4 4 4 5 3 3 2 3 4 4]]]] [{citizen 2} [[""A"" [4 4 3 3 3 4 3 4 5 4]]]] [{citizen 21} [[""A"" [4 2 2 3 3 3 4 4 4 4]]]] [{citizen 7} [[""A"" [5 3 2 3 3 4 4 4 5 4]]]] [{citizen 31} [[""A"" [5 3 3 2 3 4 4 2 3 4]]]] [{citizen 39} [[""A"" [4 2 3 3 2 3 3 4 4 4]]]] [{citizen 44} [[""A"" [2 5 3 2 3 3 4 4 5 4]]]] [{citizen 38} [[""A"" [3 4 4 3 5 3 3 4 2 4]]]] [{citizen 22} [[""A"" [2 3 4 4 4 2 3 4 4 4]]]] [{citizen 49} [[""A"" [4 3 4 3 3 3 4 4 5 4]]]] [{citizen 12} [[""A"" [3 5 4 3 5 3 3 3 4 4]]]] [{citizen 36} [[""A"" [2 4 3 3 2 3 4 4 5 4]]]] [{citizen 10} [[""A"" [2 3 5 3 3 3 4 4 5 4]]]] [{citizen 47} [[""A"" [4 4 3 2 3 3 3 4 5 4]]]] [{citizen 11} [[""A"" [3 5 2 2 3 4 4 4 5 4]]]] [{citizen 40} [[""A"" [4 4 3 3 2 3 3 4 3 4]]]] [{citizen 6} [[""A"" [4 2 3 4 3 3 3 4 4 4]]]] [{citizen 37} [[""A"" [5 3 5 3 2 3 4 4 3 4]]]] [{citizen 25} [[""A"" [4 4 4 4 3 3 3 4 3 4]]]] [{citizen 41} [[""A"" [3 5 4 2 3 3 4 4 3 4]]]] [{citizen 3} [[""A"" [5 3 5 3 3 3 3 4 4 4]]]] [{citizen 43} [[""A"" [3 3 3 2 2 3 4 4 4 4]]]] [{citizen 45} [[""A"" [4 2 5 4 3 2 4 3 4 4]]]] [{citizen 8} [[""A"" [4 4 3 3 3 3 3 3 4 4]]]] [{citizen 42} [[""A"" [4 4 4 4 4 3 3 4 4 5]]]] [{citizen 27} [[""A"" [4 2 3 3 3 3 3 3 4 4]]]] [{citizen 15} [[""A"" [2 3 5 3 2 2 3 4 4 4]]]] [{citizen 32} [[""A"" [3 5 2 3 3 4 3 4 4 4]]]] [{citizen 46} [[""A"" [4 4 4 4 3 3 3 4 4 4]]]] [{citizen 14} [[""A"" [4 3 3 2 3 3 4 3 4 4]]]] [{citizen 35} [[""A"" [4 3 3 2 3 4 3 4 5 4]]]] [{citizen 48} [[""A"" [3 5 4 3 3 4 4 3 4 4]]]] [{citizen 20} [[""A"" [3 3 2 3 3 3 4 4 5 4]]]] [{citizen 16} [[""A"" [3 3 5 3 3 4 4 4 5 4]]]] [{citizen 23} [[""A"" [3 5 2 2 3 3 4 2 5 4]]]] [{citizen 26} [[""A"" [4 3 3 3 2 3 3 4 4 4]]]] [{citizen 18} [[""A"" [3 4 3 4 3 3 2 3 4 4]]]] [{media 55} [[""A"" [5 5 5 5 5 5 5 5 5 5]]]] [{citizen 29} [[""A"" [4 4 3 2 3 3 3 4 5 4]]]] [{citizen 34} [[""A"" [5 3 3 2 3 3 4 4 3 4]]]]]"
"25","[85 0 170]","211.2244897959184","-6.881391111360587","-11.523906847376303","""circle""","""""","9.9","{breed citizens}","false","0.5","1","""up""",,"[[""ID"" 25] [""alpha"" 1] [""beta"" 1] [""malleable"" [""A""]] [""prior"" []] [""cont_tokens"" []] [""A"" 4]]","[[0 [0 1 2 3 4 5 6 7 8 9 10 11 12 13 14]] [1 [15 16 17 18 19 20 21 22 23 25 26 28 29]] [2 [30 31 32 33 34 35 36 37 38 39 40 41 42 43 44]] [3 [45 46 47 48 49 50 51 52 53 54 55 56 57 58 59]] [4 [60 61 62 63 64 65 66 67 68 69 70 71 72 73 74]] [5 [75 76 77 78 80 83 84 85 86 87 88 89]] [6 [90 91 92 93 94 95 96 97 98 99 100 101 102 103 104]] [7 [105 106 107 108 109 110 111 112 113 114 115 116 117 118 119]] [8 [120 121 122 123 124 125 126 127 128 129 130 131 132 133 134]] [9 [135 136 137 138 139 140 141 142 143 144 145 146 147 148 149]] [10 [150 151 152 153 154 155 156 157 158 159 160 161 162 163 164]] [11 [165 166 167 168 169 170 171 172 173 174 175 176 177 178 179]] [12 [180 181 182 183 184 185 186 187 188 189 190 191 192 193 194]] [13 [195 196 197 198 199 200 201 202 203 204 205 206 207 208 209]] [14 [210 211 212 213 214 215 216 217 218 219 220 221 222 223 224]] [15 [225 226 227 228 229 230 231 232 233 234 235 236 237 238 239]] [16 [240 241 242 243 244 245 246 247 248 249 250 251 252 253 254]] [17 [255 256 257 258 259 260 261 262 263 264 265 266 267 268 269]] [18 [270 271 272 273 274 275 276 277 278 279 280 281 282 283 284]] [19 [285 286 287 288 289 290 291 292 293 294 295 296 297 298 299]] [20 [300 301 302 303 304 305 306 307 309 310 311 312 313 314]] [21 [315 316 317 318 319 320 321 322 323 324 325 326 327 328 329]] [22 [330 331 332 333 334 335 336 337 338 339 340 341 342 343 344]] [23 [345 346 347 348 349 350 351 352 353 354 355 356 357 358 359]] [24 [360 361 362 363 364 365 366 367 368 369 370 371 372 373 374]] [25 [375 376 377 378 379 380 381 382 383 384 385 386 387 388 389]] [26 [390 391 392 393 394 395 396 397 398 399 400 401 402 403 404]] [27 [405 406 407 408 409 410 411 412 413 414 415 416 417 418 419]] [28 [420 421 422 423 424 425 426 427 428 429 430 431 432 433 434]] [29 [435 436 437 438 439 440 441 442 443 444 445 446 447 448 449]] [30 [450 451 452 453 454 455 456 457 458 459 460 461 462 463 464]] [31 [465 466 467 468 469 470 471 472 473 474 475 476 477 478 479]] [32 [480 481 482 483 484 485 486 487 488 489 490 491 492 493 494]] [33 [495 496 497 498 499 500 501 502 503 504 505 506 507 508 509]] [34 [510 511 512 513 514 515 516 517 519 520 521 522 523 524]] [35 [525 526 527 528 529 530 531 532 533 534 535 536 537 538 539]] [36 [540 541 542 543 544 545 546 547 548 549 550 551 552 553 554]] [37 [555 556 557 558 559 560 561 562 563 564 565 566 567 568 569]] [38 [570 571 572 573 574 575 576 577 578 579 580 581 582 583 584]] [39 [585 586 587 588 589 590 591 592 593 594 595 596 597 598 599]] [40 [600 601 602 603 604 605 606 607 608 609 610 611 612 613 614]] [41 [615 616 617 618 619 620 621 622 623 624 625 626 627 628 629]] [42 [630 631 632 633 634 635 636 637 638 639 640 641 642 643 644]] [43 [645 646 647 648 649 650 651 652 653 654 656 657 658 659]] [44 [660 661 662 663 664 665 666 667 668 669 670 671 672 673 674]] [45 [675 676 677 678 679 680 681 682 683 684 685 686 687 688 689]] [46 [690 691 692 693 694 695 696 697 698 699 700 701 702 703 704]] [47 [705 706 707 708 709 710 711 712 713 714 715 716 717 718 719]] [48 [720 721 722 723 724 725 726 727 728 729 730 731 732 733 734]] [49 [735 736 737 738 739 740 741 742 743 744 745 746 747 748 749]] [50 [750 751 752 753 754 755 756 757 758 759 760 761 762 763 764]] [51 [765 766 767 768 769 770 771 772 773 774 775 776 777 778 779]] [52 [780 781 782 783 784 785 786 787 788 789 790 791 792 793 794]] [53 [795 796 797 798 799 800 801 802 803 804 805 806 807 808 809]] [54 [810 811 812 813 814 815 816 817 818 819 820 821 822 823 824]] [55 [825 826 827 828 829 830 831 832 833 834 835 836 837 838 839]] [56 [840 841 842 843 844 845 846 847 848 849 850 851 852 853 854]] [57 [855 856 857 858 859 860 861 862 863 864 865 866 867 868 869]] [58 [870 871 872 873 874 875 876 877 878 879 880 881 882 883 884]] [59 [885 886 887 888 889 890 891 892 893 894 895 896 897 898 899]] [60 [900 901 902 903 904 905 906 907 908 909 910 911 912 913 914]] [61 [915 916 917 918 919 920 921 922 923 924 925 926 927 928 929]] [62 [930 931 932 933 934 935 936 937 938 939 940 941 942 943 944]] [63 [945 946 947 948 949 950 951 952 953 954 955 956 957 958 959]] [64 [960 961 962 963 964 965 966 967 968 969 970 971 972 973 974]] [65 [975 976 977 978 979 980 981 984 985 986 987 988 989]] [66 [990 991 992 993 994 996 997 998 999 1000 1001 1002 1003 1004]] [67 [1005 1006 1007 1008 1009 1010 1011 1012 1013 1014 1015 1016 1017 1018 1019]] [68 [1020 1022 1023 1024 1025 1026 1027 1028 1029 1030 1031 1032 1034]] [69 [1035 1036 1037 1038 1039 1040 1041 1042 1043 1044 1045 1046 1047 1048 1049]] [70 [1050 1051 1052 1053 1054 1055 1056 1057 1058 1059 1060 1061 1062 1063 1064]] [71 [1065 1066 1067 1068 1069 1070 1071 1072 1073 1074 1075 1076 1077 1078 1079]] [72 [1080 1081 1082 1083 1084 1085 1086 1087 1088 1089 1090 1091 1092 1093 1094]] [73 [1095 1096 1097 1098 1099 1100 1101 1102 1103 1104 1105 1106 1107 1108 1109]] [74 [1110 1111 1112 1113 1114 1115 1116 1117 1118 1119 1120 1121 1122 1123 1124]] [75 [1125 1126 1127 1128 1129 1130 1131 1132 1133 1134 1135 1136 1137 1138 1139]] [76 [1140 1141 1142 1143 1144 1145 1146 1147 1148 1149 1150 1151 1152 1153 1154]] [77 [1155 1156 1157 1159 1161 1162 1163 1164 1165 1166 1167 1168 1169]] [78 [1170 1171 1172 1173 1174 1175 1176 1177 1178 1179 1180 1181 1182 1183 1184]] [79 [1185 1186 1187 1188 1189 1190 1191 1192 1193 1194 1195 1196 1197 1198 1199]] [80 [1200 1201 1202 1203 1204 1205 1206 1207 1208 1209 1210 1211 1212 1213 1214]] [81 [1215 1216 1217 1218 1219 1220 1221 1222 1223 1224 1225 1226 1227 1228 1229]] [82 [1230 1231 1232 1233 1234 1235 1236 1237 1238 1239 1240 1241 1242 1243 1244]] [83 [1245 1246 1247 1248 1249 1250 1251 1252 1253 1254 1255 1256 1257 1258 1259]] [84 [1260 1262 1263 1264 1265 1266 1267 1269 1270 1271 1272 1273 1274]] [85 [1275 1276 1277 1278 1279 1280 1281 1282 1283 1284 1285 1286 1287 1288 1289]] [86 [1290 1291 1292 1293 1294 1295 1296 1297 1299 1300 1301 1302 1303 1304]] [87 [1305 1306 1307 1308 1309 1310 1311 1312 1313 1314 1315 1316 1317 1318 1319]] [88 [1320 1321 1322 1323 1324 1325 1326 1327 1328 1329 1330 1331 1332 1333 1334]] [89 [1335 1336 1337 1338 1339 1340 1341 1342 1343 1344 1345 1346 1347 1348 1349]] [90 [1350 1351 1352 1353 1354 1355 1356 1357 1358 1359 1360 1361 1362 1363 1364]] [91 [1365 1366 1367 1368 1369 1370 1371 1372 1373 1374 1375 1376 1377 1378 1379]] [92 [1380 1381 1382 1383 1384 1385 1386 1387 1388 1389 1390 1391 1392 1393 1394]] [93 [1395 1396 1397 1398 1399 1400 1401 1402 1403 1404 1405 1406 1407 1408 1409]] [94 [1410 1411 1412 1413 1414 1415 1416 1417 1418 1419 1420 1421 1422 1423 1424]] [95 [1425 1426 1427 1428 1429 1430 1431 1432 1433 1434 1435 1436 1437 1438 1439]] [96 [1440 1441 1442 1443 1444 1445 1446 1447 1448 1449 1450 1451 1452 1453 1454]] [97 [1455 1456 1457 1458 1459 1461 1462 1463 1464 1465 1466 1467 1468 1469]] [98 [1470 1471 1472 1473 1474 1475 1476 1477 1478 1479 1480 1481 1482 1483 1484]] [99 [1485 1486 1487 1488 1489 1491 1492 1493 1494 1495 1496 1497 1498 1499]]]","[[0 [0 1 2 3 4 5 6 7 8 10 12 13 14]] [1 [15 16 17 18 19 20 21 22 23 25 26 28 29]] [2 [31 33 34 35 37 38 40 41 42 43 44]] [3 [45 46 47 48 49 50 51 52 54 55 56 57 58]] [4 [60 62 63 64 65 66 67 68 69 70 71 72 73 74]] [5 [75 76 77 78 80 83 84 85 86 87 88 89]] [6 [90 91 93 94 95 97 99 100 101 104]] [7 [105 106 107 108 109 110 111 113 114 115 117 118]] [8 [120 121 122 123 124 125 126 127 128 131 132 133]] [9 [135 136 137 139 142 143 144 145 146 147]] [10 [152 153 154 155 157 158 159 160 161 163 164]] [11 [165 167 168 170 171 172 173 174 175 176 177 178 179]] [12 [180 181 182 183 184 185 186 187 188 189 190 191 193 194]] [13 [195 198 199 200 201 202 203 204 205 207 208 209]] [14 [211 212 213 214 215 216 217 219 220 221 222 223 224]] [15 [225 226 227 228 229 230 231 232 233 234 236 239]] [16 [241 242 243 246 247 248 249 250 251 252 253 254]] [17 [255 256 257 258 259 260 261 262 263 264 265 266 267 268 269]] [18 [270 271 274 275 276 277 278 279 280 281 282 284]] [19 [285 287 288 289 290 291 292 293 294 297 298 299]] [20 [301 302 303 304 305 306 310 311 312 313]] [21 [315 316 317 318 319 320 321 325 326 327 328 329]] [22 [330 331 332 333 334 336 337 338 339 340 341 342 343]] [23 [345 346 347 348 349 350 351 355 356 357 358 359]] [24 [360 361 362 363 364 367 368 370 371 372 373]] [25 [376 380 381 382 383 384 385 386 387 388 389]] [26 [390 391 392 393 395 396 397 398 399 400 401 402]] [27 [406 407 408 409 410 411 412 413 414 415 416 417 418 419]] [28 [420 421 422 424 425 426 427 429 430 431 432 433 434]] [29 [435 436 437 444 445 446 447 448]] [30 [450 451 452 453 456 457 458 459 460 461 462]] [31 [466 467 468 469 470 471 472 473 474 475 477]] [32 [480 483 484 485 486 488 489 490 491 492 493 494]] [33 [495 496 498 499 500 501 502 503 504 505 506 507 508]] [34 [510 511 512 513 514 515 516 517 520 521 523 524]] [35 [525 526 527 528 529 531 532 534 536 538 539]] [36 [541 542 543 544 546 547 548 549 550 551 552 554]] [37 [555 556 557 558 560 561 563 564 565 566 567 568 569]] [38 [570 571 572 573 574 575 576 577 578 579 581 582 583 584]] [39 [585 586 587 588 589 590 592 593 594 595 597 598 599]] [40 [600 601 604 605 607 608 609 610 613 614]] [41 [615 616 617 618 619 620 621 622 623 624 625 626 627 629]] [42 [630 632 633 634 635 636 637 638 640 642 643 644]] [43 [647 648 650 651 652 653 654 656 657 658 659]] [44 [660 661 662 663 664 665 668 670 671 672 674]] [45 [675 676 677 678 679 680 681 682 684 685 689]] [46 [690 691 692 693 694 695 696 697 698 699 700 701 702 703 704]] [47 [706 707 709 710 713 714 715 716 717 718 719]] [48 [720 721 722 723 725 726 727 728 729 730 731 732 733]] [49 [735 737 738 739 740 741 742 743 744 745 746 748 749]] [50 [750 751 752 753 754 755 756 757 758 759 760 761 762 763 764]] [51 [765 767 769 770 771 772 773 774 775 776 777 778 779]] [52 [780 781 782 785 786 789 790 791 792 793 794]] [53 [795 796 797 798 799 800 801 802 803 804 805 806 807 808 809]] [54 [811 812 813 814 815 817 819 820 821 823 824]] [55 [825 826 827 829 830 831 832 833 835 837 838 839]] [56 [841 842 844 845 846 847 848 849 850 851 852 853 854]] [57 [856 857 858 859 861 862 863 864 865 866 867 868 869]] [58 [870 871 872 873 874 876 877 878 879 880 881 882 883]] [59 [885 886 887 888 889 890 891 892 893 896 898]] [60 [900 901 902 903 904 905 906 909 910 911 912 914]] [61 [915 916 917 919 920 921 922 924 925 926 927]] [62 [930 931 932 933 934 935 936 937 938 939 943]] [63 [945 947 948 949 950 951 952 954 955 956 957 958 959]] [64 [960 961 962 963 964 965 967 968 969 970 973 974]] [65 [975 976 977 978 979 980 984 985 986 987 988 989]] [66 [990 991 992 993 994 996 997 998 999 1000 1001 1002 1003 1004]] [67 [1005 1006 1007 1008 1009 1010 1011 1012 1013 1014 1015 1016 1018 1019]] [68 [1020 1022 1023 1024 1025 1026 1028 1029 1030 1031 1032 1034]] [69 [1035 1036 1037 1039 1040 1041 1042 1043 1044 1045 1048 1049]] [70 [1050 1051 1052 1053 1054 1055 1056 1057 1059 1060 1061 1062 1063]] [71 [1065 1066 1067 1068 1069 1070 1071 1072 1073 1074 1075 1076 1078]] [72 [1080 1081 1082 1083 1084 1085 1089 1090 1091 1092 1093 1094]] [73 [1095 1096 1097 1099 1101 1103 1104 1105 1106 1107 1108 1109]] [74 [1110 1111 1112 1115 1116 1117 1119 1122 1123 1124]] [75 [1125 1126 1127 1128 1129 1130 1131 1132 1133 1134 1136 1137]] [76 [1140 1141 1142 1143 1144 1145 1146 1147 1148 1149 1150 1153 1154]] [77 [1155 1156 1159 1161 1162 1163 1165 1166 1167 1168 1169]] [78 [1170 1172 1174 1175 1178 1179 1180 1182 1183 1184]] [79 [1185 1186 1187 1189 1190 1192 1193 1194 1195 1196 1197 1198]] [80 [1200 1201 1202 1203 1206 1207 1208 1209 1210 1211 1213]] [81 [1215 1216 1217 1218 1219 1220 1221 1222 1223 1224 1225 1226 1227 1229]] [82 [1230 1231 1232 1233 1234 1235 1236 1238 1239 1242 1243 1244]] [83 [1245 1246 1247 1248 1250 1251 1252 1254 1255 1256 1257 1258 1259]] [84 [1260 1262 1263 1264 1265 1266 1267 1270 1271 1272 1273 1274]] [85 [1275 1276 1277 1278 1279 1281 1282 1283 1284 1286 1287 1289]] [86 [1292 1294 1295 1296 1297 1302 1304]] [87 [1305 1308 1309 1310 1311 1312 1314 1316 1317 1318 1319]] [88 [1320 1321 1323 1324 1328 1329 1330 1331 1332 1333]] [89 [1335 1337 1338 1339 1340 1341 1342 1343 1345 1346 1347 1348 1349]] [90 [1350 1352 1353 1355 1356 1357 1358 1359 1360 1361 1362 1364]] [91 [1365 1366 1367 1368 1369 1370 1371 1372 1373 1374 1376 1379]] [92 [1380 1381 1383 1385 1386 1387 1389 1390 1391 1392 1393 1394]] [93 [1395 1396 1397 1398 1399 1400 1401 1402 1404 1406 1407 1408 1409]] [94 [1410 1411 1412 1413 1414 1416 1417 1418 1419 1420 1421 1422 1424]] [95 [1425 1426 1427 1430 1431 1432 1433 1434 1436 1437 1438 1439]] [96 [1440 1442 1444 1445 1446 1447 1448 1449 1450 1451 1452 1453 1454]] [97 [1455 1457 1458 1459 1462 1463 1464 1465 1466 1467 1468 1469]] [98 [1470 1471 1472 1473 1475 1476 1477 1478 1479 1480 1482 1483 1484]] [99 [1485 1486 1488 1489 1491 1492 1493 1494 1495 1496 1497 1498 1499]]]",,"[[{media 50} [[""A"" [4 4 4 4 4 4 4 4 4 4]]]] [{media 51} [[""A"" [3 3 3 3 3 3 3 3 3 3]]]] [{media 52} [[""A"" [4 4 4 4 4 4 4 4 4 4]]]] [{media 53} [[""A"" [3 3 3 3 3 3 3 3 3 3]]]] [{media 54} [[""A"" [4 4 4 4 4 4 4 4 4 4]]]] [{media 55} [[""A"" [5 5 5 5 5 5 5 5 5 5]]]] [{media 56} [[""A"" [3 3 3 3 3 3 3 3 3 3]]]] [{media 57} [[""A"" [3 3 3 3 3 3 3 3 3 3]]]] [{media 58} [[""A"" [4 4 4 4 4 4 4 4 4 4]]]] [{media 59} [[""A"" [2 2 2 2 2 2 2 2 2 2]]]] [{media 60} [[""A"" [5 5 5 5 5 5 5 5 5 5]]]] [{media 61} [[""A"" [3 3 3 3 3 3 3 3 3 3]]]] [{media 62} [[""A"" [2 2 2 2 2 2 2 2 2 2]]]] [{media 63} [[""A"" [4 4 4 4 4 4 4 4 4 4]]]] [{media 64} [[""A"" [2 2 2 2 2 2 2 2 2 2]]]] [{citizen 9} [[""A"" [2 2 4 3 3 3 4 2 4 4]]]] [{citizen 17} [[""A"" [4 3 2 3 3 4 3 2 5 4]]]] [{citizen 13} [[""A"" [4 3 2 2 2 3 3 4 2 4]]]] [{citizen 19} [[""A"" [2 2 3 3 4 3 4 4 5 4]]]] [{citizen 4} [[""A"" [5 3 2 2 2 3 3 4 4 4]]]] [{citizen 5} [[""A"" [3 2 2 2 3 3 4 3 4 5]]]] [{citizen 2} [[""A"" [5 2 3 3 4 3 2 4 5 4]]]] [{citizen 21} [[""A"" [4 2 2 2 3 3 4 4 5 4]]]] [{citizen 0} [[""A"" [2 2 2 3 3 4 3 4 3 5]]]] [{citizen 7} [[""A"" [3 2 2 2 3 3 4 4 4 5]]]] [{citizen 31} [[""A"" [2 2 4 3 3 4 4 2 3 4]]]] [{citizen 39} [[""A"" [2 2 2 3 4 4 2 4 5 4]]]] [{citizen 44} [[""A"" [4 5 3 2 2 3 3 4 5 4]]]] [{citizen 28} [[""A"" [5 3 2 2 2 3 3 4 5 4]]]] [{citizen 24} [[""A"" [3 3 2 2 2 3 4 3 4 5]]]] [{citizen 37} [[""A"" [3 3 2 2 3 3 4 4 4 5]]]] [{citizen 30} [[""A"" [3 4 3 2 2 3 3 4 4 5]]]] [{citizen 3} [[""A"" [5 3 2 3 4 3 4 2 4 5]]]] [{citizen 27} [[""A"" [3 4 2 3 3 4 3 3 4 4]]]] [{citizen 12} [[""A"" [3 2 2 3 3 4 3 4 2 5]]]] [{citizen 16} [[""A"" [2 3 4 5 3 3 4 4 5 4]]]] [{citizen 49} [[""A"" [3 4 3 2 3 3 4 3 4 5]]]] [{citizen 1} [[""A"" [2 2 2 3 3 3 4 3 4 4]]]] [{citizen 8} [[""A"" [5 3 3 2 3 3 4 4 5 4]]]] [{citizen 22} [[""A"" [4 3 2 2 2 3 4 3 4 4]]]] [{citizen 33} [[""A"" [3 2 2 2 3 3 4 2 4 5]]]] [{citizen 35} [[""A"" [3 2 2 3 3 2 3 4 5 4]]]] [{citizen 38} [[""A"" [2 2 3 3 4 3 4 2 5 4]]]] [{citizen 36} [[""A"" [2 2 2 3 3 4 4 4 5 4]]]] [{citizen 10} [[""A"" [3 5 2 2 3 3 4 3 5 4]]]] [{citizen 47} [[""A"" [4 4 2 2 3 3 4 3 4 5]]]] [{citizen 11} [[""A"" [2 2 2 3 4 4 2 4 5 4]]]] [{citizen 40} [[""A"" [3 4 3 2 2 3 3 4 5 4]]]] [{citizen 6} [[""A"" [4 3 2 2 3 3 4 3 2 5]]]] [{citizen 41} [[""A"" [2 2 3 3 4 4 2 3 4 4]]]] [{citizen 43} [[""A"" [2 2 3 3 4 3 4 4 5 4]]]] [{citizen 45} [[""A"" [2 2 5 4 2 2 2 3 4 4]]]] [{citizen 42} [[""A"" [3 2 2 3 3 4 3 4 4 5]]]] [{citizen 18} [[""A"" [4 3 4 3 2 2 2 3 3 4]]]] [{citizen 15} [[""A"" [3 2 2 2 3 3 4 2 4 5]]]] [{citizen 46} [[""A"" [4 2 2 3 3 4 2 4 5 4]]]] [{citizen 14} [[""A"" [2 2 2 4 3 3 4 3 4 4]]]] [{citizen 20} [[""A"" [2 2 2 3 3 4 3 2 4 5]]]] [{citizen 29} [[""A"" [2 2 3 3 4 3 4 2 5 4]]]] [{citizen 32} [[""A"" [4 5 2 2 3 3 4 3 4 5]]]] [{citizen 23} [[""A"" [3 2 2 2 3 3 4 3 2 5]]]] [{citizen 48} [[""A"" [4 3 2 3 3 4 3 4 5 4]]]] [{citizen 26} [[""A"" [3 3 2 2 2 3 3 3 4 5]]]] [{citizen 34} [[""A"" [2 3 3 4 3 2 3 4 5 4]]]]]"
"26","[85 0 170]","52.530612244897945","11.673037292944798","8.793515831146705","""circle""","""""","9.9","{breed citizens}","false","0.5","1","""up""",,"[[""ID"" 26] [""alpha"" 1] [""beta"" 1] [""malleable"" [""A""]] [""prior"" []] [""cont_tokens"" []] [""A"" 4]]","[[0 [0 1 2 3 4 5 6 7 8 9 10 11 12 13 14]] [1 [15 16 17 18 19 20 21 22 23 25 26 28 29]] [2 [30 31 32 33 34 35 36 37 38 39 40 41 42 43 44]] [3 [45 46 47 48 49 50 51 52 53 54 55 56 57 58 59]] [4 [60 61 62 63 64 65 66 67 68 69 70 71 72 73 74]] [5 [75 76 77 78 80 83 84 85 86 87 88 89]] [6 [90 91 92 93 94 95 96 97 98 99 100 101 102 103 104]] [7 [105 106 107 108 109 110 111 112 113 114 115 116 117 118 119]] [8 [120 121 122 123 124 125 126 127 128 129 130 131 132 133 134]] [9 [135 136 137 138 139 140 141 142 143 144 145 146 147 148 149]] [10 [150 151 152 153 154 155 156 157 158 159 160 161 162 163 164]] [11 [165 166 167 168 169 170 171 172 173 174 175 176 177 178 179]] [12 [180 181 182 183 184 185 186 187 188 189 190 191 192 193 194]] [13 [195 196 197 198 199 200 201 202 203 204 205 206 207 208 209]] [14 [210 211 212 213 214 215 216 217 218 219 220 221 222 223 224]] [15 [225 226 227 228 229 230 231 232 233 234 235 236 237 238 239]] [16 [240 241 242 243 244 245 246 247 248 249 250 251 252 253 254]] [17 [255 256 257 258 259 260 261 262 263 264 265 266 267 268 269]] [18 [270 271 272 273 274 275 276 277 278 279 280 281 282 283 284]] [19 [285 286 287 288 289 290 291 292 293 294 295 296 297 298 299]] [20 [300 301 302 303 304 305 306 307 309 310 311 312 313 314]] [21 [315 316 317 318 319 320 321 322 323 324 325 326 327 328 329]] [22 [330 331 332 333 334 335 336 337 338 339 340 341 342 343 344]] [23 [345 346 347 348 349 350 351 352 353 354 355 356 357 358 359]] [24 [360 361 362 363 364 365 366 367 368 369 370 371 372 373 374]] [25 [375 376 377 378 379 380 381 382 383 384 385 386 387 388 389]] [26 [390 391 392 393 394 395 396 397 398 399 400 401 402 403 404]] [27 [405 406 407 408 409 410 411 412 413 414 415 416 417 418 419]] [28 [420 421 422 423 424 425 426 427 428 429 430 431 432 433 434]] [29 [435 436 437 438 439 440 441 442 443 444 445 446 447 448 449]] [30 [450 451 452 453 454 455 456 457 458 459 460 461 462 463 464]] [31 [465 466 467 468 469 470 471 472 473 474 475 476 477 478 479]] [32 [480 481 482 483 484 485 486 487 488 489 490 491 492 493 494]] [33 [495 496 497 498 499 500 501 502 503 504 505 506 507 508 509]] [34 [510 511 512 513 514 515 516 517 519 520 521 522 523 524]] [35 [525 526 527 528 529 530 531 532 533 534 535 536 537 538 539]] [36 [540 541 542 543 544 545 546 547 548 549 550 551 552 553 554]] [37 [555 556 557 558 559 560 561 562 563 564 565 566 567 568 569]] [38 [570 571 572 573 574 575 576 577 578 579 580 581 582 583 584]] [39 [585 586 587 588 589 590 591 592 593 594 595 596 597 598 599]] [40 [600 601 602 603 604 605 606 607 608 609 610 611 612 613 614]] [41 [615 616 617 618 619 620 621 622 623 624 625 626 627 628 629]] [42 [630 631 632 633 634 635 636 637 638 639 640 641 642 643 644]] [43 [645 646 647 648 649 650 651 652 653 654 656 657 658 659]] [44 [660 661 662 663 664 665 666 667 668 669 670 671 672 673 674]] [45 [675 676 677 678 679 680 681 682 683 684 685 686 687 688 689]] [46 [690 691 692 693 694 695 696 697 698 699 700 701 702 703 704]] [47 [705 706 707 708 709 710 711 712 713 714 715 716 717 718 719]] [48 [720 721 722 723 724 725 726 727 728 729 730 731 732 733 734]] [49 [735 736 737 738 739 740 741 742 743 744 745 746 747 748 749]] [50 [750 751 752 753 754 755 756 757 758 759 760 761 762 763 764]] [51 [765 766 767 768 769 770 771 772 773 774 775 776 777 778 779]] [52 [780 781 782 783 784 785 786 787 788 789 790 791 792 793 794]] [53 [795 796 797 798 799 800 801 802 803 804 805 806 807 808 809]] [54 [810 811 812 813 814 815 816 817 818 819 820 821 822 823 824]] [55 [825 826 827 828 829 830 831 832 833 834 835 836 837 838 839]] [56 [840 841 842 843 844 845 846 847 848 849 850 851 852 853 854]] [57 [855 856 857 858 859 860 861 862 863 864 865 866 867 868 869]] [58 [870 871 872 873 874 875 876 877 878 879 880 881 882 883 884]] [59 [885 886 887 888 889 890 891 892 893 894 895 896 897 898 899]] [60 [900 901 902 903 904 905 906 907 908 909 910 911 912 913 914]] [61 [915 916 917 918 919 920 921 922 923 924 925 926 927 928 929]] [62 [930 931 932 933 934 935 936 937 938 939 940 941 942 943 944]] [63 [945 946 947 948 949 950 951 952 953 954 955 956 957 958 959]] [64 [960 961 962 963 964 965 966 967 968 969 970 971 972 973 974]] [65 [975 976 977 978 979 980 981 984 985 986 987 988 989]] [66 [990 991 992 993 994 996 997 998 999 1000 1001 1002 1003 1004]] [67 [1005 1006 1007 1008 1009 1010 1011 1012 1013 1014 1015 1016 1017 1018 1019]] [68 [1020 1022 1023 1024 1025 1026 1027 1028 1029 1030 1031 1032 1034]] [69 [1035 1036 1037 1038 1039 1040 1041 1042 1043 1044 1045 1046 1047 1048 1049]] [70 [1050 1051 1052 1053 1054 1055 1056 1057 1058 1059 1060 1061 1062 1063 1064]] [71 [1065 1066 1067 1068 1069 1070 1071 1072 1073 1074 1075 1076 1077 1078 1079]] [72 [1080 1081 1082 1083 1084 1085 1086 1087 1088 1089 1090 1091 1092 1093 1094]] [73 [1095 1096 1097 1098 1099 1100 1101 1102 1103 1104 1105 1106 1107 1108 1109]] [74 [1110 1111 1112 1113 1114 1115 1116 1117 1118 1119 1120 1121 1122 1123 1124]] [75 [1125 1126 1127 1128 1129 1130 1131 1132 1133 1134 1135 1136 1137 1138 1139]] [76 [1140 1141 1142 1143 1144 1145 1146 1147 1148 1149 1150 1151 1152 1153 1154]] [77 [1155 1156 1157 1159 1161 1162 1163 1164 1165 1166 1167 1168 1169]] [78 [1170 1171 1172 1173 1174 1175 1176 1177 1178 1179 1180 1181 1182 1183 1184]] [79 [1185 1186 1187 1188 1189 1190 1191 1192 1193 1194 1195 1196 1197 1198 1199]] [80 [1200 1201 1202 1203 1204 1205 1206 1207 1208 1209 1210 1211 1212 1213 1214]] [81 [1215 1216 1217 1218 1219 1220 1221 1222 1223 1224 1225 1226 1227 1229]] [82 [1230 1231 1232 1233 1234 1235 1236 1237 1238 1239 1240 1241 1242 1243 1244]] [83 [1245 1246 1247 1248 1249 1250 1251 1252 1253 1254 1255 1256 1257 1258 1259]] [84 [1260 1262 1263 1264 1265 1266 1267 1269 1270 1271 1272 1273 1274]] [85 [1275 1276 1277 1278 1279 1280 1281 1282 1283 1284 1285 1286 1287 1288 1289]] [86 [1290 1291 1292 1293 1294 1295 1296 1297 1299 1300 1301 1302 1303 1304]] [87 [1305 1306 1307 1308 1309 1310 1311 1312 1313 1314 1315 1316 1317 1318 1319]] [88 [1320 1321 1322 1323 1324 1325 1326 1327 1328 1329 1330 1331 1332 1333 1334]] [89 [1335 1336 1337 1338 1339 1340 1341 1342 1343 1344 1345 1346 1347 1348 1349]] [90 [1350 1351 1352 1353 1354 1355 1356 1357 1358 1359 1360 1361 1362 1363 1364]] [91 [1365 1366 1367 1368 1369 1370 1371 1372 1373 1374 1375 1376 1377 1378 1379]] [92 [1380 1381 1382 1383 1384 1385 1386 1387 1388 1389 1390 1391 1392 1393 1394]] [93 [1395 1396 1397 1398 1399 1400 1401 1402 1403 1404 1405 1406 1407 1408 1409]] [94 [1410 1411 1412 1413 1414 1415 1416 1417 1418 1419 1420 1421 1422 1423 1424]] [95 [1425 1426 1427 1428 1429 1430 1431 1432 1433 1434 1435 1436 1437 1438 1439]] [96 [1440 1441 1442 1443 1444 1445 1446 1447 1448 1449 1450 1451 1452 1453 1454]] [97 [1455 1456 1457 1458 1459 1461 1462 1463 1464 1465 1466 1467 1468 1469]] [98 [1470 1471 1472 1473 1474 1475 1476 1477 1478 1479 1480 1481 1482 1483 1484]] [99 [1485 1486 1487 1488 1489 1491 1492 1493 1494 1495 1496 1497 1498 1499]]]","[[0 [2 3 4 5 7 8 9 11 12 13 14]] [1 [15 16 17 18 19 20 21 22 23 25 26 28 29]] [2 [31 33 34 35 37 38 39 40 41 42 43 44]] [3 [45 46 47 48 49 50 51 52 53 55 57 58]] [4 [60 62 63 64 65 66 67 68 69 70 71 73 74]] [5 [75 76 77 78 80 83 84 86 87 88 89]] [6 [90 91 93 94 95 97 98 99 100 101 104]] [7 [105 106 107 108 109 110 112 113 114 116 118]] [8 [120 121 122 123 124 125 126 127 128 131 132 133]] [9 [136 137 138 139 142 143 144 145 146 147]] [10 [150 151 152 154 156 157 158 159 160 161 164]] [11 [165 166 169 170 171 172 173 174 176 177 178 179]] [12 [180 181 182 183 186 187 188 189 190 191 193 194]] [13 [195 197 198 199 200 201 202 203 204 205 207 208 209]] [14 [211 212 213 214 216 217 218 219 220 221 222 223 224]] [15 [225 226 227 228 230 231 232 233 235 237 238 239]] [16 [241 242 244 245 247 248 252 253 254]] [17 [255 256 257 258 259 260 261 262 263 264 265 266 267 268 269]] [18 [270 272 273 274 276 277 278 279 281 282 284]] [19 [285 286 287 288 291 292 293 294 295 296 298 299]] [20 [300 301 302 303 304 305 306 307 309 310 313]] [21 [315 316 317 318 319 320 321 324 325 326 327 328 329]] [22 [330 331 332 333 335 338 339 340 341 342 343]] [23 [345 346 347 348 350 352 353 354 355 356 357 358 359]] [24 [360 361 362 363 364 365 366 367 368 369 370 371 372 373 374]] [25 [375 377 378 379 381 382 383 384 385 387 388 389]] [26 [390 391 392 393 395 396 397 398 399 400 401 402 404]] [27 [405 406 407 408 409 410 411 412 413 414 415 416 417 418]] [28 [420 421 422 424 425 426 427 429 430 431 432 433 434]] [29 [435 436 437 440 441 442 443 444 445 446 447 448 449]] [30 [450 451 452 453 456 457 458 460 461 462 464]] [31 [465 466 467 468 469 470 471 472 473 474 475 477 478 479]] [32 [480 481 482 484 485 486 487 488 489 490 492 493 494]] [33 [495 496 498 499 500 501 502 503 504 505 506 507 508]] [34 [510 511 512 513 514 515 516 517 520 521 523]] [35 [525 526 527 528 529 531 532 534 535 536 538 539]] [36 [541 542 543 544 545 546 547 548 549 550 551 552 554]] [37 [555 556 557 558 560 561 563 564 565 566 567 568 569]] [38 [570 572 573 574 575 577 578 579 581 582 583 584]] [39 [585 586 587 588 589 590 592 593 594 595 596 597 598 599]] [40 [600 601 605 606 608 609 610 611 612 613 614]] [41 [615 616 617 618 619 620 622 623 625 626 627 628 629]] [42 [631 633 634 635 636 637 638 640 642 643 644]] [43 [645 646 647 648 649 651 652 653 654 656 657 658 659]] [44 [660 661 663 664 666 667 668 669 670 671 672 673 674]] [45 [675 676 677 678 679 680 681 682 684 685]] [46 [690 691 692 693 694 695 696 697 700 701 704]] [47 [706 707 708 711 712 713 715 716 717 718 719]] [48 [720 722 723 725 726 727 728 730 731 732 734]] [49 [735 736 737 738 739 740 741 742 743 744 745 746 747 749]] [50 [751 752 753 754 755 756 757 761 762 763 764]] [51 [765 768 769 771 774 775 776 777 778 779]] [52 [780 781 782 785 786 789 790 791 792 793 794]] [53 [795 796 797 798 799 800 801 802 803 804 805 806]] [54 [811 812 813 814 815 816 817 818 819 821 822 823 824]] [55 [825 826 827 829 830 831 832 833 835 836 837 838 839]] [56 [840 841 842 843 844 845 847 848 849 850 851 852 853 854]] [57 [856 857 858 859 861 862 863 864 865 866 867 868 869]] [58 [870 871 872 873 874 876 877 878 879 880 881 882 883]] [59 [885 886 887 888 889 890 891 892 893 894 895 896 898]] [60 [900 901 902 903 904 905 906 907 908 909 911 913]] [61 [915 916 917 918 919 920 921 922 924 925 926 928 929]] [62 [931 932 933 934 935 936 937 938 939 940 941 942 944]] [63 [946 948 949 950 951 952 953 954 955 957 958 959]] [64 [960 962 963 964 965 967 968 969 971 972 973 974]] [65 [975 976 977 978 979 980 981 986 987 988 989]] [66 [991 992 993 994 996 997 998 999 1000 1001 1002 1003]] [67 [1005 1006 1007 1008 1009 1010 1011 1013 1014 1015 1016 1018 1019]] [68 [1020 1022 1023 1024 1025 1026 1028 1029 1031 1032 1034]] [69 [1035 1036 1037 1038 1040 1041 1042 1043 1044 1046 1047 1048 1049]] [70 [1050 1051 1052 1053 1054 1055 1056 1057 1059 1060 1061 1062 1063]] [71 [1065 1066 1067 1068 1069 1070 1072 1073 1074 1075 1076 1078]] [72 [1080 1081 1082 1083 1084 1085 1089 1091 1092 1093 1094]] [73 [1095 1096 1097 1098 1100 1101 1102 1104 1105 1106 1107 1108 1109]] [74 [1110 1111 1114 1115 1116 1117 1119 1122 1123 1124]] [75 [1125 1126 1127 1128 1129 1130 1131 1132 1133 1134 1136 1137 1138 1139]] [76 [1142 1143 1144 1145 1146 1147 1148 1149 1150 1153 1154]] [77 [1156 1157 1159 1161 1162 1163 1164 1165 1166 1167 1168 1169]] [78 [1170 1171 1172 1174 1175 1176 1177 1179 1180 1181 1182 1183 1184]] [79 [1185 1186 1187 1189 1190 1192 1193 1194 1198 1199]] [80 [1201 1202 1203 1204 1205 1206 1207 1208 1209 1210 1211 1212 1214]] [81 [1215 1216 1217 1218 1219 1220 1221 1222 1224 1225 1226 1227]] [82 [1230 1231 1232 1233 1234 1235 1237 1238 1239 1240 1241 1244]] [83 [1245 1246 1247 1249 1250 1251 1252 1253 1254 1255 1256 1257 1258 1259]] [84 [1262 1263 1265 1266 1267 1270 1271 1272 1273 1274]] [85 [1275 1276 1277 1278 1279 1282 1283 1284 1286 1287 1288 1289]] [86 [1290 1291 1292 1294 1295 1296 1297 1300 1301 1304]] [87 [1305 1311 1312 1314 1316 1317 1318 1319]] [88 [1320 1321 1323 1324 1325 1326 1327 1328 1329 1330 1331 1332 1333 1334]] [89 [1336 1337 1338 1339 1340 1341 1342 1343 1344 1345 1346 1347 1348 1349]] [90 [1350 1352 1353 1355 1357 1358 1359 1360 1361 1362 1364]] [91 [1365 1366 1367 1369 1370 1371 1372 1373 1374 1377 1378]] [92 [1380 1381 1383 1384 1386 1387 1388 1389 1390 1391 1392 1393 1394]] [93 [1395 1396 1397 1398 1402 1404 1406 1407 1409]] [94 [1410 1412 1413 1414 1417 1418 1419 1420 1421 1422 1424]] [95 [1425 1426 1428 1429 1430 1431 1432 1433 1434 1437 1438 1439]] [96 [1441 1442 1443 1444 1445 1446 1448 1449 1450 1451 1452 1453 1454]] [97 [1455 1457 1458 1459 1462 1463 1464 1465 1466 1467 1468 1469]] [98 [1470 1471 1472 1473 1474 1476 1477 1478 1479 1480 1482 1483 1484]] [99 [1485 1486 1488 1489 1491 1492 1493 1494 1496 1497 1498 1499]]]",,"[[{media 50} [[""A"" [4 4 4 4 4 4 4 4 4 4]]]] [{media 51} [[""A"" [3 3 3 3 3 3 3 3 3 3]]]] [{media 52} [[""A"" [4 4 4 4 4 4 4 4 4 4]]]] [{media 53} [[""A"" [3 3 3 3 3 3 3 3 3 3]]]] [{media 54} [[""A"" [4 4 4 4 4 4 4 4 4 4]]]] [{media 55} [[""A"" [5 5 5 5 5 5 5 5 5 5]]]] [{media 56} [[""A"" [3 3 3 3 3 3 3 3 3 3]]]] [{media 57} [[""A"" [3 3 3 3 3 3 3 3 3 3]]]] [{media 58} [[""A"" [4 4 4 4 4 4 4 4 4 4]]]] [{media 59} [[""A"" [2 2 2 2 2 2 2 2 2 2]]]] [{media 60} [[""A"" [5 5 5 5 5 5 5 5 5 5]]]] [{media 61} [[""A"" [3 3 3 3 3 3 3 3 3 3]]]] [{media 62} [[""A"" [2 2 2 2 2 2 2 2 2 2]]]] [{media 63} [[""A"" [4 4 4 4 4 4 4 4 4 4]]]] [{media 64} [[""A"" [2 2 2 2 2 2 2 2 2 2]]]] [{citizen 1} [[""A"" [4 5 2 3 3 4 4 3 4 4]]]] [{citizen 6} [[""A"" [2 3 3 2 3 3 4 4 2 4]]]] [{citizen 0} [[""A"" [4 4 2 3 3 3 4 4 3 5]]]] [{citizen 2} [[""A"" [4 3 5 2 3 3 4 2 5 4]]]] [{citizen 13} [[""A"" [2 2 3 3 4 4 2 3 4 4]]]] [{citizen 21} [[""A"" [5 2 2 3 3 4 4 4 5 4]]]] [{citizen 7} [[""A"" [4 5 2 3 3 4 4 4 5 4]]]] [{citizen 31} [[""A"" [5 2 4 3 3 4 4 2 3 4]]]] [{citizen 39} [[""A"" [3 4 2 5 2 3 3 4 4 4]]]] [{citizen 5} [[""A"" [5 3 2 3 3 3 4 4 3 4]]]] [{citizen 44} [[""A"" [5 3 2 3 3 4 4 3 5 4]]]] [{citizen 28} [[""A"" [4 2 3 5 2 2 3 4 4 4]]]] [{citizen 24} [[""A"" [2 5 5 2 2 3 3 4 3 5]]]] [{citizen 37} [[""A"" [3 2 2 3 3 4 4 3 5 4]]]] [{citizen 17} [[""A"" [4 3 2 3 4 4 2 3 5 4]]]] [{citizen 30} [[""A"" [4 3 2 2 3 3 4 4 5 4]]]] [{citizen 3} [[""A"" [5 5 3 2 3 3 4 4 3 5]]]] [{citizen 27} [[""A"" [4 2 3 3 2 3 3 4 3 4]]]] [{citizen 12} [[""A"" [3 5 2 3 3 4 4 3 5 4]]]] [{citizen 16} [[""A"" [3 5 5 3 3 4 4 4 5 4]]]] [{citizen 49} [[""A"" [4 4 4 2 3 3 4 4 3 5]]]] [{citizen 8} [[""A"" [3 5 3 3 3 4 4 3 5 4]]]] [{citizen 22} [[""A"" [4 2 4 3 4 2 3 4 4 4]]]] [{citizen 33} [[""A"" [3 2 2 3 3 4 2 4 5 4]]]] [{citizen 4} [[""A"" [2 3 2 2 3 3 4 3 4 4]]]] [{citizen 35} [[""A"" [3 3 2 2 3 4 3 4 5 4]]]] [{citizen 19} [[""A"" [4 2 2 3 3 4 4 4 5 4]]]] [{citizen 25} [[""A"" [5 4 4 4 3 3 4 4 3 4]]]] [{citizen 9} [[""A"" [5 3 2 4 3 3 4 2 3 4]]]] [{citizen 41} [[""A"" [5 4 2 3 3 4 4 2 3 4]]]] [{citizen 10} [[""A"" [2 2 3 5 2 3 3 4 5 4]]]] [{citizen 46} [[""A"" [3 4 2 3 3 4 3 4 5 4]]]] [{citizen 11} [[""A"" [2 2 2 3 3 4 4 3 5 4]]]] [{citizen 40} [[""A"" [4 4 4 2 3 2 3 3 3 4]]]] [{citizen 38} [[""A"" [2 3 5 5 3 4 4 2 5 4]]]] [{citizen 36} [[""A"" [4 4 2 2 3 4 4 3 5 4]]]] [{citizen 47} [[""A"" [4 2 2 4 3 4 4 3 5 4]]]] [{citizen 43} [[""A"" [5 3 2 2 3 3 4 4 4 4]]]] [{citizen 45} [[""A"" [4 2 2 5 2 3 4 3 4 4]]]] [{citizen 42} [[""A"" [4 4 4 2 4 3 3 4 4 5]]]] [{citizen 32} [[""A"" [2 3 5 2 3 3 3 4 5 4]]]] [{citizen 23} [[""A"" [4 3 3 4 3 4 2 3 5 4]]]] [{citizen 15} [[""A"" [5 3 2 2 2 3 3 4 5 4]]]] [{citizen 18} [[""A"" [2 2 3 3 4 3 2 3 3 4]]]] [{citizen 14} [[""A"" [2 4 3 3 3 4 4 3 4 4]]]] [{citizen 20} [[""A"" [3 2 4 3 3 4 4 3 5 4]]]] [{citizen 29} [[""A"" [3 4 2 2 3 3 4 4 5 4]]]] [{citizen 48} [[""A"" [5 3 2 3 3 4 4 3 5 4]]]] [{citizen 34} [[""A"" [3 2 4 3 3 4 2 3 5 4]]]]]"
"27","[85 0 170]","271.8367346938776","-13.21798132655546","-0.16079023129281755","""circle""","""""","9.9","{breed citizens}","false","0.5","1","""up""",,"[[""ID"" 27] [""alpha"" 1] [""beta"" 1] [""malleable"" [""A""]] [""prior"" []] [""cont_tokens"" []] [""A"" 4]]","[[0 [0 1 2 3 4 5 6 7 8 9 10 11 12 13 14]] [1 [15 16 17 18 19 20 21 22 23 25 26 28 29]] [2 [30 31 32 33 34 35 36 37 38 39 40 41 42 43 44]] [3 [45 46 47 48 49 50 51 52 53 54 55 56 57 58 59]] [4 [60 61 62 63 64 65 66 67 68 69 70 71 72 73 74]] [5 [75 76 77 78 80 83 84 85 86 87 88 89]] [6 [90 91 92 93 94 95 96 97 98 99 100 101 102 103 104]] [7 [105 106 107 108 109 110 111 112 113 114 115 116 117 118 119]] [8 [120 121 122 123 124 125 126 127 128 129 130 131 132 133 134]] [9 [135 136 137 138 139 140 141 142 143 144 145 146 147 148 149]] [10 [150 151 152 153 154 155 156 157 158 159 160 161 162 163 164]] [11 [165 166 167 168 169 170 171 172 173 174 175 176 177 178 179]] [12 [180 181 182 183 184 185 186 187 188 189 190 191 192 193 194]] [13 [195 196 197 198 199 200 201 202 203 204 205 206 207 208 209]] [14 [210 211 212 213 214 215 216 217 218 219 220 221 222 223 224]] [15 [225 226 227 228 229 230 231 232 233 234 235 236 237 238 239]] [16 [240 241 242 243 244 245 246 247 248 249 250 251 252 253 254]] [17 [255 256 257 258 259 260 261 262 263 264 265 266 267 268 269]] [18 [270 271 272 273 274 275 276 277 278 279 280 281 282 283 284]] [19 [285 286 287 288 289 290 291 292 293 294 295 296 297 298 299]] [20 [300 301 302 303 304 305 306 307 309 310 311 312 313 314]] [21 [315 316 317 318 319 320 321 322 323 324 325 326 327 328 329]] [22 [330 331 332 333 334 335 336 337 338 339 340 341 342 343 344]] [23 [345 346 347 348 349 350 351 352 353 354 355 356 357 358 359]] [24 [360 361 362 363 364 365 366 367 368 369 370 371 372 373 374]] [25 [375 376 377 378 379 380 381 382 383 384 385 386 387 388 389]] [26 [390 391 392 393 394 395 396 397 398 399 400 401 402 403 404]] [27 [405 406 407 408 409 410 411 412 413 414 415 416 417 418 419]] [28 [420 421 422 423 424 425 426 427 428 429 430 431 432 433 434]] [29 [435 436 437 438 439 440 441 442 443 444 445 446 447 448 449]] [30 [450 451 452 453 454 455 456 457 458 459 460 461 462 463 464]] [31 [465 466 467 468 469 470 471 472 473 474 475 476 477 478 479]] [32 [480 481 482 483 484 485 486 487 488 489 490 491 492 493 494]] [33 [495 496 497 498 499 500 501 502 503 504 505 506 507 508 509]] [34 [510 511 512 513 514 515 516 517 519 520 521 522 523 524]] [35 [525 526 527 528 529 530 531 532 533 534 535 536 537 538 539]] [36 [540 541 542 543 544 545 546 547 548 549 550 551 552 553 554]] [37 [555 556 557 558 559 560 561 562 563 564 565 566 567 568 569]] [38 [570 571 572 573 574 575 576 577 578 579 580 581 582 583 584]] [39 [585 586 587 588 589 590 591 592 593 594 595 596 597 598 599]] [40 [600 601 602 603 604 605 606 607 608 609 610 611 612 613 614]] [41 [615 616 617 618 619 620 621 622 623 624 625 626 627 628 629]] [42 [630 631 632 633 634 635 636 637 638 639 640 641 642 643 644]] [43 [645 646 647 648 649 650 651 652 653 654 656 657 658 659]] [44 [660 661 662 663 664 665 666 667 668 669 670 671 672 673 674]] [45 [675 676 677 678 679 680 681 682 683 684 685 686 687 688 689]] [46 [690 691 692 693 694 695 696 697 698 699 700 701 702 703 704]] [47 [705 706 707 708 709 710 711 712 713 714 715 716 717 718 719]] [48 [720 721 722 723 724 725 726 727 728 729 730 731 732 733 734]] [49 [735 736 737 738 739 740 741 742 743 744 745 746 747 748 749]] [50 [750 751 752 753 754 755 756 757 758 759 760 761 762 763 764]] [51 [765 766 767 768 769 770 771 772 773 774 775 776 777 778 779]] [52 [780 781 782 783 784 785 786 787 788 789 790 791 792 793 794]] [53 [795 796 797 798 799 800 801 802 803 804 805 806 807 808 809]] [54 [810 811 812 813 814 815 816 817 818 819 820 821 822 823 824]] [55 [825 826 827 828 829 830 831 832 833 834 835 836 837 838 839]] [56 [840 841 842 843 844 845 846 847 848 849 850 851 852 853 854]] [57 [855 856 857 858 859 860 861 862 863 864 865 866 867 868 869]] [58 [870 871 872 873 874 875 876 877 878 879 880 881 882 883 884]] [59 [885 886 887 888 889 890 891 892 893 894 895 896 897 898 899]] [60 [900 901 902 903 904 905 906 907 908 909 910 911 912 913 914]] [61 [915 916 917 918 919 920 921 922 923 924 925 926 927 928 929]] [62 [930 931 932 933 934 935 936 937 938 939 940 941 942 943 944]] [63 [945 946 947 948 949 950 951 952 953 954 955 956 957 958 959]] [64 [960 961 962 963 964 965 966 967 968 969 970 971 972 973 974]] [65 [975 976 977 978 979 980 981 982 983 984 985 986 987 988 989]] [66 [990 991 992 993 994 996 997 998 999 1000 1001 1002 1003 1004]] [67 [1005 1006 1007 1008 1009 1010 1011 1012 1013 1014 1015 1016 1017 1018 1019]] [68 [1020 1022 1023 1024 1025 1026 1027 1028 1029 1030 1031 1032 1034]] [69 [1035 1036 1037 1038 1039 1040 1041 1042 1043 1044 1045 1046 1047 1048 1049]] [70 [1050 1051 1052 1053 1054 1055 1056 1057 1058 1059 1060 1061 1062 1063 1064]] [71 [1065 1066 1067 1068 1069 1070 1071 1072 1073 1074 1075 1076 1077 1078 1079]] [72 [1080 1081 1082 1083 1084 1085 1086 1087 1088 1089 1090 1091 1092 1093 1094]] [73 [1095 1096 1097 1098 1099 1100 1101 1102 1103 1104 1105 1106 1107 1108 1109]] [74 [1110 1111 1112 1113 1114 1115 1116 1117 1118 1119 1120 1121 1122 1123 1124]] [75 [1125 1126 1127 1128 1129 1130 1131 1132 1133 1134 1135 1136 1137 1138 1139]] [76 [1140 1141 1142 1143 1144 1145 1146 1147 1148 1149 1150 1151 1152 1153 1154]] [77 [1155 1156 1157 1159 1161 1162 1163 1164 1165 1166 1167 1168 1169]] [78 [1170 1171 1172 1173 1174 1175 1176 1177 1178 1179 1180 1181 1182 1183 1184]] [79 [1185 1186 1187 1188 1189 1190 1191 1192 1193 1194 1195 1196 1197 1198 1199]] [80 [1200 1201 1202 1203 1204 1205 1206 1207 1208 1209 1210 1211 1212 1213 1214]] [81 [1215 1216 1217 1218 1219 1220 1221 1222 1223 1224 1225 1226 1227 1228 1229]] [82 [1230 1231 1232 1233 1234 1235 1236 1237 1238 1239 1240 1241 1242 1243 1244]] [83 [1245 1246 1247 1248 1249 1250 1251 1252 1253 1254 1255 1256 1257 1258 1259]] [84 [1260 1262 1263 1264 1265 1266 1267 1269 1270 1271 1272 1273 1274]] [85 [1275 1276 1277 1278 1279 1280 1281 1282 1283 1284 1285 1286 1287 1288 1289]] [86 [1290 1291 1292 1293 1294 1295 1296 1297 1299 1300 1301 1302 1303 1304]] [87 [1305 1306 1307 1308 1309 1310 1311 1312 1313 1314 1315 1316 1317 1318 1319]] [88 [1320 1321 1322 1323 1324 1325 1326 1327 1328 1329 1330 1331 1332 1333 1334]] [89 [1335 1336 1337 1338 1339 1340 1341 1342 1343 1344 1345 1346 1347 1348 1349]] [90 [1350 1351 1352 1353 1354 1355 1356 1357 1358 1359 1360 1361 1362 1363 1364]] [91 [1365 1366 1367 1368 1369 1370 1371 1372 1373 1374 1375 1376 1377 1378 1379]] [92 [1380 1381 1382 1383 1384 1385 1386 1387 1388 1389 1390 1391 1392 1393 1394]] [93 [1395 1396 1397 1398 1399 1400 1401 1402 1403 1404 1405 1406 1407 1408 1409]] [94 [1410 1411 1412 1413 1414 1415 1416 1417 1418 1419 1420 1421 1422 1423 1424]] [95 [1425 1426 1427 1428 1429 1430 1431 1432 1433 1434 1435 1436 1437 1438 1439]] [96 [1440 1441 1442 1443 1444 1445 1446 1447 1448 1449 1450 1451 1452 1453 1454]] [97 [1455 1456 1457 1458 1459 1461 1462 1463 1464 1465 1466 1467 1468 1469]] [98 [1470 1471 1472 1473 1474 1475 1476 1477 1478 1479 1480 1481 1482 1483 1484]] [99 [1485 1486 1487 1488 1489 1491 1492 1493 1494 1495 1496 1497 1498 1499]]]","[[0 [1 2 3 4 5 7 8 9 10 11 12 13 14]] [1 [15 16 17 18 21 22 23 25 26 28 29]] [2 [30 32 33 34 35 37 38 40 41 42 43 44]] [3 [45 46 47 48 49 50 51 52 53 55 57 58 59]] [4 [61 62 63 64 66 67 68 69 71 73 74]] [5 [75 76 77 78 80 83 84 85 86 87 88 89]] [6 [90 91 92 94 95 98 99 100 101 104]] [7 [105 106 107 108 109 110 111 114 116 118]] [8 [120 121 122 123 124 125 126 127 128 131 132 134]] [9 [135 136 137 138 139 140 141 143 144 145 146 147 148 149]] [10 [150 151 152 153 154 155 156 157 158 159 161]] [11 [165 167 168 169 170 171 172 175 176 178 179]] [12 [180 181 182 183 185 186 187 188 189 192 193 194]] [13 [195 196 197 198 199 200 201 202 205 208 209]] [14 [210 212 213 214 215 216 217 219 220 221 222 223 224]] [15 [225 226 227 228 230 231 232 233 234 236 239]] [16 [240 241 242 244 245 246 247 248 251 252 253 254]] [17 [255 256 257 258 259 260 262 263 264 265 266 267 268 269]] [18 [270 271 274 276 277 278 279 281 282 283 284]] [19 [285 286 287 288 289 290 291 292 293 294 297 298 299]] [20 [300 302 303 304 305 306 307 309 310 311 312 313]] [21 [315 316 317 318 319 320 321 324 325 326 327 328 329]] [22 [330 331 332 333 334 336 337 339 340 341 342 343 344]] [23 [345 346 347 348 349 350 351 355 356 357 358 359]] [24 [360 361 362 363 364 365 366 367 368 369 370 371 372 373]] [25 [375 377 378 379 381 382 383 384 385 387 388 389]] [26 [390 391 392 393 394 396 397 398 399 400 401 402 403 404]] [27 [405 406 407 408 409 410 411 413 414 415 416 417 418]] [28 [421 422 424 425 426 427 429 430 431 432 433 434]] [29 [435 436 437 439 440 441 442 443 444 445 446 447 448 449]] [30 [450 451 452 453 454 455 456 457 458 459 460 461 462]] [31 [466 467 468 469 470 471 472 473 474 475 477]] [32 [480 481 482 485 486 487 488 489 490 492 493 494]] [33 [495 497 499 501 502 503 504 505 506 507 508]] [34 [510 511 512 513 514 515 516 517 520 521 523 524]] [35 [525 526 527 528 529 530 531 532 533 534 535 537 538 539]] [36 [540 541 542 543 544 545 548 549 550 551]] [37 [556 557 558 560 561 562 563 564 565 566 567 568 569]] [38 [570 571 572 573 574 575 576 577 578 579 581 582 583 584]] [39 [585 586 587 588 589 590 592 593 594 596 597 598 599]] [40 [600 602 603 604 605 606 609 610 613 614]] [41 [615 616 617 618 619 620 621 622 623 625 626 627 629]] [42 [630 632 633 634 635 636 637 639 640 641 642 643 644]] [43 [647 648 649 650 651 652 653 654 656 657 658 659]] [44 [660 661 663 664 666 667 669 670 671 672 673 674]] [45 [675 676 677 678 679 680 681 682 683 686 687 688 689]] [46 [690 691 692 693 694 695 696 697 698 699 700 701 702 703]] [47 [705 706 707 708 709 710 714 715 716 717 718 719]] [48 [720 721 722 725 726 728 730 731 732 733 734]] [49 [735 736 737 738 739 740 741 742 743 744 745 746 748]] [50 [750 752 753 754 755 758 759 760 761 762 763 764]] [51 [765 766 767 773 774 775 776 777 778]] [52 [780 781 782 784 785 786 787 788 789 790 791 792 793 794]] [53 [795 796 797 798 799 801 802 803 804 805 806 807 808 809]] [54 [810 811 812 813 814 815 816 817 820 821 822 823 824]] [55 [825 826 827 828 829 830 831 832 833 835 836 837 838 839]] [56 [841 842 843 844 845 847 848 849 850 851 852 853]] [57 [855 857 858 859 861 862 863 864 865 866 867 868 869]] [58 [870 871 872 873 874 876 879 880 881 882 884]] [59 [887 888 889 890 891 892 893 894 895 896 898]] [60 [900 901 902 903 904 906 907 908 909 910 911 912 914]] [61 [915 916 917 919 920 921 922 924 925 926 928 929]] [62 [930 931 932 933 934 935 936 937 938 939 940 941 942 944]] [63 [946 947 948 949 950 951 952 954 955 957 958 959]] [64 [960 962 963 964 965 966 967 968 969 970 971 972]] [65 [977 978 979 980 981 984 985 986 987 988 989]] [66 [991 992 993 994 996 998 999 1002 1003 1004]] [67 [1005 1006 1007 1008 1009 1010 1011 1014 1015 1016 1018 1019]] [68 [1020 1022 1023 1024 1025 1026 1027 1028 1029 1034]] [69 [1035 1036 1037 1038 1040 1041 1042 1043 1044 1045 1048 1049]] [70 [1050 1051 1052 1053 1054 1055 1056 1057 1058 1059 1060 1061 1062 1063 1064]] [71 [1065 1066 1067 1068 1069 1070 1072 1073 1074 1075 1076 1078]] [72 [1080 1081 1082 1083 1084 1085 1087 1088 1089 1090 1091 1092 1093 1094]] [73 [1095 1096 1097 1098 1100 1101 1102 1104 1105 1106 1107 1108 1109]] [74 [1110 1111 1112 1114 1115 1116 1117 1118 1120 1121 1122 1123 1124]] [75 [1125 1126 1127 1128 1129 1130 1131 1132 1133 1134 1136 1137 1138 1139]] [76 [1141 1142 1143 1144 1145 1146 1147 1148 1149 1150 1153 1154]] [77 [1156 1157 1159 1161 1162 1163 1164 1165 1166 1167 1168 1169]] [78 [1170 1171 1172 1174 1175 1178 1179 1180 1181 1182 1183 1184]] [79 [1185 1186 1187 1189 1190 1192 1193 1194 1198 1199]] [80 [1201 1202 1203 1205 1206 1207 1208 1209 1210 1211 1213]] [81 [1215 1216 1217 1221 1222 1224 1225 1226 1227 1229]] [82 [1230 1231 1232 1233 1234 1235 1237 1238 1239 1242 1243]] [83 [1245 1246 1247 1249 1250 1251 1252 1253 1254 1255 1256 1257 1258 1259]] [84 [1262 1263 1265 1266 1267 1270 1271 1272 1273 1274]] [85 [1275 1276 1277 1279 1281 1282 1283 1284 1286 1287 1289]] [86 [1292 1294 1295 1296 1297 1302 1303 1304]] [87 [1305 1307 1308 1309 1310 1311 1312 1314 1315 1316 1317 1318 1319]] [88 [1320 1321 1322 1323 1324 1325 1326 1327 1328 1329 1330 1331 1332 1333 1334]] [89 [1336 1337 1338 1339 1340 1341 1342 1343 1346 1347 1348 1349]] [90 [1350 1352 1353 1354 1355 1356 1357 1358 1359 1360 1361 1362 1363 1364]] [91 [1365 1366 1367 1369 1370 1371 1372 1373 1374 1376 1377 1378]] [92 [1381 1382 1383 1385 1386 1387 1388 1389 1390 1391 1393 1394]] [93 [1395 1396 1397 1398 1402 1404 1406 1408 1409]] [94 [1411 1412 1413 1414 1417 1418 1419 1420 1421 1422 1423 1424]] [95 [1425 1426 1428 1429 1430 1431 1432 1433 1434 1437 1438 1439]] [96 [1441 1442 1444 1445 1446 1447 1448 1449 1450 1451 1452 1453 1454]] [97 [1455 1456 1457 1458 1459 1461 1462 1463 1464 1465 1466 1467 1468 1469]] [98 [1470 1471 1472 1473 1475 1476 1477 1478 1479 1480 1482 1483 1484]] [99 [1485 1486 1488 1489 1491 1492 1493 1494 1495 1496 1497 1498 1499]]]",,"[[{citizen 33} [[""A"" [3 2 2 2 4 3 4 2 4 5]]]] [{media 50} [[""A"" [4 4 4 4 4 4 4 4 4 4]]]] [{media 51} [[""A"" [3 3 3 3 3 3 3 3 3 3]]]] [{media 52} [[""A"" [4 4 4 4 4 4 4 4 4 4]]]] [{media 53} [[""A"" [3 3 3 3 3 3 3 3 3 3]]]] [{media 54} [[""A"" [4 4 4 4 4 4 4 4 4 4]]]] [{media 55} [[""A"" [5 5 5 5 5 5 5 5 5 5]]]] [{media 56} [[""A"" [3 3 3 3 3 3 3 3 3 3]]]] [{media 57} [[""A"" [3 3 3 3 3 3 3 3 3 3]]]] [{media 58} [[""A"" [4 4 4 4 4 4 4 4 4 4]]]] [{media 59} [[""A"" [2 2 2 2 2 2 2 2 2 2]]]] [{media 60} [[""A"" [5 5 5 5 5 5 5 5 5 5]]]] [{media 61} [[""A"" [3 3 3 3 3 3 3 3 3 3]]]] [{media 62} [[""A"" [2 2 2 2 2 2 2 2 2 2]]]] [{media 63} [[""A"" [4 4 4 4 4 4 4 4 4 4]]]] [{media 64} [[""A"" [2 2 2 2 2 2 2 2 2 2]]]] [{citizen 16} [[""A"" [4 2 5 4 3 4 4 4 5 4]]]] [{citizen 4} [[""A"" [3 3 2 2 3 3 4 4 4 4]]]] [{citizen 1} [[""A"" [2 2 3 3 3 4 4 3 4 4]]]] [{citizen 8} [[""A"" [4 3 5 3 3 2 4 2 5 4]]]] [{citizen 22} [[""A"" [3 3 2 2 2 3 4 4 5 4]]]] [{citizen 0} [[""A"" [4 3 3 2 2 4 3 4 3 5]]]] [{citizen 7} [[""A"" [2 2 2 4 3 3 4 4 4 5]]]] [{citizen 13} [[""A"" [4 3 3 2 2 2 4 4 2 4]]]] [{citizen 19} [[""A"" [3 2 2 2 3 4 4 4 5 4]]]] [{citizen 12} [[""A"" [3 3 2 2 3 3 4 4 2 5]]]] [{citizen 3} [[""A"" [5 3 2 2 3 3 4 2 4 5]]]] [{citizen 2} [[""A"" [3 3 2 2 4 3 4 2 5 4]]]] [{citizen 21} [[""A"" [2 4 3 3 3 4 4 4 5 4]]]] [{citizen 31} [[""A"" [2 2 2 4 3 4 4 2 3 4]]]] [{citizen 39} [[""A"" [3 2 2 2 3 4 4 2 5 4]]]] [{citizen 5} [[""A"" [4 5 3 3 2 2 2 3 4 5]]]] [{citizen 44} [[""A"" [5 3 3 2 2 3 4 4 5 4]]]] [{citizen 28} [[""A"" [3 3 2 2 2 3 4 4 5 4]]]] [{citizen 24} [[""A"" [4 3 3 2 2 2 3 4 4 5]]]] [{citizen 37} [[""A"" [5 3 3 3 2 2 2 4 4 5]]]] [{citizen 17} [[""A"" [4 4 3 3 2 3 4 2 5 4]]]] [{citizen 30} [[""A"" [4 3 2 2 3 3 4 4 4 5]]]] [{citizen 38} [[""A"" [4 3 2 2 3 4 4 2 5 4]]]] [{citizen 49} [[""A"" [4 4 3 3 2 3 3 4 4 5]]]] [{citizen 36} [[""A"" [3 3 2 2 2 3 4 4 5 4]]]] [{citizen 10} [[""A"" [5 3 3 2 2 2 4 4 5 4]]]] [{citizen 47} [[""A"" [4 4 3 2 2 2 4 3 4 5]]]] [{citizen 11} [[""A"" [2 2 2 3 4 4 2 4 5 4]]]] [{citizen 40} [[""A"" [2 4 4 3 3 2 4 3 5 4]]]] [{citizen 6} [[""A"" [4 3 2 2 4 3 4 4 2 5]]]] [{citizen 25} [[""A"" [4 3 3 3 2 2 3 4 2 5]]]] [{citizen 41} [[""A"" [5 4 3 2 2 4 4 2 3 4]]]] [{citizen 9} [[""A"" [4 3 3 2 2 4 3 4 2 4]]]] [{citizen 43} [[""A"" [3 2 2 2 3 4 4 4 5 4]]]] [{citizen 42} [[""A"" [5 3 3 2 2 4 4 4 4 5]]]] [{citizen 45} [[""A"" [3 3 2 2 2 4 2 3 4 4]]]] [{citizen 32} [[""A"" [3 2 2 3 3 4 3 4 4 5]]]] [{citizen 23} [[""A"" [2 2 2 4 3 4 3 4 2 5]]]] [{citizen 15} [[""A"" [2 2 2 4 3 4 4 2 4 5]]]] [{citizen 18} [[""A"" [3 4 4 3 3 2 2 2 4 4]]]] [{citizen 46} [[""A"" [3 2 2 3 4 4 2 4 5 4]]]] [{citizen 14} [[""A"" [3 2 2 2 4 3 3 4 4 4]]]] [{citizen 20} [[""A"" [2 2 2 4 3 3 4 4 2 5]]]] [{citizen 29} [[""A"" [3 3 2 2 3 4 4 2 5 4]]]] [{citizen 35} [[""A"" [3 3 2 2 4 4 2 4 5 4]]]] [{citizen 48} [[""A"" [3 3 2 4 4 4 3 4 5 4]]]] [{citizen 26} [[""A"" [4 3 3 2 2 3 3 4 4 5]]]] [{citizen 34} [[""A"" [2 4 3 3 4 4 2 3 5 4]]]]]"
"28","[85 0 170]","312.2448979591836","-4.571374377401903","4.484893514702139","""circle""","""""","9.9","{breed citizens}","false","0.5","1","""up""",,"[[""ID"" 28] [""alpha"" 1] [""beta"" 1] [""malleable"" [""A""]] [""prior"" []] [""cont_tokens"" []] [""A"" 4]]","[[0 [0 1 2 3 4 5 6 7 8 9 10 11 12 13 14]] [1 [15 16 17 18 19 20 21 22 23 25 26 28 29]] [2 [30 31 32 33 34 35 36 37 38 39 40 41 42 43 44]] [3 [45 46 47 48 49 50 51 52 53 54 55 56 57 58 59]] [4 [60 61 62 63 64 65 66 67 68 69 70 71 72 73 74]] [5 [75 76 77 78 80 83 84 85 86 87 88 89]] [6 [90 91 92 93 94 95 96 97 98 99 100 101 102 103 104]] [7 [105 106 107 108 109 110 111 112 113 114 115 116 117 118 119]] [8 [120 121 122 123 124 125 126 127 128 129 130 131 132 133 134]] [9 [135 136 137 138 139 140 141 142 143 144 145 146 147 148 149]] [10 [150 151 152 153 154 155 156 157 158 159 160 161 162 163 164]] [11 [165 166 167 168 169 170 171 172 173 174 175 176 177 178 179]] [12 [180 181 182 183 184 185 186 187 188 189 190 191 192 193 194]] [13 [195 196 197 198 199 200 201 202 203 204 205 206 207 208 209]] [14 [210 211 212 213 214 215 216 217 218 219 220 221 222 223 224]] [15 [225 226 227 228 229 230 231 232 233 234 235 236 237 238 239]] [16 [240 241 242 243 244 245 246 247 248 249 250 251 252 253 254]] [17 [255 256 257 258 259 260 261 262 263 264 265 266 267 268 269]] [18 [270 271 272 273 274 275 276 277 278 279 280 281 282 283 284]] [19 [285 286 287 288 289 290 291 292 293 294 295 296 297 298 299]] [20 [300 301 302 303 304 305 306 307 309 310 311 312 313 314]] [21 [315 316 317 318 319 320 321 322 323 324 325 326 327 328 329]] [22 [330 331 332 333 334 335 336 337 338 339 340 341 342 343 344]] [23 [345 346 347 348 349 350 351 352 353 354 355 356 357 358 359]] [24 [360 361 362 363 364 365 366 367 368 369 370 371 372 373 374]] [25 [375 376 377 378 379 380 381 382 383 384 385 386 387 388 389]] [26 [390 391 392 393 394 395 396 397 398 399 400 401 402 403 404]] [27 [405 406 407 408 409 410 411 412 413 414 415 416 417 418 419]] [28 [420 421 422 423 424 425 426 427 428 429 430 431 432 433 434]] [29 [435 436 437 438 439 440 441 442 443 444 445 446 447 448 449]] [30 [450 451 452 453 454 455 456 457 458 459 460 461 462 463 464]] [31 [465 466 467 468 469 470 471 472 473 474 475 476 477 478 479]] [32 [480 481 482 483 484 485 486 487 488 489 490 491 492 493 494]] [33 [495 496 497 498 499 500 501 502 503 504 505 506 507 508 509]] [34 [510 511 512 513 514 515 516 517 519 520 521 522 523 524]] [35 [525 526 527 528 529 530 531 532 533 534 535 536 537 538 539]] [36 [540 541 542 543 544 545 546 547 548 549 550 551 552 553 554]] [37 [555 556 557 558 559 560 561 562 563 564 565 566 567 568 569]] [38 [570 571 572 573 574 575 576 577 578 579 580 581 582 583 584]] [39 [585 586 587 588 589 590 591 592 593 594 595 596 597 598 599]] [40 [600 601 602 603 604 605 606 607 608 609 610 611 612 613 614]] [41 [615 616 617 618 619 620 621 622 623 624 625 626 627 628 629]] [42 [630 631 632 633 634 635 636 637 638 639 640 641 642 643 644]] [43 [645 646 647 648 649 650 651 652 653 654 656 657 658 659]] [44 [660 661 662 663 664 665 666 667 668 669 670 671 672 673 674]] [45 [675 676 677 678 679 680 681 682 683 684 685 686 687 688 689]] [46 [690 691 692 693 694 695 696 697 698 699 700 701 702 703 704]] [47 [705 706 707 708 709 710 711 712 713 714 715 716 717 718 719]] [48 [720 721 722 723 724 725 726 727 728 729 730 731 732 733 734]] [49 [735 736 737 738 739 740 741 742 743 744 745 746 747 748 749]] [50 [750 751 752 753 754 755 756 757 758 759 760 761 762 763 764]] [51 [765 766 767 768 769 770 771 772 773 774 775 776 777 778 779]] [52 [780 781 782 783 784 785 786 787 788 789 790 791 792 793 794]] [53 [795 796 797 798 799 800 801 802 803 804 805 806 807 808 809]] [54 [810 811 812 813 814 815 816 817 818 819 820 821 822 823 824]] [55 [825 826 827 828 829 830 831 832 833 834 835 836 837 838 839]] [56 [840 841 842 843 844 845 846 847 848 849 850 851 852 853 854]] [57 [855 856 857 858 859 860 861 862 863 864 865 866 867 868 869]] [58 [870 871 872 873 874 875 876 877 878 879 880 881 882 883 884]] [59 [885 886 887 888 889 890 891 892 893 894 895 896 897 898 899]] [60 [900 901 902 903 904 905 906 907 908 909 910 911 912 913 914]] [61 [915 916 917 918 919 920 921 922 923 924 925 926 927 928 929]] [62 [930 931 932 933 934 935 936 937 938 939 940 941 942 943 944]] [63 [945 946 947 948 949 950 951 952 953 954 955 956 957 958 959]] [64 [960 961 962 963 964 965 966 967 968 969 970 971 972 973 974]] [65 [975 976 977 978 979 980 981 984 985 986 987 988 989]] [66 [990 991 992 993 994 996 997 998 999 1000 1001 1002 1003 1004]] [67 [1005 1006 1007 1008 1009 1010 1011 1012 1013 1014 1015 1016 1017 1018 1019]] [68 [1020 1022 1023 1024 1025 1026 1027 1028 1029 1030 1031 1032 1034]] [69 [1035 1036 1037 1038 1039 1040 1041 1042 1043 1044 1045 1046 1047 1048 1049]] [70 [1050 1051 1052 1053 1054 1055 1056 1057 1058 1059 1060 1061 1062 1063 1064]] [71 [1065 1066 1067 1068 1069 1070 1071 1072 1073 1074 1075 1076 1077 1078 1079]] [72 [1080 1081 1082 1083 1084 1085 1086 1087 1088 1089 1090 1091 1092 1093 1094]] [73 [1095 1096 1097 1098 1099 1100 1101 1102 1103 1104 1105 1106 1107 1108 1109]] [74 [1110 1111 1112 1113 1114 1115 1116 1117 1118 1119 1120 1121 1122 1123 1124]] [75 [1125 1126 1127 1128 1129 1130 1131 1132 1133 1134 1135 1136 1137 1138 1139]] [76 [1140 1141 1142 1143 1144 1145 1146 1147 1148 1149 1150 1151 1152 1153 1154]] [77 [1155 1156 1157 1159 1161 1162 1163 1164 1165 1166 1167 1168 1169]] [78 [1170 1171 1172 1173 1174 1175 1176 1177 1178 1179 1180 1181 1182 1183 1184]] [79 [1185 1186 1187 1188 1189 1190 1191 1192 1193 1194 1195 1196 1197 1198 1199]] [80 [1200 1201 1202 1203 1204 1205 1206 1207 1208 1209 1210 1211 1212 1213 1214]] [81 [1215 1216 1217 1218 1219 1220 1221 1222 1223 1224 1225 1226 1227 1229]] [82 [1230 1231 1232 1233 1234 1235 1236 1237 1238 1239 1240 1241 1242 1243 1244]] [83 [1245 1246 1247 1248 1249 1250 1251 1252 1253 1254 1255 1256 1257 1258 1259]] [84 [1260 1262 1263 1264 1265 1266 1267 1269 1270 1271 1272 1273 1274]] [85 [1275 1276 1277 1278 1279 1280 1281 1282 1283 1284 1285 1286 1287 1288 1289]] [86 [1290 1291 1292 1293 1294 1295 1296 1297 1298 1299 1300 1301 1302 1303 1304]] [87 [1305 1306 1307 1308 1309 1310 1311 1312 1313 1314 1315 1316 1317 1318 1319]] [88 [1320 1321 1322 1323 1324 1325 1326 1327 1328 1329 1330 1331 1332 1333 1334]] [89 [1335 1336 1337 1338 1339 1340 1341 1342 1343 1344 1345 1346 1347 1348 1349]] [90 [1350 1351 1352 1353 1354 1355 1356 1357 1358 1359 1360 1361 1362 1363 1364]] [91 [1365 1366 1367 1368 1369 1370 1371 1372 1373 1374 1375 1376 1377 1378 1379]] [92 [1380 1381 1382 1383 1384 1385 1386 1387 1388 1389 1390 1391 1392 1393 1394]] [93 [1395 1396 1397 1398 1399 1400 1401 1402 1403 1404 1405 1406 1407 1408 1409]] [94 [1410 1411 1412 1413 1414 1415 1416 1417 1418 1419 1420 1421 1422 1423 1424]] [95 [1425 1426 1427 1428 1429 1430 1431 1432 1433 1434 1435 1436 1437 1438 1439]] [96 [1440 1441 1442 1443 1444 1445 1446 1447 1448 1449 1450 1451 1452 1453 1454]] [97 [1455 1456 1457 1458 1459 1461 1462 1463 1464 1465 1466 1467 1468 1469]] [98 [1470 1471 1472 1473 1474 1475 1476 1477 1478 1479 1480 1481 1482 1483 1484]] [99 [1485 1486 1487 1488 1489 1491 1492 1493 1494 1495 1496 1497 1498 1499]]]","[[0 [1 2 3 4 5 7 8 9 11 12 13 14]] [1 [15 16 17 18 20 21 22 23 25 26 28 29]] [2 [30 32 33 34 35 36 37 38 39 40 41 42 43 44]] [3 [45 46 47 48 49 50 51 52 53 55 58 59]] [4 [61 62 63 64 65 66 67 68 69 70 71 73 74]] [5 [75 76 77 80 83 84 85 86 87 88 89]] [6 [90 91 92 94 95 97 98 99 100 101 103 104]] [7 [105 106 107 108 109 110 112 113 114 115 117 118 119]] [8 [120 121 122 123 124 125 126 127 128 131 132 133]] [9 [136 137 138 139 140 141 143 144 145 146 147 148 149]] [10 [150 151 153 154 155 157 158 159 161 163 164]] [11 [165 167 168 171 172 173 174 178 179]] [12 [180 181 182 186 187 188 189 190 191 193 194]] [13 [195 196 197 198 199 200 201 202 203 204 205 207 208 209]] [14 [211 212 213 214 215 216 217 218 219 220 221 222 223 224]] [15 [225 226 227 228 230 231 232 233 234 236]] [16 [241 242 243 244 245 247 248 249 250 251 252 253 254]] [17 [255 256 259 260 262 263 264 265 266 267 268]] [18 [272 273 275 277 278 279 281 282 283 284]] [19 [285 287 288 289 290 291 292 293 294 295 297 298 299]] [20 [301 302 303 304 305 306 307 309 311 312 313 314]] [21 [316 317 318 319 320 321 325 326 327 328 329]] [22 [330 331 332 333 335 338 339 340 341 342 343 344]] [23 [345 346 348 350 351 355 356 357 358 359]] [24 [360 361 362 363 364 365 366 367 368 369 370 371 372 373 374]] [25 [375 377 378 379 380 381 382 383 384 385 386 387 389]] [26 [390 391 392 393 394 396 397 398 399 400 401 402 403 404]] [27 [405 406 407 408 409 410 411 413 414 415 416 417 418 419]] [28 [420 421 422 423 424 425 426 427 429 430 431 432 433 434]] [29 [435 436 437 440 441 442 443 444 445 446 447 448]] [30 [450 451 452 453 454 455 456 457 458 459 463 464]] [31 [465 466 467 468 469 470 471 472 473 476 478 479]] [32 [480 483 484 485 486 488 489 490 491 492 493 494]] [33 [495 497 499 501 502 503 504 505 506 507 508]] [34 [510 511 512 513 514 515 516 517 520 521 522 524]] [35 [526 527 528 529 531 532 534 536 537 538 539]] [36 [540 541 542 543 544 546 547 548 549 550 551 552 553 554]] [37 [555 556 557 558 559 562 563 564 565 566 567 568 569]] [38 [570 571 572 573 574 575 577 578 579 581 582 583 584]] [39 [585 586 587 588 589 590 593 594 595 596 597 598 599]] [40 [600 601 605 607 608 609 610 613]] [41 [615 616 617 618 619 620 622 623 624 625 626 627 628 629]] [42 [630 632 633 634 635 636 637 639 640 642 643 644]] [43 [645 646 649 651 652 653 654 656 657 658 659]] [44 [660 661 663 664 665 666 667 669 670 671 672 673 674]] [45 [675 676 677 678 679 680 681 682 684 685 689]] [46 [690 691 692 693 694 695 696 697 699 701 702]] [47 [705 706 707 708 711 712 713 714 715 716 717 718 719]] [48 [720 721 722 724 726 728 730 731 732 733 734]] [49 [735 736 737 738 739 740 741 742 743 744 745 746 748 749]] [50 [750 751 752 753 754 755 758 759 760 761 762 763 764]] [51 [765 767 769 770 771 772 773 774 775 776 777 778 779]] [52 [780 781 782 785 786 789 790 791 792 793 794]] [53 [795 796 797 798 799 800 801 802 803 805 806]] [54 [810 811 812 813 814 815 817 819 821 823 824]] [55 [825 826 827 828 829 830 831 832 833 834 836 837 838 839]] [56 [841 842 843 844 845 846 847 848 849 851 852 853 854]] [57 [855 856 857 858 859 860 861 862 863 864 865 866 867 868 869]] [58 [870 871 872 873 874 876 879 880 881 882 884]] [59 [885 886 887 888 889 890 891 892 893 894 895 896 898]] [60 [900 901 902 903 904 905 906 907 908 909 910 911 913]] [61 [915 916 917 919 920 922 924 925 926 928 929]] [62 [930 931 932 933 934 935 936 937 938 939 943]] [63 [945 947 948 949 950 951 952 953 954 955 957 958 959]] [64 [960 961 962 963 964 965 968 969 970 971 972 973 974]] [65 [975 976 977 978 979 980 981 984 985 986 987 988 989]] [66 [990 991 992 993 994 996 997 998 999 1000 1001 1002 1003]] [67 [1005 1006 1007 1008 1009 1010 1011 1013 1014 1015 1016 1018 1019]] [68 [1020 1022 1023 1024 1025 1026 1027 1028 1029 1031 1032 1034]] [69 [1035 1036 1037 1038 1040 1042 1043 1044 1045 1048 1049]] [70 [1050 1051 1052 1053 1054 1055 1056 1057 1058 1064]] [71 [1066 1067 1068 1069 1070 1071 1072 1073 1074 1075 1077 1078 1079]] [72 [1080 1081 1082 1083 1086 1087 1088 1089 1090 1092 1093 1094]] [73 [1095 1096 1097 1099 1101 1104 1105 1106 1107 1108 1109]] [74 [1110 1111 1112 1114 1115 1117 1118 1120 1121 1122 1123 1124]] [75 [1125 1126 1127 1128 1129 1130 1131 1132 1133 1134 1135 1136 1137 1138 1139]] [76 [1141 1142 1143 1144 1145 1146 1147 1148 1149 1150 1153 1154]] [77 [1156 1157 1159 1161 1162 1163 1164 1165 1166 1167 1168 1169]] [78 [1170 1171 1172 1175 1176 1177 1178 1179 1180 1181 1182 1183 1184]] [79 [1185 1186 1187 1188 1189 1190 1191 1192 1193 1194 1198 1199]] [80 [1200 1201 1202 1203 1207 1208 1209 1210 1211 1212 1214]] [81 [1218 1219 1220 1221 1222 1224 1225 1226 1227 1229]] [82 [1230 1231 1232 1233 1234 1235 1236 1237 1238 1239 1242 1243]] [83 [1245 1246 1247 1248 1249 1250 1251 1252 1254 1256 1257 1258 1259]] [84 [1262 1263 1265 1266 1267 1270 1271 1272 1273 1274]] [85 [1275 1276 1277 1278 1279 1280 1281 1282 1283 1284 1285 1286 1287]] [86 [1290 1291 1292 1294 1295 1296 1297 1300 1301 1303 1304]] [87 [1305 1307 1308 1309 1310 1311 1313 1315 1316 1317 1318 1319]] [88 [1320 1321 1323 1324 1326 1327 1328 1329 1330 1331 1333]] [89 [1335 1337 1338 1339 1340 1342 1343 1346 1347 1348 1349]] [90 [1350 1351 1352 1353 1354 1355 1356 1357 1358 1359 1360 1361 1362 1363]] [91 [1366 1367 1368 1369 1370 1371 1372 1373 1374 1375 1376 1378]] [92 [1382 1383 1385 1386 1387 1389 1390 1391 1392 1393 1394]] [93 [1395 1396 1397 1398 1402 1403 1404 1405 1406 1408 1409]] [94 [1410 1412 1413 1414 1416 1417 1418 1419 1420 1421 1422 1423 1424]] [95 [1425 1426 1427 1431 1432 1433 1434 1437 1438 1439]] [96 [1441 1442 1443 1444 1445 1446 1447 1448 1449 1451 1452 1453 1454]] [97 [1455 1456 1457 1458 1459 1461 1462 1463 1464 1465 1466 1467 1468 1469]] [98 [1470 1471 1472 1473 1475 1476 1477 1478 1479 1480 1482 1483 1484]] [99 [1485 1486 1488 1489 1491 1492 1493 1494 1496 1497 1498 1499]]]",,"[[{citizen 37} [[""A"" [5 3 2 3 4 3 4 3 4 5]]]] [{citizen 44} [[""A"" [2 5 5 3 3 3 4 4 3 5]]]] [{media 50} [[""A"" [4 4 4 4 4 4 4 4 4 4]]]] [{media 51} [[""A"" [3 3 3 3 3 3 3 3 3 3]]]] [{media 52} [[""A"" [4 4 4 4 4 4 4 4 4 4]]]] [{media 53} [[""A"" [3 3 3 3 3 3 3 3 3 3]]]] [{media 54} [[""A"" [4 4 4 4 4 4 4 4 4 4]]]] [{media 55} [[""A"" [5 5 5 5 5 5 5 5 5 5]]]] [{media 56} [[""A"" [3 3 3 3 3 3 3 3 3 3]]]] [{media 57} [[""A"" [3 3 3 3 3 3 3 3 3 3]]]] [{media 58} [[""A"" [4 4 4 4 4 4 4 4 4 4]]]] [{media 59} [[""A"" [2 2 2 2 2 2 2 2 2 2]]]] [{media 60} [[""A"" [5 5 5 5 5 5 5 5 5 5]]]] [{media 61} [[""A"" [3 3 3 3 3 3 3 3 3 3]]]] [{media 62} [[""A"" [2 2 2 2 2 2 2 2 2 2]]]] [{media 63} [[""A"" [4 4 4 4 4 4 4 4 4 4]]]] [{media 64} [[""A"" [2 2 2 2 2 2 2 2 2 2]]]] [{citizen 4} [[""A"" [2 4 3 2 3 3 3 3 4 4]]]] [{citizen 1} [[""A"" [2 5 2 3 3 3 3 4 3 4]]]] [{citizen 0} [[""A"" [3 3 2 3 3 3 4 3 4 5]]]] [{citizen 17} [[""A"" [4 3 3 3 3 4 2 3 5 4]]]] [{citizen 19} [[""A"" [3 2 2 3 4 3 4 3 4 5]]]] [{citizen 24} [[""A"" [5 3 2 2 3 3 3 3 4 5]]]] [{citizen 13} [[""A"" [3 3 2 3 3 3 4 2 3 4]]]] [{citizen 9} [[""A"" [3 2 4 3 3 3 4 2 3 4]]]] [{citizen 12} [[""A"" [3 5 2 3 3 3 4 3 4 5]]]] [{citizen 2} [[""A"" [4 3 4 3 2 3 3 3 4 5]]]] [{citizen 10} [[""A"" [3 2 3 5 3 2 2 3 3 5]]]] [{citizen 5} [[""A"" [5 3 3 2 3 3 3 4 3 4]]]] [{citizen 21} [[""A"" [4 5 4 2 3 3 3 4 4 5]]]] [{citizen 7} [[""A"" [5 3 2 2 3 3 3 4 4 5]]]] [{citizen 31} [[""A"" [4 5 5 3 4 3 3 4 2 3]]]] [{citizen 39} [[""A"" [3 3 2 3 4 4 3 4 5 4]]]] [{citizen 36} [[""A"" [3 2 3 3 3 3 4 3 4 5]]]] [{citizen 49} [[""A"" [3 4 4 3 3 3 3 3 4 5]]]] [{citizen 42} [[""A"" [3 2 4 3 3 3 4 3 4 5]]]] [{citizen 47} [[""A"" [4 4 4 3 4 3 3 3 4 5]]]] [{citizen 8} [[""A"" [4 4 3 3 2 3 3 4 3 5]]]] [{citizen 3} [[""A"" [5 5 3 3 3 3 4 3 4 5]]]] [{citizen 33} [[""A"" [3 2 4 3 3 3 2 3 4 5]]]] [{citizen 25} [[""A"" [3 4 4 3 3 3 3 4 3 4]]]] [{citizen 30} [[""A"" [3 4 4 3 2 3 3 3 4 5]]]] [{citizen 11} [[""A"" [4 4 3 5 2 3 4 3 4 5]]]] [{citizen 18} [[""A"" [3 4 3 4 4 5 3 3 3 3]]]] [{citizen 6} [[""A"" [3 2 3 3 4 3 4 2 3 5]]]] [{citizen 15} [[""A"" [2 4 5 3 2 4 3 3 4 5]]]] [{citizen 46} [[""A"" [3 4 3 2 2 3 3 3 4 5]]]] [{citizen 43} [[""A"" [5 3 3 2 3 3 4 3 4 5]]]] [{citizen 45} [[""A"" [2 5 4 2 2 3 4 3 4 4]]]] [{citizen 32} [[""A"" [4 4 5 3 3 3 3 3 4 5]]]] [{citizen 20} [[""A"" [3 2 4 3 3 3 4 3 4 5]]]] [{citizen 27} [[""A"" [2 3 4 4 3 3 3 3 3 4]]]] [{citizen 22} [[""A"" [3 4 3 4 3 2 2 3 4 4]]]] [{citizen 23} [[""A"" [2 2 4 3 3 4 2 3 4 5]]]] [{citizen 14} [[""A"" [4 4 3 2 4 3 3 4 3 4]]]] [{citizen 35} [[""A"" [3 3 2 2 3 3 4 3 4 5]]]] [{citizen 48} [[""A"" [3 2 4 3 3 4 3 4 5 4]]]] [{citizen 16} [[""A"" [4 4 5 3 4 3 3 4 5 4]]]] [{citizen 40} [[""A"" [4 4 3 3 3 3 3 3 4 4]]]] [{citizen 41} [[""A"" [5 4 5 3 4 3 4 2 3 4]]]] [{citizen 26} [[""A"" [3 3 3 2 3 3 3 3 4 5]]]] [{citizen 29} [[""A"" [3 4 4 4 2 3 3 4 3 5]]]] [{citizen 34} [[""A"" [5 3 2 4 3 3 2 3 4 5]]]] [{citizen 38} [[""A"" [3 5 2 3 3 3 4 2 5 4]]]]]"
"29","[85 0 170]","60.612244897959165","11.831689234557574","6.173027415794122","""circle""","""""","9.9","{breed citizens}","false","0.5","1","""up""",,"[[""ID"" 29] [""alpha"" 1] [""beta"" 1] [""malleable"" [""A""]] [""prior"" []] [""cont_tokens"" []] [""A"" 4]]","[[0 [0 1 2 3 4 5 6 7 8 9 10 11 12 13 14]] [1 [15 16 17 18 19 20 21 22 23 25 26 28 29]] [2 [30 31 32 33 34 35 36 37 38 39 40 41 42 43 44]] [3 [45 46 47 48 49 50 51 52 53 54 55 56 57 58 59]] [4 [60 61 62 63 64 65 66 67 68 69 70 71 72 73 74]] [5 [75 76 77 78 80 83 84 85 86 87 88 89]] [6 [90 91 92 93 94 95 96 97 98 99 100 101 102 103 104]] [7 [105 106 107 108 109 110 111 112 113 114 115 116 117 118 119]] [8 [120 121 122 123 124 125 126 127 128 129 130 131 132 133 134]] [9 [135 136 137 138 139 140 141 142 143 144 145 146 147 148 149]] [10 [150 151 152 153 154 155 156 157 158 159 160 161 162 163 164]] [11 [165 166 167 168 169 170 171 172 173 174 175 176 177 178 179]] [12 [180 181 182 183 184 185 186 187 188 189 190 191 192 193 194]] [13 [195 196 197 198 199 200 201 202 203 204 205 206 207 208 209]] [14 [210 211 212 213 214 215 216 217 218 219 220 221 222 223 224]] [15 [225 226 227 228 229 230 231 232 233 234 235 236 237 238 239]] [16 [240 241 242 243 244 245 246 247 248 249 250 251 252 253 254]] [17 [255 256 257 258 259 260 261 262 263 264 265 266 267 268 269]] [18 [270 271 272 273 274 275 276 277 278 279 280 281 282 283 284]] [19 [285 286 287 288 289 290 291 292 293 294 295 296 297 298 299]] [20 [300 301 302 303 304 305 306 307 309 310 311 312 313 314]] [21 [315 316 317 318 319 320 321 322 323 324 325 326 327 328 329]] [22 [330 331 332 333 334 335 336 337 338 339 340 341 342 343 344]] [23 [345 346 347 348 349 350 351 352 353 354 355 356 357 358 359]] [24 [360 361 362 363 364 365 366 367 368 369 370 371 372 373 374]] [25 [375 376 377 378 379 380 381 382 383 384 385 386 387 388 389]] [26 [390 391 392 393 394 395 396 397 398 399 400 401 402 403 404]] [27 [405 406 407 408 409 410 411 412 413 414 415 416 417 418 419]] [28 [420 421 422 423 424 425 426 427 428 429 430 431 432 433 434]] [29 [435 436 437 438 439 440 441 442 443 444 445 446 447 448 449]] [30 [450 451 452 453 454 455 456 457 458 459 460 461 462 463 464]] [31 [465 466 467 468 469 470 471 472 473 474 475 476 477 478 479]] [32 [480 481 482 483 484 485 486 487 488 489 490 491 492 493 494]] [33 [495 496 497 498 499 500 501 502 503 504 505 506 507 508 509]] [34 [510 511 512 513 514 515 516 517 519 520 521 522 523 524]] [35 [525 526 527 528 529 530 531 532 533 534 535 536 537 538 539]] [36 [540 541 542 543 544 545 546 547 548 549 550 551 552 553 554]] [37 [555 556 557 558 559 560 561 562 563 564 565 566 567 568 569]] [38 [570 571 572 573 574 575 576 577 578 579 580 581 582 583 584]] [39 [585 586 587 588 589 590 591 592 593 594 595 596 597 598 599]] [40 [600 601 602 603 604 605 606 607 608 609 610 611 612 613 614]] [41 [615 616 617 618 619 620 621 622 623 624 625 626 627 628 629]] [42 [630 631 632 633 634 635 636 637 638 639 640 641 642 643 644]] [43 [645 646 647 648 649 650 651 652 653 654 656 657 658 659]] [44 [660 661 662 663 664 665 666 667 668 669 670 671 672 673 674]] [45 [675 676 677 678 679 680 681 682 683 684 685 686 687 688 689]] [46 [690 691 692 693 694 695 696 697 698 699 700 701 702 703 704]] [47 [705 706 707 708 709 710 711 712 713 714 715 716 717 718 719]] [48 [720 721 722 723 724 725 726 727 728 729 730 731 732 733 734]] [49 [735 736 737 738 739 740 741 742 743 744 745 746 747 748 749]] [50 [750 751 752 753 754 755 756 757 758 759 760 761 762 763 764]] [51 [765 766 767 768 769 770 771 772 773 774 775 776 777 778 779]] [52 [780 781 782 783 784 785 786 787 788 789 790 791 792 793 794]] [53 [795 796 797 798 799 800 801 802 803 804 805 806 807 808 809]] [54 [810 811 812 813 814 815 816 817 818 819 820 821 822 823 824]] [55 [825 826 827 828 829 830 831 832 833 834 835 836 837 838 839]] [56 [840 841 842 843 844 845 846 847 848 849 850 851 852 853 854]] [57 [855 856 857 858 859 860 861 862 863 864 865 866 867 868 869]] [58 [870 871 872 873 874 875 876 877 878 879 880 881 882 883 884]] [59 [885 886 887 888 889 890 891 892 893 894 895 896 897 898 899]] [60 [900 901 902 903 904 905 906 907 908 909 910 911 912 913 914]] [61 [915 916 917 918 919 920 921 922 923 924 925 926 927 928 929]] [62 [930 931 932 933 934 935 936 937 938 939 940 941 942 943 944]] [63 [945 946 947 948 949 950 951 952 953 954 955 956 957 958 959]] [64 [960 961 962 963 964 965 966 967 968 969 970 971 972 973 974]] [65 [975 976 977 978 979 980 981 982 983 984 985 986 987 988 989]] [66 [990 991 992 993 994 996 997 998 999 1000 1001 1002 1003 1004]] [67 [1005 1006 1007 1008 1009 1010 1011 1012 1013 1014 1015 1016 1017 1018 1019]] [68 [1020 1022 1023 1024 1025 1026 1027 1028 1029 1030 1031 1032 1034]] [69 [1035 1036 1037 1038 1039 1040 1041 1042 1043 1044 1045 1046 1047 1048 1049]] [70 [1050 1051 1052 1053 1054 1055 1056 1057 1058 1059 1060 1061 1062 1063 1064]] [71 [1065 1066 1067 1068 1069 1070 1071 1072 1073 1074 1075 1076 1077 1078 1079]] [72 [1080 1081 1082 1083 1084 1085 1086 1087 1088 1089 1090 1091 1092 1093 1094]] [73 [1095 1096 1097 1098 1099 1100 1101 1102 1103 1104 1105 1106 1107 1108 1109]] [74 [1110 1111 1112 1113 1114 1115 1116 1117 1118 1119 1120 1121 1122 1123 1124]] [75 [1125 1126 1127 1128 1129 1130 1131 1132 1133 1134 1135 1136 1137 1138 1139]] [76 [1140 1141 1142 1143 1144 1145 1146 1147 1148 1149 1150 1151 1152 1153 1154]] [77 [1155 1156 1157 1159 1161 1162 1163 1164 1165 1166 1167 1168 1169]] [78 [1170 1171 1172 1173 1174 1175 1176 1177 1178 1179 1180 1181 1182 1183 1184]] [79 [1185 1186 1187 1188 1189 1190 1191 1192 1193 1194 1195 1196 1197 1198 1199]] [80 [1200 1201 1202 1203 1204 1205 1206 1207 1208 1209 1210 1211 1212 1213 1214]] [81 [1215 1216 1217 1218 1219 1220 1221 1222 1223 1224 1225 1226 1227 1228 1229]] [82 [1230 1231 1232 1233 1234 1235 1236 1237 1238 1239 1240 1241 1242 1243 1244]] [83 [1245 1246 1247 1248 1249 1250 1251 1252 1253 1254 1255 1256 1257 1258 1259]] [84 [1260 1262 1263 1264 1265 1266 1267 1269 1270 1271 1272 1273 1274]] [85 [1275 1276 1277 1278 1279 1280 1281 1282 1283 1284 1285 1286 1287 1288 1289]] [86 [1290 1291 1292 1293 1294 1295 1296 1297 1299 1300 1301 1302 1303 1304]] [87 [1305 1306 1307 1308 1309 1310 1311 1312 1313 1314 1315 1316 1317 1318 1319]] [88 [1320 1321 1322 1323 1324 1325 1326 1327 1328 1329 1330 1331 1332 1333 1334]] [89 [1335 1336 1337 1338 1339 1340 1341 1342 1343 1344 1345 1346 1347 1348 1349]] [90 [1350 1351 1352 1353 1354 1355 1356 1357 1358 1359 1360 1361 1362 1363 1364]] [91 [1365 1366 1367 1368 1369 1370 1371 1372 1373 1374 1375 1376 1377 1378 1379]] [92 [1380 1381 1382 1383 1384 1385 1386 1387 1388 1389 1390 1391 1392 1393 1394]] [93 [1395 1396 1397 1398 1399 1400 1401 1402 1403 1404 1405 1406 1407 1408 1409]] [94 [1410 1411 1412 1413 1414 1415 1416 1417 1418 1419 1420 1421 1422 1423 1424]] [95 [1425 1426 1427 1428 1429 1430 1431 1432 1433 1434 1435 1436 1437 1438 1439]] [96 [1440 1441 1442 1443 1444 1445 1446 1447 1448 1449 1450 1451 1452 1453 1454]] [97 [1455 1456 1457 1458 1459 1460 1461 1462 1463 1464 1465 1466 1467 1468 1469]] [98 [1470 1471 1472 1473 1474 1475 1476 1477 1478 1479 1480 1481 1482 1483 1484]] [99 [1485 1486 1487 1488 1489 1491 1492 1493 1494 1495 1496 1497 1498 1499]]]","[[0 [0 1 2 3 4 5 7 8 9 11 12 13 14]] [1 [15 16 17 18 21 22 23 25 26 28 29]] [2 [30 32 36 37 38 39 41 42 43 44]] [3 [45 46 47 48 49 50 51 52 54 55 57 58]] [4 [60 61 62 63 64 65 66 67 68 69 70 71 72 73 74]] [5 [75 76 77 78 80 83 84 85 86 87 88 89]] [6 [90 91 93 94 95 98 99 100 102 103 104]] [7 [105 106 107 108 109 110 112 113 114 115 116 117 118 119]] [8 [120 121 122 123 124 125 126 127 128 131 132 134]] [9 [135 136 137 139 140 141 142 143 144 145 146 147]] [10 [151 153 154 156 157 158 159 161 163 164]] [11 [165 166 169 170 171 172 173 174 175 176 177 178 179]] [12 [180 181 182 183 186 187 188 189 190 191 192 193 194]] [13 [195 196 197 198 199 200 201 202 206 207 208 209]] [14 [210 211 212 213 214 216 217 219 220 221 222 223 224]] [15 [225 226 227 228 229 230 231 232 233 235 237 238 239]] [16 [241 242 243 244 245 247 248 249 250 251 252 253 254]] [17 [255 256 257 258 259 260 261 262 263 264 265 266 267 268 269]] [18 [270 271 274 276 277 278 279 280 282 283 284]] [19 [285 287 288 291 292 293 294 295 296 297 298 299]] [20 [301 302 303 304 305 306 310 312 313 314]] [21 [317 318 319 320 321 324 325 326 327 328 329]] [22 [330 331 332 333 334 336 337 339 340 341 342 343 344]] [23 [345 346 347 348 349 350 351 354 355 356 357 358 359]] [24 [360 361 362 363 364 365 366 367 368 369 370 373]] [25 [376 377 378 379 380 381 382 383 384 385 386 388 389]] [26 [390 391 392 393 394 396 397 398 399 400 401 402 403 404]] [27 [405 406 407 408 409 410 411 412 413 414 415 416 417 418 419]] [28 [420 421 422 423 424 425 426 427 429 430 431 432 433 434]] [29 [435 436 437 440 441 442 443 444 445 446 447 448]] [30 [450 451 452 453 456 457 458 459 460 461 462 464]] [31 [465 466 467 468 469 470 471 472 473 474 475 477]] [32 [480 482 484 485 486 488 489 490 492 493 494]] [33 [495 496 498 499 500 501 502 503 504 505 506 507 508]] [34 [510 511 513 514 515 516 517 520 521 523]] [35 [525 526 527 528 529 533 534 535 536 538 539]] [36 [541 542 543 544 546 547 548 549 550 551 552 554]] [37 [555 556 557 558 559 562 563 564 565 566 567 568 569]] [38 [570 571 572 573 574 575 577 578 579 581 582 583 584]] [39 [585 586 587 588 589 590 591 592 593 594 596 597 598 599]] [40 [600 601 603 604 606 608 609 610 613 614]] [41 [615 616 617 618 619 620 622 623 624 625 626 627 629]] [42 [630 632 633 634 635 636 637 639 640 642 643 644]] [43 [645 646 647 648 650 651 652 653 654 656 657 658 659]] [44 [660 661 663 665 666 667 669 670 671 672 673 674]] [45 [675 676 677 678 679 680 681 682 684 685 686 687 688 689]] [46 [690 691 692 693 694 695 696 697 698 699 700 701 703 704]] [47 [707 708 709 710 714 715 716 717 718 719]] [48 [720 722 723 725 726 729 730 731 732 733 734]] [49 [735 736 737 738 739 740 741 742 743 744 745 746 747 749]] [50 [750 751 752 753 754 755 757 759 760 761 762 763 764]] [51 [765 766 767 769 770 771 772 773 774 775 776 777 778 779]] [52 [780 781 782 784 785 786 787 788 789 790 791 792 793 794]] [53 [795 796 797 798 799 800 801 802 803 804 805 806 808 809]] [54 [810 811 812 813 814 815 817 820 821 822 824]] [55 [825 826 827 829 830 831 832 833 835 836 837 838 839]] [56 [841 842 843 844 845 846 847 848 849 850 851 852 853]] [57 [855 857 858 859 860 861 862 863 864 865 866 867 868 869]] [58 [870 871 872 873 874 876 879 880 881 882 883]] [59 [885 886 887 888 889 890 891 892 893 894 895 896 898]] [60 [900 901 902 903 904 905 906 907 908 909 910 911 912 914]] [61 [915 916 917 919 920 921 922 924 925 926 927]] [62 [930 931 932 933 934 935 936 937 938 939 940 941 942 944]] [63 [946 948 949 950 951 952 953 954 955 956 957 958 959]] [64 [960 961 962 963 964 965 966 967 968 969 971 972 973]] [65 [976 977 978 979 980 981 984 985 986 987 988 989]] [66 [990 991 992 993 997 998 999 1001 1002 1003]] [67 [1005 1006 1007 1008 1009 1010 1011 1013 1014 1015 1016 1018 1019]] [68 [1020 1022 1023 1024 1025 1026 1028 1029 1031 1032 1034]] [69 [1035 1036 1037 1038 1040 1042 1043 1044 1046 1047]] [70 [1052 1053 1054 1055 1056 1057 1058 1064]] [71 [1065 1066 1067 1068 1069 1070 1072 1073 1074 1075 1076 1079]] [72 [1080 1081 1082 1084 1085 1089 1091 1092 1093 1094]] [73 [1095 1096 1097 1098 1100 1101 1103 1104 1105 1106 1107 1108 1109]] [74 [1110 1111 1112 1115 1116 1118 1120 1121 1122 1123 1124]] [75 [1125 1126 1127 1128 1129 1130 1131 1132 1133 1134 1136 1137 1138 1139]] [76 [1141 1142 1143 1144 1145 1146 1147 1148 1149 1150 1152 1153 1154]] [77 [1155 1156 1157 1159 1161 1162 1163 1164 1165 1166 1167 1168 1169]] [78 [1170 1171 1172 1173 1174 1175 1176 1177 1178 1179 1180 1182 1183 1184]] [79 [1185 1186 1187 1190 1192 1193 1194 1195 1196 1197 1198]] [80 [1200 1201 1202 1203 1207 1208 1209 1210 1211 1213]] [81 [1215 1216 1217 1220 1221 1222 1224 1225 1226 1227 1229]] [82 [1230 1231 1232 1233 1234 1235 1236 1237 1238 1239 1242 1243]] [83 [1245 1246 1247 1248 1249 1250 1251 1252 1253 1254 1255 1256 1257 1258 1259]] [84 [1262 1263 1264 1265 1266 1267 1270 1271 1272 1273 1274]] [85 [1275 1276 1277 1278 1279 1281 1282 1283 1284 1285 1286 1287 1289]] [86 [1292 1294 1295 1296 1297 1300 1301 1303 1304]] [87 [1305 1309 1310 1311 1313 1315 1316 1317 1318 1319]] [88 [1320 1321 1325 1326 1327 1328 1329 1330 1331 1333]] [89 [1335 1339 1340 1341 1342 1343 1344 1345 1347 1348 1349]] [90 [1350 1351 1352 1353 1354 1359 1360 1361 1362 1364]] [91 [1365 1366 1367 1369 1370 1371 1372 1373 1374 1375 1376 1378]] [92 [1380 1381 1382 1383 1384 1386 1387 1389 1390 1391 1392 1393 1394]] [93 [1395 1396 1397 1398 1399 1400 1401 1402 1404 1405 1406 1408 1409]] [94 [1410 1411 1412 1413 1415 1416 1417 1418 1419 1420 1421 1422 1423 1424]] [95 [1425 1426 1428 1429 1430 1431 1432 1433 1436 1437 1438 1439]] [96 [1441 1442 1443 1444 1445 1446 1447 1448 1449 1450 1451 1452]] [97 [1455 1456 1457 1458 1459 1462 1463 1464 1465 1466 1467 1468 1469]] [98 [1470 1471 1472 1474 1476 1477 1478 1479 1480 1482 1483 1484]] [99 [1485 1486 1488 1489 1491 1492 1493 1494 1495 1496 1497 1498 1499]]]",,"[[{citizen 43} [[""A"" [3 3 2 2 3 4 4 3 4 4]]]] [{media 50} [[""A"" [4 4 4 4 4 4 4 4 4 4]]]] [{media 51} [[""A"" [3 3 3 3 3 3 3 3 3 3]]]] [{media 52} [[""A"" [4 4 4 4 4 4 4 4 4 4]]]] [{media 53} [[""A"" [3 3 3 3 3 3 3 3 3 3]]]] [{media 54} [[""A"" [4 4 4 4 4 4 4 4 4 4]]]] [{media 55} [[""A"" [5 5 5 5 5 5 5 5 5 5]]]] [{media 56} [[""A"" [3 3 3 3 3 3 3 3 3 3]]]] [{media 57} [[""A"" [3 3 3 3 3 3 3 3 3 3]]]] [{media 58} [[""A"" [4 4 4 4 4 4 4 4 4 4]]]] [{media 59} [[""A"" [2 2 2 2 2 2 2 2 2 2]]]] [{media 60} [[""A"" [5 5 5 5 5 5 5 5 5 5]]]] [{media 61} [[""A"" [3 3 3 3 3 3 3 3 3 3]]]] [{media 62} [[""A"" [2 2 2 2 2 2 2 2 2 2]]]] [{media 63} [[""A"" [4 4 4 4 4 4 4 4 4 4]]]] [{media 64} [[""A"" [2 2 2 2 2 2 2 2 2 2]]]] [{citizen 3} [[""A"" [3 5 3 2 2 3 3 4 3 4]]]] [{citizen 0} [[""A"" [5 4 3 3 2 4 3 3 3 4]]]] [{citizen 2} [[""A"" [3 2 2 3 4 3 2 4 5 4]]]] [{citizen 13} [[""A"" [4 3 3 2 2 3 4 2 3 4]]]] [{citizen 21} [[""A"" [4 2 2 4 3 3 3 4 4 4]]]] [{citizen 7} [[""A"" [4 5 4 3 2 2 3 3 4 4]]]] [{citizen 31} [[""A"" [2 2 4 3 4 4 2 3 4 4]]]] [{citizen 39} [[""A"" [5 3 3 3 2 3 4 4 4 4]]]] [{citizen 5} [[""A"" [3 4 5 3 3 2 2 3 3 4]]]] [{citizen 44} [[""A"" [3 2 2 3 3 4 3 4 5 4]]]] [{citizen 28} [[""A"" [3 3 3 2 2 3 3 4 4 4]]]] [{citizen 24} [[""A"" [5 4 3 3 2 2 3 4 3 4]]]] [{citizen 37} [[""A"" [3 3 3 2 2 3 4 4 3 4]]]] [{citizen 17} [[""A"" [3 3 2 2 3 2 3 4 5 4]]]] [{citizen 30} [[""A"" [4 3 4 3 2 2 3 3 4 4]]]] [{citizen 27} [[""A"" [4 2 3 3 2 3 3 3 3 4]]]] [{citizen 12} [[""A"" [5 4 3 2 3 3 3 4 3 4]]]] [{citizen 16} [[""A"" [4 3 5 3 3 4 3 4 5 4]]]] [{citizen 49} [[""A"" [4 3 2 2 3 3 4 3 4 5]]]] [{citizen 1} [[""A"" [3 2 2 3 3 3 4 3 4 4]]]] [{citizen 8} [[""A"" [3 3 5 3 3 2 3 4 3 4]]]] [{citizen 22} [[""A"" [3 4 3 4 3 3 2 2 4 4]]]] [{citizen 33} [[""A"" [4 3 2 2 2 4 3 4 2 4]]]] [{citizen 4} [[""A"" [2 3 5 3 2 3 3 3 4 4]]]] [{citizen 35} [[""A"" [3 3 2 2 2 4 3 4 5 4]]]] [{citizen 19} [[""A"" [4 3 3 2 2 3 4 4 4 4]]]] [{citizen 25} [[""A"" [4 4 3 4 3 3 2 3 3 4]]]] [{citizen 9} [[""A"" [3 3 2 2 4 3 4 2 3 4]]]] [{citizen 41} [[""A"" [5 4 2 2 4 4 2 3 4 4]]]] [{citizen 10} [[""A"" [5 3 3 2 2 3 4 4 5 4]]]] [{citizen 46} [[""A"" [4 3 4 3 2 2 3 3 4 4]]]] [{citizen 11} [[""A"" [4 3 2 2 3 4 4 3 4 5]]]] [{citizen 45} [[""A"" [3 5 4 3 2 2 3 3 4 4]]]] [{citizen 38} [[""A"" [4 5 4 3 2 3 4 2 4 4]]]] [{citizen 36} [[""A"" [2 2 3 3 4 4 3 4 5 4]]]] [{citizen 47} [[""A"" [3 4 4 3 2 2 4 3 3 4]]]] [{citizen 40} [[""A"" [4 4 3 3 3 3 2 3 4 4]]]] [{citizen 6} [[""A"" [3 2 2 4 3 3 3 4 2 4]]]] [{citizen 42} [[""A"" [3 3 3 2 2 4 3 4 4 5]]]] [{citizen 32} [[""A"" [4 3 5 3 2 3 3 4 3 4]]]] [{citizen 23} [[""A"" [2 2 4 3 4 3 2 3 4 5]]]] [{citizen 15} [[""A"" [3 5 3 2 2 2 4 3 2 4]]]] [{citizen 18} [[""A"" [4 3 4 3 3 2 2 3 3 4]]]] [{citizen 14} [[""A"" [3 3 2 2 4 3 3 3 4 4]]]] [{citizen 20} [[""A"" [3 3 2 2 4 3 3 3 3 4]]]] [{citizen 48} [[""A"" [3 3 2 2 4 3 4 3 4 4]]]] [{citizen 26} [[""A"" [5 4 3 3 3 2 3 3 3 4]]]] [{citizen 34} [[""A"" [2 2 4 3 3 4 2 3 4 4]]]]]"
"30","[85 0 170]","93.21428571428571","13.202571854804605","-0.4552243233654574","""circle""","""""","9.9","{breed citizens}","false","0.5","1","""up""",,"[[""ID"" 30] [""alpha"" 1] [""beta"" 1] [""malleable"" [""A""]] [""prior"" []] [""cont_tokens"" []] [""A"" 4]]","[[0 [0 1 2 3 4 5 6 7 8 9 10 11 12 13 14]] [1 [15 16 17 18 19 20 21 22 23 25 26 28 29]] [2 [30 31 32 33 34 35 36 37 38 39 40 41 42 43 44]] [3 [45 46 47 48 49 50 51 52 53 54 55 56 57 58 59]] [4 [60 61 62 63 64 65 66 67 68 69 70 71 72 73 74]] [5 [75 76 77 78 80 83 84 85 86 87 88 89]] [6 [90 91 92 93 94 95 96 97 98 99 100 101 102 103 104]] [7 [105 106 107 108 109 110 111 112 113 114 115 116 117 118 119]] [8 [120 121 122 123 124 125 126 127 128 129 130 131 132 133 134]] [9 [135 136 137 138 139 140 141 142 143 144 145 146 147 148 149]] [10 [150 151 152 153 154 155 156 157 158 159 160 161 162 163 164]] [11 [165 166 167 168 169 170 171 172 173 174 175 176 177 178 179]] [12 [180 181 182 183 184 185 186 187 188 189 190 191 192 193 194]] [13 [195 196 197 198 199 200 201 202 203 204 205 206 207 208 209]] [14 [210 211 212 213 214 215 216 217 218 219 220 221 222 223 224]] [15 [225 226 227 228 229 230 231 232 233 234 235 236 237 238 239]] [16 [240 241 242 243 244 245 246 247 248 249 250 251 252 253 254]] [17 [255 256 257 258 259 260 261 262 263 264 265 266 267 268 269]] [18 [270 271 272 273 274 275 276 277 278 279 280 281 282 283 284]] [19 [285 286 287 288 289 290 291 292 293 294 295 296 297 298 299]] [20 [300 301 302 303 304 305 306 307 308 309 310 311 312 313 314]] [21 [315 316 317 318 319 320 321 322 323 324 325 326 327 328 329]] [22 [330 331 332 333 334 335 336 337 338 339 340 341 342 343 344]] [23 [345 346 347 348 349 350 351 352 353 354 355 356 357 358 359]] [24 [360 361 362 363 364 365 366 367 368 369 370 371 372 373 374]] [25 [375 376 377 378 379 380 381 382 383 384 385 386 387 388 389]] [26 [390 391 392 393 394 395 396 397 398 399 400 401 402 403 404]] [27 [405 406 407 408 409 410 411 412 413 414 415 416 417 418 419]] [28 [420 421 422 423 424 425 426 427 428 429 430 431 432 433 434]] [29 [435 436 437 438 439 440 441 442 443 444 445 446 447 448 449]] [30 [450 451 452 453 454 455 456 457 458 459 460 461 462 463 464]] [31 [465 466 467 468 469 470 471 472 473 474 475 476 477 478 479]] [32 [480 481 482 483 484 485 486 487 488 489 490 491 492 493 494]] [33 [495 496 497 498 499 500 501 502 503 504 505 506 507 508 509]] [34 [510 511 512 513 514 515 516 517 519 520 521 522 523 524]] [35 [525 526 527 528 529 530 531 532 533 534 535 536 537 538 539]] [36 [540 541 542 543 544 545 546 547 548 549 550 551 552 553 554]] [37 [555 556 557 558 559 560 561 562 563 564 565 566 567 568 569]] [38 [570 571 572 573 574 575 576 577 578 579 580 581 582 583 584]] [39 [585 586 587 588 589 590 591 592 593 594 595 596 597 598 599]] [40 [600 601 602 603 604 605 606 607 608 609 610 611 612 613 614]] [41 [615 616 617 618 619 620 621 622 623 624 625 626 627 628 629]] [42 [630 631 632 633 634 635 636 637 638 639 640 641 642 643 644]] [43 [645 646 647 648 649 650 651 652 653 654 656 657 658 659]] [44 [660 661 662 663 664 665 666 667 668 669 670 671 672 673 674]] [45 [675 676 677 678 679 680 681 682 683 684 685 686 687 688 689]] [46 [690 691 692 693 694 695 696 697 698 699 700 701 702 703 704]] [47 [705 706 707 708 709 710 711 712 713 714 715 716 717 718 719]] [48 [720 721 722 723 724 725 726 727 728 729 730 731 732 733 734]] [49 [735 736 737 738 739 740 741 742 743 744 745 746 747 748 749]] [50 [750 751 752 753 754 755 756 757 758 759 760 761 762 763 764]] [51 [765 766 767 768 769 770 771 772 773 774 775 776 777 778 779]] [52 [780 781 782 783 784 785 786 787 788 789 790 791 792 793 794]] [53 [795 796 797 798 799 800 801 802 803 804 805 806 807 808 809]] [54 [810 811 812 813 814 815 816 817 818 819 820 821 822 823 824]] [55 [825 826 827 828 829 830 831 832 833 834 835 836 837 838 839]] [56 [840 841 842 843 844 845 846 847 848 849 850 851 852 853 854]] [57 [855 856 857 858 859 860 861 862 863 864 865 866 867 868 869]] [58 [870 871 872 873 874 875 876 877 878 879 880 881 882 883 884]] [59 [885 886 887 888 889 890 891 892 893 894 895 896 897 898 899]] [60 [900 901 902 903 904 905 906 907 908 909 910 911 912 913 914]] [61 [915 916 917 918 919 920 921 922 923 924 925 926 927 928 929]] [62 [930 931 932 933 934 935 936 937 938 939 940 941 942 943 944]] [63 [945 946 947 948 949 950 951 952 953 954 955 956 957 958 959]] [64 [960 961 962 963 964 965 966 967 968 969 970 971 972 973 974]] [65 [975 976 977 978 979 980 981 982 983 984 985 986 987 988 989]] [66 [990 991 992 993 994 996 997 998 999 1000 1001 1002 1003 1004]] [67 [1005 1006 1007 1008 1009 1010 1011 1012 1013 1014 1015 1016 1017 1018 1019]] [68 [1020 1022 1023 1024 1025 1026 1027 1028 1029 1030 1031 1032 1034]] [69 [1035 1036 1037 1038 1039 1040 1041 1042 1043 1044 1045 1046 1047 1048 1049]] [70 [1050 1051 1052 1053 1054 1055 1056 1057 1058 1059 1060 1061 1062 1063 1064]] [71 [1065 1066 1067 1068 1069 1070 1071 1072 1073 1074 1075 1076 1077 1078 1079]] [72 [1080 1081 1082 1083 1084 1085 1086 1087 1088 1089 1090 1091 1092 1093 1094]] [73 [1095 1096 1097 1098 1099 1100 1101 1102 1103 1104 1105 1106 1107 1108 1109]] [74 [1110 1111 1112 1113 1114 1115 1116 1117 1118 1119 1120 1121 1122 1123 1124]] [75 [1125 1126 1127 1128 1129 1130 1131 1132 1133 1134 1135 1136 1137 1138 1139]] [76 [1140 1141 1142 1143 1144 1145 1146 1147 1148 1149 1150 1151 1152 1153 1154]] [77 [1155 1156 1157 1159 1161 1162 1163 1164 1165 1166 1167 1168 1169]] [78 [1170 1171 1172 1173 1174 1175 1176 1177 1178 1179 1180 1181 1182 1183 1184]] [79 [1185 1186 1187 1188 1189 1190 1191 1192 1193 1194 1195 1196 1197 1198 1199]] [80 [1200 1201 1202 1203 1204 1205 1206 1207 1208 1209 1210 1211 1212 1213 1214]] [81 [1215 1216 1217 1218 1219 1220 1221 1222 1223 1224 1225 1226 1227 1229]] [82 [1230 1231 1232 1233 1234 1235 1236 1237 1238 1239 1240 1241 1242 1243 1244]] [83 [1245 1246 1247 1248 1249 1250 1251 1252 1253 1254 1255 1256 1257 1258 1259]] [84 [1260 1262 1263 1264 1265 1266 1267 1269 1270 1271 1272 1273 1274]] [85 [1275 1276 1277 1278 1279 1280 1281 1282 1283 1284 1285 1286 1287 1288 1289]] [86 [1290 1291 1292 1293 1294 1295 1296 1297 1299 1300 1301 1302 1303 1304]] [87 [1305 1306 1307 1308 1309 1310 1311 1312 1313 1314 1315 1316 1317 1318 1319]] [88 [1320 1321 1322 1323 1324 1325 1326 1327 1328 1329 1330 1331 1332 1333 1334]] [89 [1335 1336 1337 1338 1339 1340 1341 1342 1343 1344 1345 1346 1347 1348 1349]] [90 [1350 1351 1352 1353 1354 1355 1356 1357 1358 1359 1360 1361 1362 1363 1364]] [91 [1365 1366 1367 1368 1369 1370 1371 1372 1373 1374 1375 1376 1377 1378 1379]] [92 [1380 1381 1382 1383 1384 1385 1386 1387 1388 1389 1390 1391 1392 1393 1394]] [93 [1395 1396 1397 1398 1399 1400 1401 1402 1403 1404 1405 1406 1407 1408 1409]] [94 [1410 1411 1412 1413 1414 1415 1416 1417 1418 1419 1420 1421 1422 1423 1424]] [95 [1425 1426 1427 1428 1429 1430 1431 1432 1433 1434 1435 1436 1437 1438 1439]] [96 [1440 1441 1442 1443 1444 1445 1446 1447 1448 1449 1450 1451 1452 1453 1454]] [97 [1455 1456 1457 1458 1459 1461 1462 1463 1464 1465 1466 1467 1468 1469]] [98 [1470 1471 1472 1473 1474 1475 1476 1477 1478 1479 1480 1481 1482 1483 1484]] [99 [1485 1486 1487 1488 1489 1491 1492 1493 1494 1495 1496 1497 1498 1499]]]","[[0 [1 2 3 4 6 7 8 9 11 12 13 14]] [1 [15 16 17 18 19 20 21 22 23 25 26 28 29]] [2 [30 32 33 34 35 37 38 40 42 43 44]] [3 [45 46 47 48 49 50 51 52 54 55 58 59]] [4 [61 62 63 64 65 66 67 68 69 70 71 72 73 74]] [5 [75 76 77 78 80 83 84 85 86 87 88 89]] [6 [90 91 92 93 94 95 97 98 99 100 102 103 104]] [7 [105 106 107 108 109 110 112 113 114 115 117 118]] [8 [120 121 122 123 124 125 126 127 128 129 130 133]] [9 [135 136 137 138 139 140 141 143 144 145 146 147]] [10 [152 154 155 157 158 159 160 162 163 164]] [11 [165 166 169 170 171 172 173 174 175 176 177 178 179]] [12 [180 181 182 183 184 185 186 187 188 189 190 191 192 193 194]] [13 [195 196 197 198 199 200 201 202 203 204 205 208 209]] [14 [210 215 216 217 219 220 221 222 223 224]] [15 [225 226 227 228 230 231 232 233 237 238 239]] [16 [241 242 243 246 247 248 253 254]] [17 [255 256 257 258 259 260 262 263 264 265 266 267 268]] [18 [272 273 274 275 278 279 281 282 283 284]] [19 [285 286 287 288 291 292 293 294]] [20 [300 302 303 304 305 306 310 311 312 313 314]] [21 [316 317 318 319 320 321 325 326 327 328 329]] [22 [330 331 332 333 334 336 337 338 339 340 341 342 343]] [23 [345 346 347 348 350 351 354 355 356 357 358 359]] [24 [360 361 362 363 364 369 370 371 372 373]] [25 [376 380 381 382 383 384 385 386 387 388 389]] [26 [391 392 393 394 396 397 398 399 400 401 402 404]] [27 [405 406 407 408 409 410 411 412 413 414 415 416 417 418]] [28 [421 422 424 425 426 428 430 431 432 433 434]] [29 [435 436 437 439 440 441 442 443 444 445 446 447 448]] [30 [450 451 452 453 454 455 457 458 459 460 461 462 464]] [31 [465 466 467 468 469 470 471 472 473 475 477 478 479]] [32 [480 482 485 486 488 489 490 491 492 493 494]] [33 [495 497 498 499 500 501 502 503 504 505 506 507 508]] [34 [510 511 512 513 514 515 516 517 520 521 522 524]] [35 [525 526 527 528 529 530 531 532 533 534 535 537 538 539]] [36 [540 542 543 544 545 546 547 548 549 550 551 552 554]] [37 [555 556 557 558 559 560 561 562 563 564 565 566 567 568 569]] [38 [570 571 572 573 574 575 576 577 578 579 581 582 583 584]] [39 [585 586 587 588 589 590 591 592 593 594 595 596 597 598 599]] [40 [600 602 603 604 605 606 608 609 610 613 614]] [41 [615 616 617 618 619 620 622 623 628]] [42 [630 632 633 634 635 636 637 639 641 643 644]] [43 [645 646 647 648 650 651 652 653 654 656 657 658 659]] [44 [660 661 663 664 665 666 667 668 669 670 671 672 674]] [45 [675 676 677 678 679 680 681 682 683 686 687 688 689]] [46 [690 691 692 693 694 695 696 697 698 699 700 701 703]] [47 [705 706 707 708 709 710 712 713 715 716 717 718 719]] [48 [720 722 724 726 728 730 731 732 733 734]] [49 [735 736 737 738 739 740 741 742 743 744 745 746 748]] [50 [750 752 753 754 755 756 757 759 760 761 762 763 764]] [51 [765 768 769 770 771 772 773 774 775 776 777 778 779]] [52 [780 781 782 785 786 787 788 789 790 791 792 793 794]] [53 [795 796 797 798 799 800 801 802 803 804 805 806 807 808 809]] [54 [810 811 812 813 814 815 817 819 821 822 823 824]] [55 [826 827 834 836 837 838 839]] [56 [840 843 844 845 847 848 849 851 852 853 854]] [57 [856 857 858 859 860 861 862 863 864 865 866 867 868 869]] [58 [870 871 872 873 874 876 878 880 881 882 884]] [59 [885 887 888 889 890 891 892 893 894 895 896 897 899]] [60 [901 902 903 904 905 906 908 909 910 911 913]] [61 [916 917 919 920 921 922 924 925 926 928 929]] [62 [931 932 933 934 935 936 937 938 939 940 941 942 944]] [63 [946 947 948 949 950 951 952 954 955 956 957 958 959]] [64 [960 961 963 964 965 967 968 969 971 972]] [65 [977 978 979 980 981 984 985 986 987 988 989]] [66 [990 991 992 993 994 996 997 999 1001 1002 1003]] [67 [1005 1006 1007 1008 1009 1010 1011 1012 1013 1014 1015 1016 1017 1018 1019]] [68 [1020 1022 1023 1024 1025 1026 1027 1028 1029 1030 1031 1032 1034]] [69 [1035 1036 1037 1039 1040 1041 1042 1043 1044 1045 1048 1049]] [70 [1050 1051 1052 1053 1054 1055 1056 1057 1059 1060 1061 1062 1063]] [71 [1065 1066 1067 1068 1069 1070 1071 1072 1073 1074 1075 1077 1078]] [72 [1080 1081 1082 1083 1084 1085 1090 1092 1093 1094]] [73 [1095 1096 1097 1098 1099 1101 1103 1104 1105 1106 1107 1108 1109]] [74 [1110 1113 1114 1115 1116 1118 1120 1121 1122 1123 1124]] [75 [1125 1126 1127 1128 1129 1130 1131 1132 1133 1134 1136 1137 1138 1139]] [76 [1142 1143 1144 1145 1147 1148 1149 1150 1153 1154]] [77 [1156 1157 1159 1161 1162 1163 1164 1165 1166 1167 1168 1169]] [78 [1170 1171 1172 1173 1174 1175 1178 1179 1180 1182 1183 1184]] [79 [1185 1186 1187 1188 1189 1190 1192 1193 1194 1196 1197 1198 1199]] [80 [1201 1202 1204 1205 1206 1207 1208 1209 1211 1212 1214]] [81 [1218 1219 1220 1221 1222 1223 1224 1225 1226 1227 1229]] [82 [1230 1231 1232 1233 1234 1235 1237 1238 1239 1240 1241 1244]] [83 [1246 1247 1249 1250 1251 1252 1253 1254 1255 1256 1257 1258 1259]] [84 [1260 1263 1264 1265 1266 1267 1269 1271 1272 1273 1274]] [85 [1275 1276 1277 1278 1279 1281 1282 1283 1284 1286 1287 1288 1289]] [86 [1290 1291 1292 1293 1295 1296 1297 1302 1303 1304]] [87 [1305 1307 1308 1309 1310 1311 1313 1315 1316 1317 1318 1319]] [88 [1320 1321 1322 1323 1324 1325 1326 1327 1328 1329 1330 1331 1333]] [89 [1335 1337 1338 1339 1340 1341 1342 1343 1344 1345 1346 1347 1348 1349]] [90 [1350 1351 1352 1353 1355 1356 1357 1358 1359 1360 1361 1362 1363]] [91 [1365 1366 1367 1369 1370 1371 1372 1373 1374 1375 1376 1378]] [92 [1380 1381 1382 1383 1385 1388 1389 1390 1391 1392 1393 1394]] [93 [1395 1396 1397 1398 1399 1400 1401 1403 1404 1405 1406 1408 1409]] [94 [1410 1412 1413 1414 1417 1418 1419 1420 1421 1422 1424]] [95 [1425 1426 1428 1429 1430 1431 1432 1433 1435 1436 1437 1438 1439]] [96 [1441 1442 1443 1445 1446 1447 1448 1449 1451 1452 1453 1454]] [97 [1455 1456 1457 1458 1459 1461 1462 1463 1464 1465 1466 1467 1468 1469]] [98 [1470 1471 1472 1474 1476 1477 1478 1479 1480 1482 1483 1484]] [99 [1485 1486 1488 1489 1491 1492 1493 1494 1496 1497 1498 1499]]]",,"[[{citizen 41} [[""A"" [4 2 3 5 4 2 4 4 3 4]]]] [{citizen 42} [[""A"" [4 3 3 2 4 3 3 4 3 5]]]] [{media 50} [[""A"" [4 4 4 4 4 4 4 4 4 4]]]] [{media 51} [[""A"" [3 3 3 3 3 3 3 3 3 3]]]] [{media 52} [[""A"" [4 4 4 4 4 4 4 4 4 4]]]] [{media 53} [[""A"" [3 3 3 3 3 3 3 3 3 3]]]] [{media 54} [[""A"" [4 4 4 4 4 4 4 4 4 4]]]] [{media 56} [[""A"" [3 3 3 3 3 3 3 3 3 3]]]] [{media 57} [[""A"" [3 3 3 3 3 3 3 3 3 3]]]] [{media 58} [[""A"" [4 4 4 4 4 4 4 4 4 4]]]] [{media 59} [[""A"" [2 2 2 2 2 2 2 2 2 2]]]] [{media 61} [[""A"" [3 3 3 3 3 3 3 3 3 3]]]] [{media 62} [[""A"" [2 2 2 2 2 2 2 2 2 2]]]] [{media 63} [[""A"" [4 4 4 4 4 4 4 4 4 4]]]] [{media 64} [[""A"" [2 2 2 2 2 2 2 2 2 2]]]] [{media 60} [[""A"" [5 5 5 5 5 5 5 5 5 5]]]] [{citizen 3} [[""A"" [4 4 2 5 5 2 3 3 4 3]]]] [{citizen 1} [[""A"" [4 5 3 2 3 3 4 4 3 4]]]] [{citizen 0} [[""A"" [2 5 4 3 2 3 3 4 3 5]]]] [{citizen 17} [[""A"" [5 4 3 3 3 3 4 3 5 4]]]] [{citizen 19} [[""A"" [3 3 2 3 4 3 4 3 5 4]]]] [{citizen 24} [[""A"" [4 3 5 4 3 2 3 3 3 5]]]] [{citizen 13} [[""A"" [4 5 4 3 3 2 3 4 2 3]]]] [{media 55} [[""A"" [5 5 5 5 5 5 5 5 5 5]]]] [{citizen 4} [[""A"" [4 4 2 3 5 3 2 3 3 4]]]] [{citizen 9} [[""A"" [3 3 2 4 3 3 4 2 3 4]]]] [{citizen 2} [[""A"" [3 5 3 2 3 4 3 3 5 4]]]] [{citizen 21} [[""A"" [4 2 3 4 5 4 2 3 4 4]]]] [{citizen 7} [[""A"" [4 5 2 3 4 4 3 4 5 4]]]] [{citizen 31} [[""A"" [2 3 5 2 4 3 4 2 3 4]]]] [{citizen 39} [[""A"" [5 4 3 3 2 3 4 4 3 4]]]] [{citizen 5} [[""A"" [5 3 3 2 3 3 3 4 3 4]]]] [{citizen 44} [[""A"" [5 4 3 2 3 4 4 3 5 4]]]] [{citizen 28} [[""A"" [4 3 3 2 2 3 4 4 3 4]]]] [{citizen 37} [[""A"" [5 3 2 2 3 4 4 3 5 4]]]] [{citizen 38} [[""A"" [3 5 4 3 5 2 3 4 2 4]]]] [{citizen 22} [[""A"" [4 5 4 3 2 4 3 4 3 4]]]] [{citizen 49} [[""A"" [3 4 3 3 3 4 3 4 3 5]]]] [{citizen 12} [[""A"" [4 3 5 3 2 3 3 3 4 3]]]] [{citizen 36} [[""A"" [5 3 2 3 3 4 4 3 5 4]]]] [{citizen 10} [[""A"" [5 3 3 2 3 4 3 3 5 4]]]] [{citizen 47} [[""A"" [4 3 3 2 4 3 3 4 3 5]]]] [{citizen 11} [[""A"" [3 5 2 3 3 4 4 3 5 4]]]] [{citizen 40} [[""A"" [3 4 4 5 4 3 3 2 3 4]]]] [{citizen 6} [[""A"" [5 4 2 3 3 4 3 4 3 4]]]] [{citizen 25} [[""A"" [5 4 3 3 2 3 3 4 3 4]]]] [{citizen 43} [[""A"" [3 3 2 3 4 3 4 3 4 4]]]] [{citizen 45} [[""A"" [2 5 4 3 2 3 4 3 4 4]]]] [{citizen 8} [[""A"" [4 3 5 4 3 2 3 4 3 4]]]] [{citizen 33} [[""A"" [5 4 3 2 4 3 3 4 5 4]]]] [{citizen 18} [[""A"" [4 3 5 4 3 3 2 3 3 4]]]] [{citizen 15} [[""A"" [4 2 5 4 3 5 3 2 3 4]]]] [{citizen 46} [[""A"" [5 4 3 3 2 3 4 3 4 4]]]] [{citizen 14} [[""A"" [5 4 3 2 4 3 4 3 4 4]]]] [{citizen 20} [[""A"" [4 3 3 2 4 3 3 4 3 5]]]] [{citizen 29} [[""A"" [4 3 3 2 3 3 4 3 5 4]]]] [{citizen 27} [[""A"" [3 5 4 3 3 2 3 3 3 4]]]] [{citizen 16} [[""A"" [5 4 5 3 4 4 3 4 5 4]]]] [{citizen 32} [[""A"" [5 4 3 5 2 3 4 3 3 4]]]] [{citizen 23} [[""A"" [3 2 2 4 3 3 4 3 5 4]]]] [{citizen 35} [[""A"" [3 5 4 3 2 4 3 4 5 4]]]] [{citizen 48} [[""A"" [4 3 3 2 3 4 4 3 5 4]]]] [{citizen 26} [[""A"" [4 5 4 3 3 2 3 3 4 3]]]] [{citizen 34} [[""A"" [3 3 2 4 3 3 4 3 3 4]]]]]"
"31","[85 0 170]","222.2448979591837","-8.458922040164612","-10.414120139325608","""circle""","""""","9.9","{breed citizens}","false","0.5","1","""up""",,"[[""ID"" 31] [""alpha"" 1] [""beta"" 1] [""malleable"" [""A""]] [""prior"" []] [""cont_tokens"" []] [""A"" 4]]","[[0 [0 1 2 3 4 5 6 7 8 9 10 11 12 13 14]] [1 [15 16 17 18 19 20 21 22 23 25 26 28 29]] [2 [30 31 32 33 34 35 36 37 38 39 40 41 42 43 44]] [3 [45 46 47 48 49 50 51 52 53 54 55 56 57 58 59]] [4 [60 61 62 63 64 65 66 67 68 69 70 71 72 73 74]] [5 [75 76 77 78 80 83 84 85 86 87 88 89]] [6 [90 91 92 93 94 95 96 97 98 99 100 101 102 103 104]] [7 [105 106 107 108 109 110 111 112 113 114 115 116 117 118 119]] [8 [120 121 122 123 124 125 126 127 128 129 130 131 132 133 134]] [9 [135 136 137 138 139 140 141 142 143 144 145 146 147 148 149]] [10 [150 151 152 153 154 155 156 157 158 159 160 161 162 163 164]] [11 [165 166 167 168 169 170 171 172 173 174 175 176 177 178 179]] [12 [180 181 182 183 184 185 186 187 188 189 190 191 192 193 194]] [13 [195 196 197 198 199 200 201 202 203 204 205 206 207 208 209]] [14 [210 211 212 213 214 215 216 217 218 219 220 221 222 223 224]] [15 [225 226 227 228 229 230 231 232 233 234 235 236 237 238 239]] [16 [240 241 242 243 244 245 246 247 248 249 250 251 252 253 254]] [17 [255 256 257 258 259 260 261 262 263 264 265 266 267 268 269]] [18 [270 271 272 273 274 275 276 277 278 279 280 281 282 283 284]] [19 [285 286 287 288 289 290 291 292 293 294 295 296 297 298 299]] [20 [300 301 302 303 304 305 306 307 309 310 311 312 313 314]] [21 [315 316 317 318 319 320 321 322 323 324 325 326 327 328 329]] [22 [330 331 332 333 334 335 336 337 338 339 340 341 342 343 344]] [23 [345 346 347 348 349 350 351 352 353 354 355 356 357 358 359]] [24 [360 361 362 363 364 365 366 367 368 369 370 371 372 373 374]] [25 [375 376 377 378 379 380 381 382 383 384 385 386 387 388 389]] [26 [390 391 392 393 394 395 396 397 398 399 400 401 402 403 404]] [27 [405 406 407 408 409 410 411 412 413 414 415 416 417 418 419]] [28 [420 421 422 423 424 425 426 427 428 429 430 431 432 433 434]] [29 [435 436 437 438 439 440 441 442 443 444 445 446 447 448 449]] [30 [450 451 452 453 454 455 456 457 458 459 460 461 462 463 464]] [31 [465 466 467 468 469 470 471 472 473 474 475 476 477 478 479]] [32 [480 481 482 483 484 485 486 487 488 489 490 491 492 493 494]] [33 [495 496 497 498 499 500 501 502 503 504 505 506 507 508 509]] [34 [510 511 512 513 514 515 516 517 519 520 521 522 523 524]] [35 [525 526 527 528 529 530 531 532 533 534 535 536 537 538 539]] [36 [540 541 542 543 544 545 546 547 548 549 550 551 552 553 554]] [37 [555 556 557 558 559 560 561 562 563 564 565 566 567 568 569]] [38 [570 571 572 573 574 575 576 577 578 579 580 581 582 583 584]] [39 [585 586 587 588 589 590 591 592 593 594 595 596 597 598 599]] [40 [600 601 602 603 604 605 606 607 608 609 610 611 612 613 614]] [41 [615 616 617 618 619 620 621 622 623 624 625 626 627 628 629]] [42 [630 631 632 633 634 635 636 637 638 639 640 641 642 643 644]] [43 [645 646 647 648 649 650 651 652 653 654 656 657 658 659]] [44 [660 661 662 663 664 665 666 667 668 669 670 671 672 673 674]] [45 [675 676 677 678 679 680 681 682 683 684 685 686 687 688 689]] [46 [690 691 692 693 694 695 696 697 698 699 700 701 702 703 704]] [47 [705 706 707 708 709 710 711 712 713 714 715 716 717 718 719]] [48 [720 721 722 723 724 725 726 727 728 729 730 731 732 733 734]] [49 [735 736 737 738 739 740 741 742 743 744 745 746 747 748 749]] [50 [750 751 752 753 754 755 756 757 758 759 760 761 762 763 764]] [51 [765 766 767 768 769 770 771 772 773 774 775 776 777 778 779]] [52 [780 781 782 783 784 785 786 787 788 789 790 791 792 793 794]] [53 [795 796 797 798 799 800 801 802 803 804 805 806 807 808 809]] [54 [810 811 812 813 814 815 816 817 818 819 820 821 822 823 824]] [55 [825 826 827 828 829 830 831 832 833 834 835 836 837 838 839]] [56 [840 841 842 843 844 845 846 847 848 849 850 851 852 853 854]] [57 [855 856 857 858 859 860 861 862 863 864 865 866 867 868 869]] [58 [870 871 872 873 874 875 876 877 878 879 880 881 882 883 884]] [59 [885 886 887 888 889 890 891 892 893 894 895 896 897 898 899]] [60 [900 901 902 903 904 905 906 907 908 909 910 911 912 913 914]] [61 [915 916 917 918 919 920 921 922 923 924 925 926 927 928 929]] [62 [930 931 932 933 934 935 936 937 938 939 940 941 942 943 944]] [63 [945 946 947 948 949 950 951 952 953 954 955 956 957 958 959]] [64 [960 961 962 963 964 965 966 967 968 969 970 971 972 973 974]] [65 [975 976 977 978 979 980 981 982 983 984 985 986 987 988 989]] [66 [990 991 992 993 994 995 996 997 998 999 1000 1001 1002 1003 1004]] [67 [1005 1006 1007 1008 1009 1010 1011 1012 1013 1014 1015 1016 1017 1018 1019]] [68 [1020 1022 1023 1024 1025 1026 1027 1028 1029 1030 1031 1032 1034]] [69 [1035 1036 1037 1038 1039 1040 1041 1042 1043 1044 1045 1046 1047 1048 1049]] [70 [1050 1051 1052 1053 1054 1055 1056 1057 1058 1059 1060 1061 1062 1063 1064]] [71 [1065 1066 1067 1068 1069 1070 1071 1072 1073 1074 1075 1076 1077 1078 1079]] [72 [1080 1081 1082 1083 1084 1085 1086 1087 1088 1089 1090 1091 1092 1093 1094]] [73 [1095 1096 1097 1098 1099 1100 1101 1102 1103 1104 1105 1106 1107 1108 1109]] [74 [1110 1111 1112 1113 1114 1115 1116 1117 1118 1119 1120 1121 1122 1123 1124]] [75 [1125 1126 1127 1128 1129 1130 1131 1132 1133 1134 1135 1136 1137 1138 1139]] [76 [1140 1141 1142 1143 1144 1145 1146 1147 1148 1149 1150 1151 1152 1153 1154]] [77 [1155 1156 1157 1159 1161 1162 1163 1164 1165 1166 1167 1168 1169]] [78 [1170 1171 1172 1173 1174 1175 1176 1177 1178 1179 1180 1181 1182 1183 1184]] [79 [1185 1186 1187 1188 1189 1190 1191 1192 1193 1194 1195 1196 1197 1198 1199]] [80 [1200 1201 1202 1203 1204 1205 1206 1207 1208 1209 1210 1211 1212 1213 1214]] [81 [1215 1216 1217 1218 1219 1220 1221 1222 1223 1224 1225 1226 1227 1229]] [82 [1230 1231 1232 1233 1234 1235 1236 1237 1238 1239 1240 1241 1242 1243 1244]] [83 [1245 1246 1247 1248 1249 1250 1251 1252 1253 1254 1255 1256 1257 1258 1259]] [84 [1260 1262 1263 1264 1265 1266 1267 1269 1270 1271 1272 1273 1274]] [85 [1275 1276 1277 1278 1279 1280 1281 1282 1283 1284 1285 1286 1287 1288 1289]] [86 [1290 1291 1292 1293 1294 1295 1296 1297 1299 1300 1301 1302 1303 1304]] [87 [1305 1306 1307 1308 1309 1310 1311 1312 1313 1314 1315 1316 1317 1318 1319]] [88 [1320 1321 1322 1323 1324 1325 1326 1327 1328 1329 1330 1331 1332 1333 1334]] [89 [1335 1336 1337 1338 1339 1340 1341 1342 1343 1344 1345 1346 1347 1348 1349]] [90 [1350 1351 1352 1353 1354 1355 1356 1357 1358 1359 1360 1361 1362 1363 1364]] [91 [1365 1366 1367 1368 1369 1370 1371 1372 1373 1374 1375 1376 1377 1378 1379]] [92 [1380 1381 1382 1383 1384 1385 1386 1387 1388 1389 1390 1391 1392 1393 1394]] [93 [1395 1396 1397 1398 1399 1400 1401 1402 1403 1404 1405 1406 1407 1408 1409]] [94 [1410 1411 1412 1413 1414 1415 1416 1417 1418 1419 1420 1421 1422 1423 1424]] [95 [1425 1426 1427 1428 1429 1430 1431 1432 1433 1434 1435 1436 1437 1438 1439]] [96 [1440 1441 1442 1443 1444 1445 1446 1447 1448 1449 1450 1451 1452 1453 1454]] [97 [1455 1456 1457 1458 1459 1461 1462 1463 1464 1465 1466 1467 1468 1469]] [98 [1470 1471 1472 1473 1474 1475 1476 1477 1478 1479 1480 1481 1482 1483 1484]] [99 [1485 1486 1487 1488 1489 1491 1492 1493 1494 1495 1496 1497 1498 1499]]]","[[0 [1 2 3 4 5 6 7 8 9 10 11 12 13 14]] [1 [15 16 17 18 19 20 21 22 23 26 28 29]] [2 [31 33 34 35 37 38 40 41 42 43 44]] [3 [45 46 47 48 49 50 51 52 54 56 57 58 59]] [4 [60 61 62 63 64 65 66 67 68 69 70 71 72 73 74]] [5 [75 76 77 78 80 83 84 85 86 87 88 89]] [6 [90 91 92 94 95 98 99 100 101 103 104]] [7 [105 106 107 108 109 110 111 113 114 115 116 117 118]] [8 [120 121 122 123 124 125 126 127 128 131 132 133]] [9 [136 137 139 142 143 144 145 146 147 148 149]] [10 [150 151 152 153 154 156 157 158 159 161 163 164]] [11 [165 166 169 170 171 172 173 174 177 178 179]] [12 [180 181 182 183 184 185 186 187 188 189 190 191 192 193 194]] [13 [195 196 197 198 199 200 202 204 205 208 209]] [14 [210 212 213 214 216 217 218 219 220 221 222 223 224]] [15 [225 226 227 228 229 230 231 232 233 234 236 238 239]] [16 [241 242 243 246 247 248 250 251 252 253 254]] [17 [255 256 257 258 259 260 261 262 263 264 265 266 267 268]] [18 [270 272 273 274 275 276 277 278 279 280 281 282 284]] [19 [285 287 288 290 291 292 293 294 295 296 298 299]] [20 [301 302 303 304 305 306 307 309 310 311 312 313]] [21 [315 316 317 318 319 320 321 324 325 326 327 328 329]] [22 [330 331 332 333 334 336 337 339 340 341 342 343 344]] [23 [345 346 348 350 351 353 354 355 356 357 358 359]] [24 [360 361 362 363 364 365 366 367 368 370 373 374]] [25 [375 377 378 379 380 381 382 383 384 385 386 388 389]] [26 [390 391 392 393 394 396 397 398 399 400 401 402 403 404]] [27 [405 406 407 408 409 410 412 413 414 415 416 417 418]] [28 [421 422 423 425 426 427 429 430 431 432 433 434]] [29 [435 436 437 439 440 441 442 443 444 445 446 447 448]] [30 [450 451 452 453 454 455 456 457 458 459 460 461 462 464]] [31 [465 466 467 468 469 470 471 472 473 475 477]] [32 [481 482 484 485 486 487 488 489 490 491 493 494]] [33 [495 496 498 499 500 501 502 503 504 505 506 507 508]] [34 [510 511 513 514 515 516 517 520 521 522 523]] [35 [525 526 527 528 529 530 531 532 533 534 535 537 538 539]] [36 [541 542 543 544 546 547 548 549 550 551 552 553 554]] [37 [555 556 557 558 560 561 562 563 564 565 566 567 568 569]] [38 [570 571 572 573 574 575 576 578 579 581 582 583 584]] [39 [585 586 587 588 589 590 591 592 593 594 595 598 599]] [40 [600 601 602 603 604 605 607 608 609 610 613 614]] [41 [615 616 617 618 619 620 621 622 623 628 629]] [42 [630 632 633 634 635 637 638 639 640 641 643 644]] [43 [645 646 647 648 649 650 651 652 653 654 656 657 658 659]] [44 [660 661 663 664 666 667 668 669 670 671 672 673 674]] [45 [675 676 677 678 679 680 681 682 684 685 689]] [46 [690 691 692 693 694 695 696 697 700 701 703]] [47 [705 706 707 708 709 710 712 713 714 715 716 717 718 719]] [48 [720 722 724 729 730 731 732 733 734]] [49 [735 736 737 738 739 740 741 742 743 744 745 746 748]] [50 [750 752 753 754 755 756 757 759 760 761 762 763 764]] [51 [765 767 773 774 775 776 777 778 779]] [52 [780 781 782 785 786 787 788 789 790 791 792 793 794]] [53 [795 796 797 798 799 800 801 802 803 804 805 806 807 808 809]] [54 [810 811 812 815 817 818 819 820 821 822 824]] [55 [825 826 827 829 830 831 832 833 834 836 837 838 839]] [56 [841 842 843 844 845 847 848 849 850 851 852 853]] [57 [855 857 858 859 861 862 863 864 865 866 867 868 869]] [58 [870 871 872 873 874 876 877 878 880 881 882 883]] [59 [885 886 887 888 889 890 891 892 893 894 895 896 898]] [60 [900 901 902 903 904 905 906 907 908 909 910 911 913]] [61 [918 919 920 921 922 924 925 926 927]] [62 [930 931 932 933 934 935 936 937 938 939 941 942 944]] [63 [946 948 949 950 951 954 955 956 957 958 959]] [64 [960 962 963 966 967 968 969 971 972]] [65 [976 977 978 979 980 981 984 985 986 987 988]] [66 [990 991 992 993 994 996 997 998 999 1000 1001 1002 1003]] [67 [1005 1006 1007 1008 1009 1010 1011 1013 1014 1015 1016 1018 1019]] [68 [1020 1022 1023 1024 1025 1026 1030 1031 1032 1034]] [69 [1035 1036 1037 1039 1040 1042 1043 1044 1045 1048 1049]] [70 [1050 1051 1052 1053 1054 1055 1056 1057 1058 1064]] [71 [1067 1068 1069 1070 1072 1073 1074 1075 1077 1078 1079]] [72 [1082 1083 1084 1085 1089 1091 1092 1093 1094]] [73 [1095 1096 1097 1098 1100 1101 1103 1104 1105 1106 1107 1108 1109]] [74 [1110 1111 1112 1114 1115 1116 1118 1120 1121 1122 1123 1124]] [75 [1125 1126 1127 1128 1129 1130 1131 1132 1133 1134 1136 1137 1138 1139]] [76 [1144 1145 1146 1147 1148 1149 1150 1152 1153 1154]] [77 [1156 1157 1159 1161 1162 1163 1164 1165 1166 1167 1168 1169]] [78 [1170 1171 1172 1173 1174 1175 1176 1177 1178 1179 1180 1182 1183 1184]] [79 [1185 1186 1187 1188 1189 1190 1192 1193 1194 1198 1199]] [80 [1201 1202 1203 1205 1206 1207 1208 1209 1210 1211 1212 1214]] [81 [1218 1219 1220 1221 1222 1224 1225 1226 1227 1229]] [82 [1230 1231 1232 1233 1234 1235 1237 1238 1239 1242 1243 1244]] [83 [1245 1246 1247 1249 1250 1251 1252 1254 1255 1256 1257 1258 1259]] [84 [1260 1263 1265 1266 1267 1270 1271 1272 1273 1274]] [85 [1275 1276 1277 1278 1279 1280 1281 1282 1283 1284 1286 1287 1289]] [86 [1292 1293 1295 1296 1297 1299 1300 1301]] [87 [1306 1307 1308 1309 1310 1311 1312 1314 1315 1316 1317 1318 1319]] [88 [1320 1321 1323 1324 1326 1327 1328 1329 1330 1331 1332 1333 1334]] [89 [1336 1337 1338 1339 1340 1342 1343 1346 1347 1348 1349]] [90 [1350 1352 1353 1355 1356 1357 1358 1359 1360 1361 1362 1363 1364]] [91 [1365 1366 1367 1368 1369 1370 1371 1372 1373 1374 1375 1376 1377 1378]] [92 [1380 1381 1382 1383 1385 1386 1387 1389 1390 1391 1392 1393 1394]] [93 [1395 1396 1397 1398 1399 1400 1401 1403 1404 1406 1407 1408 1409]] [94 [1410 1412 1413 1414 1417 1418 1419 1420 1421 1422 1424]] [95 [1425 1426 1427 1428 1429 1430 1432 1433 1435 1436 1437 1438 1439]] [96 [1441 1442 1444 1445 1446 1447 1448 1449 1450 1451 1452 1453 1454]] [97 [1455 1457 1458 1459 1462 1463 1464 1465 1466 1467 1468 1469]] [98 [1470 1471 1472 1473 1474 1475 1476 1477 1478 1479 1480 1481 1483 1484]] [99 [1485 1486 1487 1488 1489 1491 1492 1493 1494 1495 1496 1497 1498 1499]]]",,"[[{citizen 39} [[""A"" [3 4 4 3 2 3 4 4 5 4]]]] [{media 50} [[""A"" [4 4 4 4 4 4 4 4 4 4]]]] [{media 51} [[""A"" [3 3 3 3 3 3 3 3 3 3]]]] [{media 52} [[""A"" [4 4 4 4 4 4 4 4 4 4]]]] [{media 53} [[""A"" [3 3 3 3 3 3 3 3 3 3]]]] [{media 54} [[""A"" [4 4 4 4 4 4 4 4 4 4]]]] [{media 55} [[""A"" [5 5 5 5 5 5 5 5 5 5]]]] [{media 56} [[""A"" [3 3 3 3 3 3 3 3 3 3]]]] [{media 57} [[""A"" [3 3 3 3 3 3 3 3 3 3]]]] [{media 58} [[""A"" [4 4 4 4 4 4 4 4 4 4]]]] [{media 59} [[""A"" [2 2 2 2 2 2 2 2 2 2]]]] [{media 60} [[""A"" [5 5 5 5 5 5 5 5 5 5]]]] [{media 61} [[""A"" [3 3 3 3 3 3 3 3 3 3]]]] [{media 62} [[""A"" [2 2 2 2 2 2 2 2 2 2]]]] [{media 63} [[""A"" [4 4 4 4 4 4 4 4 4 4]]]] [{media 64} [[""A"" [2 2 2 2 2 2 2 2 2 2]]]] [{citizen 9} [[""A"" [3 3 2 2 3 3 3 2 4 5]]]] [{citizen 10} [[""A"" [3 4 3 2 2 3 4 3 5 4]]]] [{citizen 11} [[""A"" [4 3 5 2 2 2 3 4 4 5]]]] [{citizen 0} [[""A"" [4 3 3 2 3 3 3 3 4 5]]]] [{citizen 7} [[""A"" [4 5 3 2 2 3 3 4 4 5]]]] [{citizen 8} [[""A"" [4 3 3 3 2 3 3 3 5 4]]]] [{citizen 4} [[""A"" [4 3 3 2 2 3 3 3 4 4]]]] [{citizen 3} [[""A"" [4 3 5 3 2 3 3 3 4 5]]]] [{citizen 2} [[""A"" [3 4 2 2 3 4 3 4 5 4]]]] [{citizen 6} [[""A"" [4 3 2 2 3 3 3 4 3 5]]]] [{citizen 13} [[""A"" [4 4 3 3 2 3 3 3 2 4]]]] [{citizen 21} [[""A"" [4 2 2 3 3 3 3 4 5 4]]]] [{citizen 28} [[""A"" [3 2 2 2 3 3 4 4 5 4]]]] [{citizen 38} [[""A"" [4 3 5 2 3 3 3 2 5 4]]]] [{citizen 1} [[""A"" [2 3 3 3 4 3 3 4 5 4]]]] [{citizen 44} [[""A"" [4 4 4 3 2 3 3 4 5 4]]]] [{citizen 22} [[""A"" [4 4 4 2 2 3 4 3 4 5]]]] [{citizen 49} [[""A"" [3 4 3 2 3 3 4 3 4 5]]]] [{citizen 12} [[""A"" [3 4 3 5 2 3 3 3 4 5]]]] [{citizen 36} [[""A"" [4 2 2 3 3 4 3 4 5 4]]]] [{citizen 37} [[""A"" [4 3 5 3 2 2 4 4 4 5]]]] [{citizen 42} [[""A"" [4 4 3 2 2 3 3 4 4 5]]]] [{citizen 19} [[""A"" [3 2 2 2 3 4 3 4 5 4]]]] [{citizen 47} [[""A"" [4 4 4 3 2 2 3 3 4 5]]]] [{citizen 33} [[""A"" [3 3 2 2 2 3 3 3 4 5]]]] [{citizen 18} [[""A"" [4 3 4 3 3 2 2 2 3 4]]]] [{citizen 5} [[""A"" [4 4 3 3 2 2 3 3 4 5]]]] [{citizen 43} [[""A"" [3 2 3 3 4 3 4 4 5 4]]]] [{citizen 15} [[""A"" [3 5 3 2 2 2 3 3 4 5]]]] [{citizen 30} [[""A"" [3 3 2 2 3 3 4 3 4 5]]]] [{citizen 17} [[""A"" [4 4 3 3 2 3 3 3 5 4]]]] [{citizen 46} [[""A"" [4 4 3 2 2 3 3 4 5 4]]]] [{citizen 45} [[""A"" [4 4 3 2 2 3 3 3 4 4]]]] [{citizen 24} [[""A"" [4 4 5 2 2 3 3 3 4 5]]]] [{citizen 32} [[""A"" [4 3 5 2 3 3 4 3 4 5]]]] [{citizen 14} [[""A"" [4 4 3 2 2 2 3 3 4 5]]]] [{citizen 35} [[""A"" [4 4 3 4 3 2 2 4 5 4]]]] [{citizen 20} [[""A"" [4 3 3 2 2 3 3 3 4 5]]]] [{citizen 23} [[""A"" [4 4 3 5 2 2 3 3 4 5]]]] [{citizen 40} [[""A"" [4 4 4 3 3 3 3 4 5 4]]]] [{citizen 16} [[""A"" [4 3 5 3 3 4 3 4 5 4]]]] [{citizen 41} [[""A"" [4 3 4 2 3 4 3 3 4 4]]]] [{citizen 27} [[""A"" [4 2 3 4 3 3 3 3 4 5]]]] [{citizen 25} [[""A"" [4 4 4 4 3 2 3 3 4 5]]]] [{citizen 26} [[""A"" [4 3 3 3 2 2 3 3 4 5]]]] [{citizen 29} [[""A"" [4 4 4 4 3 2 3 3 3 5]]]] [{citizen 34} [[""A"" [2 3 3 3 4 3 3 4 5 4]]]] [{citizen 48} [[""A"" [3 4 3 2 3 4 3 4 5 4]]]]]"
"32","[85 0 170]","319.59183673469374","-4.9571245545325695","5.48403769368643","""circle""","""""","9.9","{breed citizens}","false","0.5","1","""up""",,"[[""ID"" 32] [""alpha"" 1] [""beta"" 1] [""malleable"" [""A""]] [""prior"" []] [""cont_tokens"" []] [""A"" 4]]","[[0 [0 1 2 3 4 5 6 7 8 9 11 12 13 14]] [1 [15 16 17 18 19 20 21 22 23 25 26 28 29]] [2 [30 31 32 33 34 35 36 37 38 39 40 41 42 43 44]] [3 [45 46 47 48 49 50 51 52 53 54 55 56 57 58 59]] [4 [60 61 62 63 64 65 66 67 68 69 70 71 72 73 74]] [5 [75 76 77 78 80 83 84 85 86 87 88 89]] [6 [90 91 92 93 94 95 96 97 98 99 100 101 102 103 104]] [7 [105 106 107 108 109 110 111 112 113 114 115 116 117 118 119]] [8 [120 121 122 123 124 125 126 127 128 129 130 131 132 133 134]] [9 [135 136 137 138 139 140 141 142 143 144 145 146 147 148 149]] [10 [150 151 152 153 154 155 156 157 158 159 160 161 162 163 164]] [11 [165 166 167 168 169 170 171 172 173 174 175 176 177 178 179]] [12 [180 181 182 183 184 185 186 187 188 189 190 191 192 193 194]] [13 [195 196 197 198 199 200 201 202 203 204 205 206 207 208 209]] [14 [210 211 212 213 214 215 216 217 218 219 220 221 222 223 224]] [15 [225 226 227 228 229 230 231 232 233 234 235 236 237 238 239]] [16 [240 241 242 243 244 245 246 247 248 249 250 251 252 253 254]] [17 [255 256 257 258 259 260 261 262 263 264 265 266 267 268 269]] [18 [270 271 272 273 274 275 276 277 278 279 280 281 282 283 284]] [19 [285 286 287 288 289 290 291 292 293 294 295 296 297 298 299]] [20 [300 301 302 303 304 305 306 307 309 310 311 312 313 314]] [21 [315 316 317 318 319 320 321 322 323 324 325 326 327 328 329]] [22 [330 331 332 333 334 335 336 337 338 339 340 341 342 343 344]] [23 [345 346 347 348 349 350 351 352 353 354 355 356 357 358 359]] [24 [360 361 362 363 364 365 366 367 368 369 370 371 372 373 374]] [25 [375 376 377 378 379 380 381 382 383 384 385 386 387 388 389]] [26 [390 391 392 393 394 395 396 397 398 399 400 401 402 403 404]] [27 [405 406 407 408 409 410 411 412 413 414 415 416 417 418 419]] [28 [420 421 422 423 424 425 426 427 428 429 430 431 432 433 434]] [29 [435 436 437 438 439 440 441 442 443 444 445 446 447 448 449]] [30 [450 451 452 453 454 455 456 457 458 459 460 461 462 463 464]] [31 [465 466 467 468 469 470 471 472 473 474 475 476 477 478 479]] [32 [480 481 482 483 484 485 486 487 488 489 490 491 492 493 494]] [33 [495 496 497 498 499 500 501 502 503 504 505 506 507 508 509]] [34 [510 511 512 513 514 515 516 517 519 520 521 522 523 524]] [35 [525 526 527 528 529 530 531 532 533 534 535 536 537 538 539]] [36 [540 541 542 543 544 545 546 547 548 549 550 551 552 553 554]] [37 [555 556 557 558 559 560 561 562 563 564 565 566 567 568 569]] [38 [570 571 572 573 574 575 576 577 578 579 580 581 582 583 584]] [39 [585 586 587 588 589 590 591 592 593 594 595 596 597 598 599]] [40 [600 601 602 603 604 605 606 607 608 609 610 611 612 613 614]] [41 [615 616 617 618 619 620 621 622 623 624 625 626 627 628 629]] [42 [630 631 632 633 634 635 636 637 638 639 640 641 642 643 644]] [43 [645 646 647 648 649 650 651 652 653 654 656 657 658 659]] [44 [660 661 662 663 664 665 666 667 668 669 670 671 672 673 674]] [45 [675 676 677 678 679 680 681 682 683 684 685 686 687 688 689]] [46 [690 691 692 693 694 695 696 697 698 699 700 701 702 703 704]] [47 [705 706 707 708 709 710 711 712 713 714 715 716 717 718 719]] [48 [720 721 722 723 724 725 726 727 728 729 730 731 732 733 734]] [49 [735 736 737 738 739 740 741 742 743 744 745 746 747 748 749]] [50 [750 751 752 753 754 755 756 757 758 759 760 761 762 763 764]] [51 [765 766 767 768 769 770 771 772 773 774 775 776 777 778 779]] [52 [780 781 782 783 784 785 786 787 788 789 790 791 792 793 794]] [53 [795 796 797 798 799 800 801 802 803 804 805 806 807 808 809]] [54 [810 811 812 813 814 815 816 817 818 819 820 821 822 823 824]] [55 [825 826 827 828 829 830 831 832 833 834 835 836 837 838 839]] [56 [840 841 842 843 844 845 846 847 848 849 850 851 852 853 854]] [57 [855 856 857 858 859 860 861 862 863 864 865 866 867 868 869]] [58 [870 871 872 873 874 875 876 877 878 879 880 881 882 883 884]] [59 [885 886 887 888 889 890 891 892 893 894 895 896 897 898 899]] [60 [900 901 902 903 904 905 906 907 908 909 910 911 912 913 914]] [61 [915 916 917 918 919 920 921 922 923 924 925 926 927 928 929]] [62 [930 931 932 933 934 935 936 937 938 939 940 941 942 943 944]] [63 [945 946 947 948 949 950 951 952 953 954 955 956 957 958 959]] [64 [960 961 962 963 964 965 966 967 968 969 970 971 972 973 974]] [65 [975 976 977 978 979 980 981 984 985 986 987 988 989]] [66 [990 991 992 993 994 996 997 998 999 1000 1001 1002 1003 1004]] [67 [1005 1006 1007 1008 1009 1010 1011 1012 1013 1014 1015 1016 1017 1018 1019]] [68 [1020 1022 1023 1024 1025 1026 1027 1028 1029 1030 1031 1032 1034]] [69 [1035 1036 1037 1038 1039 1040 1041 1042 1043 1044 1045 1046 1047 1048 1049]] [70 [1050 1051 1052 1053 1054 1055 1056 1057 1058 1059 1060 1061 1062 1063 1064]] [71 [1065 1066 1067 1068 1069 1070 1071 1072 1073 1074 1075 1076 1077 1078 1079]] [72 [1080 1081 1082 1083 1084 1085 1086 1087 1088 1089 1090 1091 1092 1093 1094]] [73 [1095 1096 1097 1098 1099 1100 1101 1102 1103 1104 1105 1106 1107 1108 1109]] [74 [1110 1111 1112 1113 1114 1115 1116 1117 1118 1119 1120 1121 1122 1123 1124]] [75 [1125 1126 1127 1128 1129 1130 1131 1132 1133 1134 1135 1136 1137 1138 1139]] [76 [1140 1141 1142 1143 1144 1145 1146 1147 1148 1149 1150 1151 1152 1153 1154]] [77 [1155 1156 1157 1159 1161 1162 1163 1164 1165 1166 1167 1168 1169]] [78 [1170 1171 1172 1173 1174 1175 1176 1177 1178 1179 1180 1181 1182 1183 1184]] [79 [1185 1186 1187 1188 1189 1190 1191 1192 1193 1194 1195 1196 1197 1198 1199]] [80 [1200 1201 1202 1203 1204 1205 1206 1207 1208 1209 1210 1211 1212 1213 1214]] [81 [1215 1216 1217 1218 1219 1220 1221 1222 1223 1224 1225 1226 1227 1229]] [82 [1230 1231 1232 1233 1234 1235 1236 1237 1238 1239 1240 1241 1242 1243 1244]] [83 [1245 1246 1247 1248 1249 1250 1251 1252 1253 1254 1255 1256 1257 1258 1259]] [84 [1260 1262 1263 1264 1265 1266 1267 1269 1270 1271 1272 1273 1274]] [85 [1275 1276 1277 1278 1279 1280 1281 1282 1283 1284 1285 1286 1287 1288 1289]] [86 [1290 1291 1292 1293 1294 1295 1296 1297 1299 1300 1301 1302 1303 1304]] [87 [1305 1306 1307 1308 1309 1310 1311 1312 1313 1314 1315 1316 1317 1318 1319]] [88 [1320 1321 1322 1323 1324 1325 1326 1327 1328 1329 1330 1331 1332 1333 1334]] [89 [1335 1336 1337 1338 1339 1340 1341 1342 1343 1344 1345 1346 1347 1348 1349]] [90 [1350 1351 1352 1353 1354 1355 1356 1357 1358 1359 1360 1361 1362 1363 1364]] [91 [1365 1366 1367 1368 1369 1370 1371 1372 1373 1374 1375 1376 1377 1378 1379]] [92 [1380 1381 1382 1383 1384 1385 1386 1387 1388 1389 1390 1391 1392 1393 1394]] [93 [1395 1396 1397 1398 1399 1400 1401 1402 1403 1404 1405 1406 1407 1408 1409]] [94 [1410 1411 1412 1413 1414 1415 1416 1417 1418 1419 1420 1421 1422 1423 1424]] [95 [1425 1426 1427 1428 1429 1430 1431 1432 1433 1434 1435 1436 1437 1438 1439]] [96 [1440 1441 1442 1443 1444 1445 1446 1447 1448 1449 1450 1451 1452 1453 1454]] [97 [1455 1456 1457 1458 1459 1461 1462 1463 1464 1465 1466 1467 1468 1469]] [98 [1470 1471 1472 1473 1474 1475 1476 1477 1478 1479 1480 1481 1482 1483 1484]] [99 [1485 1486 1487 1488 1489 1491 1492 1493 1494 1495 1496 1497 1498 1499]]]","[[0 [0 1 2 3 4 5 7 8 9 11 12 13 14]] [1 [15 16 17 18 20 21 22 23 25 26 28 29]] [2 [31 33 34 35 37 39 40 41 42 43 44]] [3 [45 46 47 48 49 50 51 52 54 55 56 57 58]] [4 [60 61 62 63 64 65 66 67 68 69 70 71 73 74]] [5 [75 76 77 78 80 83 84 86 87 88 89]] [6 [90 91 92 93 94 95 97 98 99 100 101 103 104]] [7 [105 106 107 108 109 110 112 113 114 115 116 118]] [8 [120 121 122 123 124 125 126 127 128 131 132 133]] [9 [135 136 137 140 141 142 143 144 145 146 147 148 149]] [10 [150 151 153 154 155 157 158 159 160 161 163 164]] [11 [165 166 169 170 171 172 173 174 175 176 179]] [12 [180 181 182 183 184 185 186 187 189 190 191 192 193 194]] [13 [195 198 199 200 202 205 208 209]] [14 [210 211 212 213 214 218 219 220 221 222 223 224]] [15 [225 226 227 228 230 231 232 233 234 236 238 239]] [16 [240 241 242 243 244 245 247 248 249 250 251 252 253 254]] [17 [255 256 257 258 259 260 261 262 263 264 265 266 267 268]] [18 [272 273 274 276 277 278 279 281 282 284]] [19 [285 286 289 290 291 292 293 294 297 298 299]] [20 [300 302 303 304 305 306 310 313 314]] [21 [317 318 319 320 321 325 326 327 328 329]] [22 [330 331 332 333 335 336 337 339 340 341 342 343 344]] [23 [345 346 347 348 349 350 351 355 356 357 358 359]] [24 [360 361 362 363 364 365 366 367 368 370 372 373]] [25 [375 377 378 379 380 381 382 383 384 385 387 388 389]] [26 [391 392 393 394 396 397 398 399 400 401 402 403 404]] [27 [405 406 407 408 409 410 411 412 413 414 415 416 417 418 419]] [28 [420 421 422 424 425 426 427 429 430 431 432 433 434]] [29 [435 436 437 440 441 442 443 444 445 446 447 448 449]] [30 [450 452 453 454 455 457 458 459 461 462 464]] [31 [465 466 467 468 469 470 471 472 473 476 478 479]] [32 [480 481 482 484 485 486 487 488 489 490 492 493 494]] [33 [495 496 498 499 500 501 502 503 504 505 506 507 508]] [34 [510 511 512 513 514 515 516 517 520 521 523]] [35 [525 526 527 528 529 530 531 532 533 534 535 537 538 539]] [36 [540 541 542 543 544 545 546 547 548 549 550 551 552 553 554]] [37 [555 556 557 558 560 561 562 563 564 565 566 567 568 569]] [38 [570 572 573 574 575 576 577 578 579 580 581 582 583 584]] [39 [585 586 587 588 589 590 591 592 593 594 595 596 597 598 599]] [40 [600 601 602 603 604 605 606 608 609 610 613 614]] [41 [615 618 619 620 621 622 623 628 629]] [42 [630 632 633 634 635 637 638 640 642 643 644]] [43 [647 648 650 651 652 653 654 656 657 658 659]] [44 [660 661 662 663 665 668 669 670 671 672 673 674]] [45 [675 676 677 678 679 680 681 682 684 685 686 687 688 689]] [46 [690 691 692 693 694 695 696 697 699 700 701 703 704]] [47 [707 708 711 712 713 715 716 717 718 719]] [48 [720 721 722 724 725 726 728 729 730 731 732 733 734]] [49 [735 736 737 738 739 740 741 742 743 744 745 746 747 749]] [50 [750 751 752 753 754 755 757 759 760 761 762 763 764]] [51 [765 768 769 770 771 772 773 774 775 776 777 778 779]] [52 [780 781 782 785 786 788 789 790 791 792 793 794]] [53 [795 796 797 798 799 800 801 802 803 804 805 806 808]] [54 [810 811 812 813 814 817 820 821 823 824]] [55 [825 826 827 831 832 833 834 836 837 838 839]] [56 [840 841 842 843 844 846 848 849 850 851 852 853]] [57 [855 858 859 860 861 862 863 864 865 866 867 868 869]] [58 [870 871 872 873 874 876 879 880 881 882 883]] [59 [885 886 887 888 889 890 891 892 893 894 895 896 897 899]] [60 [901 902 903 904 905 906 909 910 911 912 914]] [61 [915 916 917 918 919 920 921 922 924 925 926 928 929]] [62 [931 932 933 934 935 936 937 938 939 941 942 944]] [63 [946 947 948 949 950 951 952 953 954 955 956 957 958 959]] [64 [960 961 962 963 964 965 967 968 969 970 973 974]] [65 [975 976 977 978 979 980 981 984 985 986 987 988 989]] [66 [990 991 992 993 994 996 997 998 999 1000 1001 1002 1003]] [67 [1005 1006 1007 1008 1009 1010 1011 1012 1013 1014 1015 1016 1018 1019]] [68 [1020 1022 1023 1024 1025 1026 1028 1029 1031 1032 1034]] [69 [1035 1036 1038 1039 1040 1041 1042 1043 1044 1046 1047]] [70 [1052 1053 1054 1055 1056 1057 1059 1060 1061 1062 1063]] [71 [1065 1066 1067 1068 1069 1070 1071 1072 1073 1074 1075 1076 1079]] [72 [1080 1081 1082 1083 1086 1087 1088 1089 1091 1092 1093 1094]] [73 [1095 1096 1097 1098 1100 1101 1102 1104 1105 1106 1107 1108 1109]] [74 [1110 1111 1112 1115 1116 1117 1119 1122 1123 1124]] [75 [1125 1126 1127 1128 1129 1130 1131 1132 1133 1134 1136 1137 1138 1139]] [76 [1142 1143 1144 1145 1146 1147 1148 1149 1150 1153 1154]] [77 [1156 1157 1159 1161 1162 1163 1164 1165 1166 1167 1168]] [78 [1170 1171 1172 1174 1175 1176 1177 1178 1179 1180 1181 1182 1183 1184]] [79 [1185 1186 1187 1189 1190 1192 1193 1194 1195 1196 1197 1198 1199]] [80 [1200 1201 1202 1203 1204 1205 1206 1207 1208 1209 1210 1211 1212 1214]] [81 [1216 1217 1221 1222 1223 1224 1225 1226 1227 1229]] [82 [1230 1231 1232 1233 1234 1235 1236 1237 1238 1239 1242 1243 1244]] [83 [1245 1246 1247 1248 1250 1251 1252 1254 1255 1256 1257 1258 1259]] [84 [1262 1263 1264 1265 1266 1267 1269 1270 1271 1272 1273 1274]] [85 [1275 1276 1277 1278 1279 1280 1281 1282 1283 1284 1286 1287 1288 1289]] [86 [1292 1294 1295 1296 1297 1302 1303 1304]] [87 [1305 1309 1310 1311 1312 1314 1316 1317 1318 1319]] [88 [1320 1321 1322 1323 1324 1328 1329 1330 1331 1333 1334]] [89 [1336 1337 1338 1339 1340 1341 1342 1344 1345 1346 1347 1348 1349]] [90 [1350 1352 1353 1355 1356 1357 1358 1359 1360 1361 1362 1364]] [91 [1365 1366 1367 1368 1369 1370 1371 1372 1373 1374 1375 1376 1377 1378]] [92 [1381 1382 1383 1385 1386 1387 1389 1390 1391 1392 1393 1394]] [93 [1395 1396 1397 1398 1401 1403 1404 1406 1408 1409]] [94 [1410 1412 1413 1414 1417 1418 1419 1420 1421 1422 1424]] [95 [1425 1426 1428 1429 1430 1431 1432 1433 1435 1436 1437 1438 1439]] [96 [1440 1441 1442 1443 1445 1446 1447 1448 1449 1451 1452 1453 1454]] [97 [1455 1456 1457 1458 1459 1461 1462 1463 1464 1465 1466 1467 1468 1469]] [98 [1470 1471 1472 1473 1474 1475 1476 1477 1478 1479 1480 1481 1483 1484]] [99 [1485 1486 1487 1488 1489 1491 1492 1493 1494 1496 1497 1498 1499]]]",,"[[{citizen 44} [[""A"" [5 3 2 3 3 4 4 3 5 4]]]] [{media 50} [[""A"" [4 4 4 4 4 4 4 4 4 4]]]] [{media 51} [[""A"" [3 3 3 3 3 3 3 3 3 3]]]] [{media 52} [[""A"" [4 4 4 4 4 4 4 4 4 4]]]] [{media 53} [[""A"" [3 3 3 3 3 3 3 3 3 3]]]] [{media 54} [[""A"" [4 4 4 4 4 4 4 4 4 4]]]] [{media 55} [[""A"" [5 5 5 5 5 5 5 5 5 5]]]] [{media 56} [[""A"" [3 3 3 3 3 3 3 3 3 3]]]] [{media 57} [[""A"" [3 3 3 3 3 3 3 3 3 3]]]] [{media 58} [[""A"" [4 4 4 4 4 4 4 4 4 4]]]] [{media 60} [[""A"" [5 5 5 5 5 5 5 5 5 5]]]] [{media 61} [[""A"" [3 3 3 3 3 3 3 3 3 3]]]] [{media 63} [[""A"" [4 4 4 4 4 4 4 4 4 4]]]] [{citizen 10} [[""A"" [3 5 3 3 2 2 3 4 5 4]]]] [{citizen 1} [[""A"" [5 3 2 2 3 4 4 3 4 4]]]] [{citizen 6} [[""A"" [4 4 3 2 2 4 3 4 4 3]]]] [{citizen 0} [[""A"" [5 4 3 3 2 4 3 4 3 5]]]] [{citizen 13} [[""A"" [4 3 3 2 2 3 4 2 3 4]]]] [{citizen 2} [[""A"" [4 4 5 2 2 3 3 4 5 4]]]] [{citizen 4} [[""A"" [2 2 3 2 2 3 4 3 4 4]]]] [{media 59} [[""A"" [2 2 2 2 2 2 2 2 2 2]]]] [{media 62} [[""A"" [2 2 2 2 2 2 2 2 2 2]]]] [{citizen 21} [[""A"" [5 4 2 2 2 4 3 4 4 4]]]] [{citizen 7} [[""A"" [5 4 5 3 2 2 4 4 4 5]]]] [{citizen 31} [[""A"" [2 5 3 2 2 4 3 4 3 4]]]] [{citizen 39} [[""A"" [3 3 2 2 3 3 4 4 3 4]]]] [{citizen 5} [[""A"" [5 3 3 2 2 3 3 4 3 4]]]] [{citizen 28} [[""A"" [2 5 3 2 2 2 3 4 4 4]]]] [{citizen 24} [[""A"" [3 4 5 4 3 2 2 3 3 5]]]] [{citizen 37} [[""A"" [3 5 3 2 2 3 4 4 3 5]]]] [{citizen 17} [[""A"" [4 4 3 3 2 3 4 3 5 4]]]] [{citizen 30} [[""A"" [4 4 3 2 2 3 3 4 4 5]]]] [{citizen 3} [[""A"" [4 2 5 5 3 2 3 3 4 3]]]] [{citizen 27} [[""A"" [4 4 4 2 4 3 2 3 3 4]]]] [{citizen 12} [[""A"" [4 3 5 2 2 3 3 4 3 5]]]] [{citizen 16} [[""A"" [2 5 4 3 4 4 3 4 5 4]]]] [{citizen 49} [[""A"" [4 4 2 4 4 3 2 4 3 5]]]] [{citizen 8} [[""A"" [3 2 5 3 3 2 3 4 3 4]]]] [{citizen 22} [[""A"" [4 3 4 4 3 2 2 3 4 4]]]] [{citizen 33} [[""A"" [4 4 3 2 2 2 4 3 4 5]]]] [{citizen 35} [[""A"" [4 3 2 2 4 4 3 4 5 4]]]] [{citizen 19} [[""A"" [2 2 2 3 4 4 3 4 5 4]]]] [{citizen 25} [[""A"" [4 2 4 3 3 2 3 4 3 4]]]] [{citizen 9} [[""A"" [3 3 2 2 4 3 4 2 3 4]]]] [{citizen 41} [[""A"" [3 2 2 5 4 2 4 4 3 4]]]] [{citizen 46} [[""A"" [4 3 2 2 3 3 4 3 4 4]]]] [{citizen 11} [[""A"" [5 2 2 2 3 3 4 3 5 4]]]] [{citizen 40} [[""A"" [3 4 4 4 4 4 3 2 3 4]]]] [{citizen 38} [[""A"" [2 3 4 5 4 3 5 2 4 4]]]] [{citizen 36} [[""A"" [4 2 2 2 3 4 4 3 5 4]]]] [{citizen 47} [[""A"" [4 4 3 2 2 4 3 4 3 5]]]] [{citizen 43} [[""A"" [3 3 3 2 2 3 4 3 4 4]]]] [{citizen 45} [[""A"" [2 5 4 2 2 3 4 3 4 4]]]] [{citizen 42} [[""A"" [4 3 3 2 2 4 3 4 3 5]]]] [{citizen 15} [[""A"" [4 2 5 3 5 3 2 2 2 4]]]] [{media 64} [[""A"" [2 2 2 2 2 2 2 2 2 2]]]] [{citizen 18} [[""A"" [4 3 3 2 2 2 3 4 3 4]]]] [{citizen 14} [[""A"" [2 2 2 4 3 3 4 3 4 4]]]] [{citizen 20} [[""A"" [4 3 3 2 2 4 3 4 3 5]]]] [{citizen 29} [[""A"" [4 4 3 2 2 3 4 3 5 4]]]] [{citizen 48} [[""A"" [5 4 3 2 4 3 4 3 5 4]]]] [{citizen 26} [[""A"" [4 3 3 3 2 2 3 4 3 4]]]] [{citizen 23} [[""A"" [3 5 2 2 4 3 3 4 3 5]]]] [{citizen 34} [[""A"" [3 3 2 2 4 3 3 4 3 4]]]]]"
"33","[85 0 170]","101.47959183673468","12.934482258192336","-2.444355118852176","""circle""","""""","9.9","{breed citizens}","false","0.5","1","""up""",,"[[""ID"" 33] [""alpha"" 1] [""beta"" 1] [""malleable"" [""A""]] [""prior"" []] [""cont_tokens"" []] [""A"" 4]]","[[0 [0 1 2 3 4 5 6 7 8 9 10 11 12 13 14]] [1 [15 16 17 18 19 20 21 22 23 25 26 28 29]] [2 [30 31 32 33 34 35 36 37 38 39 40 41 42 43 44]] [3 [45 46 47 48 49 50 51 52 53 54 55 56 57 58 59]] [4 [60 61 62 63 64 65 66 67 68 69 70 71 72 73 74]] [5 [75 76 77 78 80 83 84 85 86 87 88 89]] [6 [90 91 92 93 94 95 96 97 98 99 100 101 102 103 104]] [7 [105 106 107 108 109 110 111 112 113 114 115 116 117 118 119]] [8 [120 121 122 123 124 125 126 127 128 129 130 131 132 133 134]] [9 [135 136 137 138 139 140 141 142 143 144 145 146 147 148 149]] [10 [150 151 152 153 154 155 156 157 158 159 160 161 162 163 164]] [11 [165 166 167 168 169 170 171 172 173 174 175 176 177 178 179]] [12 [180 181 182 183 184 185 186 187 188 189 190 191 192 193 194]] [13 [195 196 197 198 199 200 201 202 203 204 205 206 207 208 209]] [14 [210 211 212 213 214 215 216 217 218 219 220 221 222 223 224]] [15 [225 226 227 228 229 230 231 232 233 234 235 236 237 238 239]] [16 [240 241 242 243 244 245 246 247 248 249 250 251 252 253 254]] [17 [255 256 257 258 259 260 261 262 263 264 265 266 267 268 269]] [18 [270 271 272 273 274 275 276 277 278 279 280 281 282 283 284]] [19 [285 286 287 288 289 290 291 292 293 294 295 296 297 298 299]] [20 [300 301 302 303 304 305 306 307 309 310 311 312 313 314]] [21 [315 316 317 318 319 320 321 322 323 324 325 326 327 328 329]] [22 [330 331 332 333 334 335 336 337 338 339 340 341 342 343 344]] [23 [345 346 347 348 349 350 351 352 353 354 355 356 357 358 359]] [24 [360 361 362 363 364 365 366 367 368 369 370 371 372 373 374]] [25 [375 376 377 378 379 380 381 382 383 384 385 386 387 388 389]] [26 [390 391 392 393 394 395 396 397 398 399 400 401 402 403 404]] [27 [405 406 407 408 409 410 411 412 413 414 415 416 417 418 419]] [28 [420 421 422 423 424 425 426 427 428 429 430 431 432 433 434]] [29 [435 436 437 438 439 440 441 442 443 444 445 446 447 448 449]] [30 [450 451 452 453 454 455 456 457 458 459 460 461 462 463 464]] [31 [465 466 467 468 469 470 471 472 473 474 475 476 477 478 479]] [32 [480 481 482 483 484 485 486 487 488 489 490 491 492 493 494]] [33 [495 496 497 498 499 500 501 502 503 504 505 506 507 508 509]] [34 [510 511 512 513 514 515 516 517 519 520 521 522 523 524]] [35 [525 526 527 528 529 530 531 532 533 534 535 536 537 538 539]] [36 [540 541 542 543 544 545 546 547 548 549 550 551 552 553 554]] [37 [555 556 557 558 559 560 561 562 563 564 565 566 567 568 569]] [38 [570 571 572 573 574 575 576 577 578 579 580 581 582 583 584]] [39 [585 586 587 588 589 590 591 592 593 594 595 596 597 598 599]] [40 [600 601 602 603 604 605 606 607 608 609 610 611 612 613 614]] [41 [615 616 617 618 619 620 621 622 623 624 625 626 627 628 629]] [42 [630 631 632 633 634 635 636 637 638 639 640 641 642 643 644]] [43 [645 646 647 648 649 650 651 652 653 654 656 657 658 659]] [44 [660 661 662 663 664 665 666 667 668 669 670 671 672 673 674]] [45 [675 676 677 678 679 680 681 682 683 684 685 686 687 688 689]] [46 [690 691 692 693 694 695 696 697 698 699 700 701 702 703 704]] [47 [705 706 707 708 709 710 711 712 713 714 715 716 717 718 719]] [48 [720 721 722 723 724 725 726 727 728 729 730 731 732 733 734]] [49 [735 736 737 738 739 740 741 742 743 744 745 746 747 748 749]] [50 [750 751 752 753 754 755 756 757 758 759 760 761 762 763 764]] [51 [765 766 767 768 769 770 771 772 773 774 775 776 777 778 779]] [52 [780 781 782 783 784 785 786 787 788 789 790 791 792 793 794]] [53 [795 796 797 798 799 800 801 802 803 804 805 806 807 808 809]] [54 [810 811 812 813 814 815 816 817 818 819 820 821 822 823 824]] [55 [825 826 827 828 829 830 831 832 833 834 835 836 837 838 839]] [56 [840 841 842 843 844 845 846 847 848 849 850 851 852 853 854]] [57 [855 856 857 858 859 860 861 862 863 864 865 866 867 868 869]] [58 [870 871 872 873 874 875 876 877 878 879 880 881 882 883 884]] [59 [885 886 887 888 889 890 891 892 893 894 895 896 897 898 899]] [60 [900 901 902 903 904 905 906 907 908 909 910 911 912 913 914]] [61 [915 916 917 918 919 920 921 922 923 924 925 926 927 928 929]] [62 [930 931 932 933 934 935 936 937 938 939 940 941 942 943 944]] [63 [945 946 947 948 949 950 951 952 953 954 955 956 957 958 959]] [64 [960 961 962 963 964 965 966 967 968 969 970 971 972 973 974]] [65 [975 976 977 978 979 980 981 984 985 986 987 988 989]] [66 [990 991 992 993 994 996 997 998 999 1000 1001 1002 1003 1004]] [67 [1005 1006 1007 1008 1009 1010 1011 1012 1013 1014 1015 1016 1017 1018 1019]] [68 [1020 1022 1023 1024 1025 1026 1027 1028 1029 1030 1031 1032 1034]] [69 [1035 1036 1037 1038 1039 1040 1041 1042 1043 1044 1045 1046 1047 1048 1049]] [70 [1050 1051 1052 1053 1054 1055 1056 1057 1058 1059 1060 1061 1062 1063 1064]] [71 [1065 1066 1067 1068 1069 1070 1071 1072 1073 1074 1075 1076 1077 1078 1079]] [72 [1080 1081 1082 1083 1084 1085 1086 1087 1088 1089 1090 1091 1092 1093 1094]] [73 [1095 1096 1097 1098 1099 1100 1101 1102 1103 1104 1105 1106 1107 1108 1109]] [74 [1110 1111 1112 1113 1114 1115 1116 1117 1118 1119 1120 1121 1122 1123 1124]] [75 [1125 1126 1127 1128 1129 1130 1131 1132 1133 1134 1135 1136 1137 1138 1139]] [76 [1140 1141 1142 1143 1144 1145 1146 1147 1148 1149 1150 1151 1152 1153 1154]] [77 [1155 1156 1157 1159 1161 1162 1163 1164 1165 1166 1167 1168 1169]] [78 [1170 1171 1172 1173 1174 1175 1176 1177 1178 1179 1180 1181 1182 1183 1184]] [79 [1185 1186 1187 1188 1189 1190 1191 1192 1193 1194 1195 1196 1197 1198 1199]] [80 [1200 1201 1202 1203 1204 1205 1206 1207 1208 1209 1210 1211 1212 1213 1214]] [81 [1215 1216 1217 1218 1219 1220 1221 1222 1223 1224 1225 1226 1227 1228 1229]] [82 [1230 1231 1232 1233 1234 1235 1236 1237 1238 1239 1240 1241 1242 1243 1244]] [83 [1245 1246 1247 1248 1249 1250 1251 1252 1253 1254 1255 1256 1257 1258 1259]] [84 [1260 1262 1263 1264 1265 1266 1267 1269 1270 1271 1272 1273 1274]] [85 [1275 1276 1277 1278 1279 1280 1281 1282 1283 1284 1285 1286 1287 1288 1289]] [86 [1290 1291 1292 1293 1294 1295 1296 1297 1298 1299 1300 1301 1302 1303 1304]] [87 [1305 1306 1307 1308 1309 1310 1311 1312 1313 1314 1315 1316 1317 1318 1319]] [88 [1320 1321 1322 1323 1324 1325 1326 1327 1328 1329 1330 1331 1332 1333 1334]] [89 [1335 1336 1337 1338 1339 1340 1341 1342 1343 1344 1345 1346 1347 1348 1349]] [90 [1350 1351 1352 1353 1354 1355 1356 1357 1358 1359 1360 1361 1362 1363 1364]] [91 [1365 1366 1367 1368 1369 1370 1371 1372 1373 1374 1375 1376 1377 1378 1379]] [92 [1380 1381 1382 1383 1384 1385 1386 1387 1388 1389 1390 1391 1392 1393 1394]] [93 [1395 1396 1397 1398 1399 1400 1401 1402 1403 1404 1405 1406 1407 1408 1409]] [94 [1410 1411 1412 1413 1414 1415 1416 1417 1418 1419 1420 1421 1422 1423 1424]] [95 [1425 1426 1427 1428 1429 1430 1431 1432 1433 1434 1435 1436 1437 1438 1439]] [96 [1440 1441 1442 1443 1444 1445 1446 1447 1448 1449 1450 1451 1452 1453 1454]] [97 [1455 1456 1457 1458 1459 1461 1462 1463 1464 1465 1466 1467 1468 1469]] [98 [1470 1471 1472 1473 1474 1475 1476 1477 1478 1479 1480 1481 1482 1483 1484]] [99 [1485 1486 1487 1488 1489 1491 1492 1493 1494 1495 1496 1497 1498 1499]]]","[[0 [3 4 6 7 8 9 11 12 13 14]] [1 [15 16 17 18 21 22 23 25 26 28 29]] [2 [31 32 33 34 35 36 37 38 39 40 41 42 43 44]] [3 [45 46 47 48 49 50 51 52 54 55 56 57 58]] [4 [60 62 63 64 65 66 67 68 69 70 71 73 74]] [5 [75 76 77 78 80 83 84 86 87 88 89]] [6 [90 91 93 96 97 98 99 100 102 103 104]] [7 [105 106 107 108 109 110 111 113 114 115 117 118 119]] [8 [121 122 123 124 125 126 127 128 131 132 133]] [9 [135 136 137 138 139 142 143 144 145 146 147]] [10 [152 153 154 156 157 158 159 160 161]] [11 [165 167 168 169 170 171 172 173 174 175 176 177 178 179]] [12 [180 181 182 183 184 185 187 188 189 192 193 194]] [13 [195 196 197 198 199 200 201 202 203 204 205 207 208 209]] [14 [210 215 216 217 218 219 220 221 222 223 224]] [15 [225 226 227 228 230 231 232 233 234 236 239]] [16 [240 241 242 243 246 247 248 249 250 251 252 253 254]] [17 [255 256 257 258 259 260 262 263 264 265 266 267 268]] [18 [272 273 274 275 277 278 279 280 281 282 284]] [19 [285 287 288 290 291 292 293 294 295 296 297 298 299]] [20 [300 301 302 303 304 305 306 307 309 311 312 313]] [21 [315 316 317 318 319 320 321 325 326 327 328 329]] [22 [330 331 332 333 334 336 337 338 339 340 341 342 343]] [23 [346 347 348 349 350 351 355 356 357 358 359]] [24 [360 361 362 363 364 369 370 373]] [25 [375 377 378 379 381 382 383 384 385 387 388 389]] [26 [390 391 392 393 394 396 397 398 399 400 401 402 403 404]] [27 [405 406 407 408 409 410 411 413 414 415 416 417 418]] [28 [421 422 424 425 426 427 429 430 431 432 433 434]] [29 [435 436 437 440 441 442 443 444 445 446 447 448]] [30 [450 451 452 453 454 455 457 458 459 460 461 462 464]] [31 [465 466 467 468 469 470 471 472 473 476 478 479]] [32 [480 481 482 484 486 488 489 491 494]] [33 [495 497 499 500 501 502 503 504 505 506 507 508]] [34 [510 511 512 513 514 515 516 517 520 521 523]] [35 [525 526 527 528 529 532 534 536 538 539]] [36 [541 542 543 544 546 547 548 549 550 551 552 553 554]] [37 [555 556 557 558 559 562 563 564 565 566 567 568 569]] [38 [570 571 572 573 574 575 577 578 579 581 582 583 584]] [39 [585 586 587 588 589 590 591 592 593 594 596 597 598 599]] [40 [600 601 605 606 609 610 613 614]] [41 [615 616 617 618 619 620 621 622 623 628 629]] [42 [630 632 633 634 635 636 637 638 640 642 643 644]] [43 [647 648 649 650 651 652 653 654 656 657 658 659]] [44 [660 661 662 663 664 666 667 668 669 670 671 672 673 674]] [45 [675 676 677 678 679 680 681 682 683 686 687 688 689]] [46 [690 691 692 693 694 695 696 697 698 699 700 701 702 703]] [47 [705 706 707 708 711 712 713 714 715 716 717 718 719]] [48 [720 721 722 724 725 726 728 730 731 732 733 734]] [49 [735 736 737 738 739 740 741 742 743 744 745 746 748]] [50 [750 751 752 753 754 755 756 757 759 760 763 764]] [51 [765 766 767 773 774 775 776 777 778 779]] [52 [780 781 782 784 785 786 788 789 790 791 792 793 794]] [53 [795 796 797 798 799 800 801 802 803 804 805 806 808 809]] [54 [810 812 813 814 815 816 817 820 821 823 824]] [55 [825 826 827 830 831 832 833 834 835 836 837 838 839]] [56 [840 843 844 845 846 847 848 849 851 852 853 854]] [57 [856 857 858 859 860 861 862 863 864 865 866 867 868 869]] [58 [870 871 872 873 874 876 877 878 880 881 882 883]] [59 [885 886 887 888 889 890 891 892 893 895 896 897 899]] [60 [902 903 904 905 906 908 909 910 911 913 914]] [61 [915 916 917 919 920 921 922 924 925 926 927]] [62 [930 931 932 933 934 935 936 937 938 939 941 942 944]] [63 [946 947 948 949 950 951 952 954 955 956 957 958 959]] [64 [960 962 963 964 965 966 967 968 969 970 971 972 973 974]] [65 [975 976 977 978 979 980 981 984 985 986 987 988 989]] [66 [990 991 992 993 994 996 997 998 999 1001 1002 1003]] [67 [1005 1006 1007 1008 1012 1013 1014 1015 1016 1018 1019]] [68 [1020 1022 1023 1024 1025 1026 1030 1031 1032 1034]] [69 [1035 1036 1037 1038 1040 1042 1043 1044 1045 1048 1049]] [70 [1050 1051 1052 1053 1054 1055 1056 1057 1058 1059 1060 1061 1062 1063 1064]] [71 [1065 1066 1067 1068 1069 1070 1072 1073 1074 1075 1077 1078]] [72 [1080 1081 1082 1083 1086 1087 1088 1089 1090 1091 1092 1093 1094]] [73 [1095 1096 1097 1098 1100 1101 1103 1104 1105 1106 1107 1108 1109]] [74 [1110 1111 1112 1115 1116 1118 1120 1121 1122 1123 1124]] [75 [1126 1127 1128 1129 1130 1131 1132 1133 1134 1135 1136 1137 1138 1139]] [76 [1142 1143 1144 1145 1146 1147 1148 1149 1150 1153 1154]] [77 [1156 1157 1159 1161 1162 1163 1164 1165 1166 1167 1168 1169]] [78 [1170 1171 1172 1173 1174 1175 1176 1177 1178 1179 1180 1182 1183 1184]] [79 [1185 1186 1187 1188 1189 1190 1191 1192 1193 1194 1195 1196 1197 1198 1199]] [80 [1200 1201 1202 1203 1207 1208 1209 1211 1213]] [81 [1215 1216 1217 1221 1222 1224 1225 1226 1227 1229]] [82 [1230 1231 1232 1233 1234 1235 1236 1237 1238 1239 1242 1243]] [83 [1245 1246 1247 1248 1250 1251 1252 1254 1255 1256 1257 1258 1259]] [84 [1262 1263 1264 1265 1266 1267 1270 1271 1272 1273 1274]] [85 [1275 1276 1277 1278 1279 1281 1282 1283 1284 1285 1286 1287]] [86 [1290 1291 1292 1294 1295 1296 1299 1300 1301 1303 1304]] [87 [1305 1308 1309 1310 1311 1312 1314 1315 1316 1317 1318 1319]] [88 [1320 1321 1322 1323 1324 1326 1327 1328 1329 1330 1331 1333 1334]] [89 [1336 1337 1338 1339 1340 1341 1342 1343 1344 1345 1346 1347 1348 1349]] [90 [1350 1352 1353 1354 1359 1360 1361 1364]] [91 [1365 1366 1367 1368 1370 1371 1372 1373 1374 1377 1378]] [92 [1382 1383 1384 1386 1387 1388 1389 1390 1391 1392 1393 1394]] [93 [1395 1396 1397 1398 1402 1404 1406 1408 1409]] [94 [1410 1412 1413 1414 1417 1418 1419 1420 1422 1423 1424]] [95 [1425 1426 1428 1429 1430 1431 1432 1433 1434 1437 1438 1439]] [96 [1441 1442 1444 1445 1446 1447 1448 1449 1451 1452 1453 1454]] [97 [1455 1457 1458 1459 1461 1462 1463 1464 1465 1466 1467 1468 1469]] [98 [1470 1471 1472 1473 1474 1476 1477 1478 1479 1480 1482 1483 1484]] [99 [1485 1486 1487 1488 1489 1491 1492 1493 1495 1496 1497 1498 1499]]]",,"[[{media 51} [[""A"" [3 3 3 3 3 3 3 3 3 3]]]] [{media 53} [[""A"" [3 3 3 3 3 3 3 3 3 3]]]] [{media 56} [[""A"" [3 3 3 3 3 3 3 3 3 3]]]] [{media 57} [[""A"" [3 3 3 3 3 3 3 3 3 3]]]] [{media 59} [[""A"" [2 2 2 2 2 2 2 2 2 2]]]] [{media 61} [[""A"" [3 3 3 3 3 3 3 3 3 3]]]] [{media 62} [[""A"" [2 2 2 2 2 2 2 2 2 2]]]] [{media 64} [[""A"" [2 2 2 2 2 2 2 2 2 2]]]] [{media 60} [[""A"" [5 5 5 5 5 5 5 5 5 5]]]] [{citizen 1} [[""A"" [3 2 3 3 3 4 3 4 3 4]]]] [{media 52} [[""A"" [4 4 4 4 4 4 4 4 4 4]]]] [{citizen 4} [[""A"" [2 3 5 2 3 3 3 4 3 4]]]] [{citizen 16} [[""A"" [5 3 3 4 3 4 3 4 5 4]]]] [{citizen 27} [[""A"" [2 2 3 5 3 3 3 3 3 4]]]] [{media 54} [[""A"" [4 4 4 4 4 4 4 4 4 4]]]] [{citizen 0} [[""A"" [5 3 3 3 3 3 3 4 3 5]]]] [{citizen 7} [[""A"" [4 5 3 2 3 3 4 4 4 5]]]] [{citizen 8} [[""A"" [3 3 5 3 3 3 3 4 3 4]]]] [{citizen 22} [[""A"" [3 5 4 3 2 3 4 3 4 4]]]] [{citizen 13} [[""A"" [4 3 3 3 3 3 3 4 2 3]]]] [{citizen 19} [[""A"" [3 2 2 3 4 3 4 3 5 4]]]] [{media 55} [[""A"" [5 5 5 5 5 5 5 5 5 5]]]] [{citizen 9} [[""A"" [3 2 4 3 3 3 4 2 3 4]]]] [{citizen 24} [[""A"" [3 5 5 3 2 3 3 4 3 5]]]] [{media 63} [[""A"" [4 4 4 4 4 4 4 4 4 4]]]] [{citizen 12} [[""A"" [5 4 3 5 3 3 3 3 4 3]]]] [{media 50} [[""A"" [4 4 4 4 4 4 4 4 4 4]]]] [{citizen 3} [[""A"" [5 3 5 3 2 3 3 3 4 3]]]] [{media 58} [[""A"" [4 4 4 4 4 4 4 4 4 4]]]] [{citizen 2} [[""A"" [3 5 3 2 3 4 3 4 5 4]]]] [{citizen 21} [[""A"" [2 5 4 3 3 3 4 3 4 4]]]] [{citizen 31} [[""A"" [5 5 3 4 3 4 4 2 3 4]]]] [{citizen 39} [[""A"" [2 5 3 3 3 3 4 4 3 4]]]] [{citizen 5} [[""A"" [5 3 3 2 3 3 3 4 3 4]]]] [{citizen 44} [[""A"" [5 3 2 3 3 4 4 3 5 4]]]] [{citizen 28} [[""A"" [3 5 3 3 2 2 3 4 4 4]]]] [{citizen 37} [[""A"" [5 3 5 3 2 2 3 4 4 3]]]] [{citizen 17} [[""A"" [5 3 3 2 3 3 4 3 5 4]]]] [{citizen 30} [[""A"" [3 3 3 2 2 3 3 4 3 4]]]] [{citizen 49} [[""A"" [4 3 2 3 3 4 3 4 3 5]]]] [{citizen 38} [[""A"" [3 5 4 3 5 3 3 4 2 4]]]] [{citizen 36} [[""A"" [3 5 2 3 4 3 4 3 5 4]]]] [{citizen 10} [[""A"" [3 3 2 3 3 4 3 4 5 4]]]] [{citizen 47} [[""A"" [4 3 2 2 4 3 3 4 3 5]]]] [{citizen 11} [[""A"" [5 2 2 3 3 4 4 3 5 4]]]] [{citizen 40} [[""A"" [3 5 3 3 3 3 3 4 3 4]]]] [{citizen 6} [[""A"" [5 5 3 2 3 3 4 3 4 4]]]] [{citizen 25} [[""A"" [4 3 5 3 3 3 3 4 3 4]]]] [{citizen 41} [[""A"" [4 5 3 3 4 3 4 2 3 4]]]] [{citizen 43} [[""A"" [3 5 3 3 4 3 4 3 4 4]]]] [{citizen 42} [[""A"" [5 3 3 2 4 3 3 4 3 5]]]] [{citizen 45} [[""A"" [5 4 3 3 2 3 3 4 3 4]]]] [{citizen 18} [[""A"" [3 4 3 5 3 2 3 4 3 4]]]] [{citizen 15} [[""A"" [3 5 3 2 2 2 3 3 4 4]]]] [{citizen 46} [[""A"" [5 4 3 2 3 3 3 4 3 4]]]] [{citizen 14} [[""A"" [2 2 4 3 3 3 4 3 4 4]]]] [{citizen 20} [[""A"" [4 3 2 4 3 3 3 4 3 5]]]] [{citizen 29} [[""A"" [5 3 3 3 3 3 4 3 5 4]]]] [{citizen 35} [[""A"" [3 4 3 4 3 2 4 3 5 4]]]] [{citizen 32} [[""A"" [3 5 3 3 3 3 4 3 4 4]]]] [{citizen 23} [[""A"" [5 2 4 3 3 4 2 3 5 4]]]] [{citizen 48} [[""A"" [3 3 2 3 4 3 4 3 5 4]]]] [{citizen 26} [[""A"" [3 5 4 3 3 2 3 3 4 3]]]] [{citizen 34} [[""A"" [3 2 4 3 3 4 3 4 3 4]]]]]"
"34","[85 0 170]","109.74489795918366","12.791768416606768","-4.6169497058867055","""circle""","""""","9.9","{breed citizens}","false","0.5","1","""up""",,"[[""ID"" 34] [""alpha"" 1] [""beta"" 1] [""malleable"" [""A""]] [""prior"" []] [""cont_tokens"" []] [""A"" 4]]","[[0 [0 1 2 3 4 5 6 7 8 9 10 11 12 13 14]] [1 [15 16 17 18 19 20 21 22 23 25 26 28 29]] [2 [30 31 32 33 34 35 36 37 38 39 40 41 42 43 44]] [3 [45 46 47 48 49 50 51 52 53 54 55 56 57 58 59]] [4 [60 61 62 63 64 65 66 67 68 69 70 71 72 73 74]] [5 [75 76 77 78 80 83 84 85 86 87 88 89]] [6 [90 91 92 93 94 95 96 97 98 99 100 101 102 103 104]] [7 [105 106 107 108 109 110 111 112 113 114 115 116 117 118 119]] [8 [120 121 122 123 124 125 126 127 128 129 130 131 132 133 134]] [9 [135 136 137 138 139 140 141 142 143 144 145 146 147 148 149]] [10 [150 151 152 153 154 155 156 157 158 159 160 161 162 163 164]] [11 [165 166 167 168 169 170 171 172 173 174 175 176 177 178 179]] [12 [180 181 182 183 184 185 186 187 188 189 190 191 192 193 194]] [13 [195 196 197 198 199 200 201 202 203 204 205 206 207 208 209]] [14 [210 211 212 213 214 215 216 217 218 219 220 221 222 223 224]] [15 [225 226 227 228 229 230 231 232 233 234 235 236 237 238 239]] [16 [240 241 242 243 244 245 246 247 248 249 250 251 252 253 254]] [17 [255 256 257 258 259 260 261 262 263 264 265 266 267 268 269]] [18 [270 271 272 273 274 275 276 277 278 279 280 281 282 283 284]] [19 [285 286 287 288 289 290 291 292 293 294 295 296 297 298 299]] [20 [300 301 302 303 304 305 306 307 309 310 311 312 313 314]] [21 [315 316 317 318 319 320 321 322 323 324 325 326 327 328 329]] [22 [330 331 332 333 334 335 336 337 338 339 340 341 342 343 344]] [23 [345 346 347 348 349 350 351 352 353 354 355 356 357 358 359]] [24 [360 361 362 363 364 365 366 367 368 369 370 371 372 373 374]] [25 [375 376 377 378 379 380 381 382 383 384 385 386 387 388 389]] [26 [390 391 392 393 394 395 396 397 398 399 400 401 402 403 404]] [27 [405 406 407 408 409 410 411 412 413 414 415 416 417 418 419]] [28 [420 421 422 423 424 425 426 427 428 429 430 431 432 433 434]] [29 [435 436 437 438 439 440 441 442 443 444 445 446 447 448 449]] [30 [450 451 452 453 454 455 456 457 458 459 460 461 462 463 464]] [31 [465 466 467 468 469 470 471 472 473 474 475 476 477 478 479]] [32 [480 481 482 483 484 485 486 487 488 489 490 491 492 493 494]] [33 [495 496 497 498 499 500 501 502 503 504 505 506 507 508 509]] [34 [510 511 512 513 514 515 516 517 519 520 521 522 523 524]] [35 [525 526 527 528 529 530 531 532 533 534 535 536 537 538 539]] [36 [540 541 542 543 544 545 546 547 548 549 550 551 552 553 554]] [37 [555 556 557 558 559 560 561 562 563 564 565 566 567 568 569]] [38 [570 571 572 573 574 575 576 577 578 579 580 581 582 583 584]] [39 [585 586 587 588 589 590 591 592 593 594 595 596 597 598 599]] [40 [600 601 602 603 604 605 606 607 608 609 610 611 612 613 614]] [41 [615 616 617 618 619 620 621 622 623 624 625 626 627 628 629]] [42 [630 631 632 633 634 635 636 637 638 639 640 641 642 643 644]] [43 [645 646 647 648 649 650 651 652 653 654 655 656 657 658 659]] [44 [660 661 662 663 664 665 666 667 668 669 670 671 672 673 674]] [45 [675 676 677 678 679 680 681 682 683 684 685 686 687 688 689]] [46 [690 691 692 693 694 695 696 697 698 699 700 701 702 703 704]] [47 [705 706 707 708 709 710 711 712 713 714 715 716 717 718 719]] [48 [720 721 722 723 724 725 726 727 728 729 730 731 732 733 734]] [49 [735 736 737 738 739 740 741 742 743 744 745 746 747 748 749]] [50 [750 751 752 753 754 755 756 757 758 759 760 761 762 763 764]] [51 [765 766 767 768 769 770 771 772 773 774 775 776 777 778 779]] [52 [780 781 782 783 784 785 786 787 788 789 790 791 792 793 794]] [53 [795 796 797 798 799 800 801 802 803 804 805 806 807 808 809]] [54 [810 811 812 813 814 815 816 817 818 819 820 821 822 823 824]] [55 [825 826 827 828 829 830 831 832 833 834 835 836 837 838 839]] [56 [840 841 842 843 844 845 846 847 848 849 850 851 852 853 854]] [57 [855 856 857 858 859 860 861 862 863 864 865 866 867 868 869]] [58 [870 871 872 873 874 875 876 877 878 879 880 881 882 883 884]] [59 [885 886 887 888 889 890 891 892 893 894 895 896 897 898 899]] [60 [900 901 902 903 904 905 906 907 908 909 910 911 912 913 914]] [61 [915 916 917 918 919 920 921 922 923 924 925 926 927 928 929]] [62 [930 931 932 933 934 935 936 937 938 939 940 941 942 943 944]] [63 [945 946 947 948 949 950 951 952 953 954 955 956 957 958 959]] [64 [960 961 962 963 964 965 966 967 968 969 970 971 972 973 974]] [65 [975 976 977 978 979 980 981 982 983 984 985 986 987 988 989]] [66 [990 991 992 993 994 996 997 998 999 1000 1001 1002 1003 1004]] [67 [1005 1006 1007 1008 1009 1010 1011 1012 1013 1014 1015 1016 1017 1018 1019]] [68 [1020 1022 1023 1024 1025 1026 1027 1028 1029 1030 1031 1032 1034]] [69 [1035 1036 1037 1038 1039 1040 1041 1042 1043 1044 1045 1046 1047 1048 1049]] [70 [1050 1051 1052 1053 1054 1055 1056 1057 1058 1059 1060 1061 1062 1063 1064]] [71 [1065 1066 1067 1068 1069 1070 1071 1072 1073 1074 1075 1076 1077 1078 1079]] [72 [1080 1081 1082 1083 1084 1085 1086 1087 1088 1089 1090 1091 1092 1093 1094]] [73 [1095 1096 1097 1098 1099 1100 1101 1102 1103 1104 1105 1106 1107 1108 1109]] [74 [1110 1111 1112 1113 1114 1115 1116 1117 1118 1119 1120 1121 1122 1123 1124]] [75 [1125 1126 1127 1128 1129 1130 1131 1132 1133 1134 1135 1136 1137 1138 1139]] [76 [1140 1141 1142 1143 1144 1145 1146 1147 1148 1149 1150 1151 1152 1153 1154]] [77 [1155 1156 1157 1159 1161 1162 1163 1164 1165 1166 1167 1168 1169]] [78 [1170 1171 1172 1173 1174 1175 1176 1177 1178 1179 1180 1181 1182 1183 1184]] [79 [1185 1186 1187 1188 1189 1190 1191 1192 1193 1194 1195 1196 1197 1198 1199]] [80 [1200 1201 1202 1203 1204 1205 1206 1207 1208 1209 1210 1211 1212 1213 1214]] [81 [1215 1216 1217 1218 1219 1220 1221 1222 1223 1224 1225 1226 1227 1229]] [82 [1230 1231 1232 1233 1234 1235 1236 1237 1238 1239 1240 1241 1242 1243 1244]] [83 [1245 1246 1247 1248 1249 1250 1251 1252 1253 1254 1255 1256 1257 1258 1259]] [84 [1260 1262 1263 1264 1265 1266 1267 1269 1270 1271 1272 1273 1274]] [85 [1275 1276 1277 1278 1279 1280 1281 1282 1283 1284 1285 1286 1287 1288 1289]] [86 [1290 1291 1292 1293 1294 1295 1296 1297 1299 1300 1301 1302 1303 1304]] [87 [1305 1306 1307 1308 1309 1310 1311 1312 1313 1314 1315 1316 1317 1318 1319]] [88 [1320 1321 1322 1323 1324 1325 1326 1327 1328 1329 1330 1331 1332 1333 1334]] [89 [1335 1336 1337 1338 1339 1340 1341 1342 1343 1344 1345 1346 1347 1348 1349]] [90 [1350 1351 1352 1353 1354 1355 1356 1357 1358 1359 1360 1361 1362 1363 1364]] [91 [1365 1366 1367 1368 1369 1370 1371 1372 1373 1374 1375 1376 1377 1378 1379]] [92 [1380 1381 1382 1383 1384 1385 1386 1387 1388 1389 1390 1391 1392 1393 1394]] [93 [1395 1396 1397 1398 1399 1400 1401 1402 1403 1404 1405 1406 1407 1408 1409]] [94 [1410 1411 1412 1413 1414 1415 1416 1417 1418 1419 1420 1421 1422 1423 1424]] [95 [1425 1426 1427 1428 1429 1430 1431 1432 1433 1434 1435 1436 1437 1438 1439]] [96 [1440 1441 1442 1443 1444 1445 1446 1447 1448 1449 1450 1451 1452 1453 1454]] [97 [1455 1456 1457 1458 1459 1461 1462 1463 1464 1465 1466 1467 1468 1469]] [98 [1470 1471 1472 1473 1474 1475 1476 1477 1478 1479 1480 1481 1482 1483 1484]] [99 [1485 1486 1487 1488 1489 1491 1492 1493 1494 1495 1496 1497 1498 1499]]]","[[0 [3 4 5 7 8 9 10 12 13 14]] [1 [15 16 17 18 20 21 22 23 25 26 28 29]] [2 [30 32 33 34 35 37 38 40 42 43 44]] [3 [45 46 47 48 49 50 51 52 53 55 56 57 58]] [4 [60 62 63 64 65 66 67 68 69 70 71 72 73 74]] [5 [75 76 77 78 80 83 84 86 87 88 89]] [6 [90 91 92 93 94 95 98 99 100 101 104]] [7 [105 106 107 108 109 110 111 113 114 116 118]] [8 [120 121 122 123 124 125 126 129 130 131 132 133]] [9 [136 137 140 141 143 144 145 146 147 148 149]] [10 [150 151 152 154 155 156 157 158 159 161 164]] [11 [165 167 168 171 172 173 174 177 178 179]] [12 [180 181 182 183 184 185 186 187 188 189 190 191 193 194]] [13 [195 196 197 198 199 200 201 202 204 205 207 208 209]] [14 [211 212 213 214 218 219 220 221 222 223 224]] [15 [225 226 227 228 230 231 232 233 234 236 239]] [16 [240 241 242 244 245 246 247 248 249 250 251 252 253 254]] [17 [255 256 257 258 259 260 261 262 263 264 265 267 269]] [18 [270 271 272 273 274 275 276 277 278 279 281 282 284]] [19 [285 286 287 288 289 290 291 292 293 294 297 298 299]] [20 [300 301 302 303 304 305 306 307 309 311 312 313 314]] [21 [316 317 318 319 320 321 325 326 327 328 329]] [22 [330 331 332 333 334 336 337 339 340 341 342 343]] [23 [345 346 348 350 351 354 355 356 357 358 359]] [24 [360 361 362 363 364 365 366 367 368 370 373 374]] [25 [375 377 378 379 381 382 383 384 385 387 388 389]] [26 [390 391 392 393 394 396 397 398 399 400 401 402]] [27 [405 406 407 408 409 410 411 412 413 414 415 416 417 418]] [28 [421 422 423 424 425 426 427 429 430 431 432 433 434]] [29 [435 436 437 439 440 441 442 443 444 445 446 447 448 449]] [30 [450 451 452 453 456 457 458 459 461 462]] [31 [465 466 467 468 469 470 471 472 473 474 475 477 478 479]] [32 [480 481 482 484 485 486 487 488 489 490 492 493 494]] [33 [495 497 498 499 501 502 503 504 505 506 507 508]] [34 [510 511 512 513 514 515 516 517 521 523]] [35 [525 526 527 528 529 530 531 532 534 535 536 537 538 539]] [36 [540 542 543 544 546 547 548 549 550 551 552 554]] [37 [555 556 557 558 560 561 563 564 565 566 567 568 569]] [38 [570 572 573 574 575 576 577 578 579 581 582 583 584]] [39 [585 586 587 588 589 590 592 593 594 595 598 599]] [40 [600 601 602 603 604 606 609 611 612 613 614]] [41 [615 616 617 618 619 620 622 623 624 625 626 627 629]] [42 [630 632 634 635 636 637 638 640 641 642]] [43 [645 646 649 650 651 652 653 654 656 657 658 659]] [44 [660 661 662 663 664 665 666 667 668 669 670 671 672 674]] [45 [675 676 677 678 679 680 681 682 684 685]] [46 [690 691 692 693 694 695 696 697 699 700 701 703 704]] [47 [706 707 708 709 710 712 713 714 715 716 717 718 719]] [48 [720 721 722 724 725 726 729 730 731 732 733 734]] [49 [735 736 737 738 739 740 741 742 743 744 745 746 748 749]] [50 [751 752 753 754 755 756 757 761 762 763 764]] [51 [765 768 769 770 771 772 773 774 775 776 777 778 779]] [52 [780 781 782 784 785 786 787 788 789 790 791 792 793 794]] [53 [795 796 797 798 799 800 801 802 803 805 806 807 808 809]] [54 [810 811 812 813 814 815 817 818 819 821 822 823 824]] [55 [825 826 827 828 829 830 831 832 833 835 836 837 838 839]] [56 [840 841 842 843 844 845 847 848 849 851 852 853 854]] [57 [855 856 857 858 859 860 861 862 863 864 865 866 867 868 869]] [58 [870 871 872 873 874 875 877 878 880 881 882 883]] [59 [885 886 887 888 889 890 891 892 893 894 895 896 898]] [60 [900 901 902 903 904 905 906 908 909 911 913]] [61 [916 917 919 920 921 922 924 925 926 927]] [62 [930 931 932 933 934 935 936 937 938 939 940 941 942 944]] [63 [946 947 948 949 950 951 952 955 956 957 958 959]] [64 [960 961 962 963 964 965 966 967 968 969 970 971 972]] [65 [977 978 979 980 981 985 986 987 988 989]] [66 [991 992 993 994 996 997 998 999 1001 1002 1003]] [67 [1005 1006 1007 1008 1009 1010 1011 1013 1014 1015 1016 1018 1019]] [68 [1020 1022 1023 1024 1025 1026 1028 1029 1030 1031 1032 1034]] [69 [1035 1036 1037 1038 1039 1040 1041 1043 1044 1045 1048 1049]] [70 [1050 1051 1052 1053 1054 1055 1056 1057 1058 1061 1062 1063]] [71 [1065 1066 1067 1068 1069 1070 1072 1073 1074 1075 1076 1079]] [72 [1080 1081 1082 1084 1085 1089 1090 1092 1093 1094]] [73 [1095 1096 1097 1098 1100 1101 1102 1105 1106 1107 1108 1109]] [74 [1110 1111 1112 1115 1116 1118 1120 1121 1122 1123 1124]] [75 [1125 1126 1127 1128 1129 1130 1131 1132 1133 1134 1136 1137 1138 1139]] [76 [1140 1141 1142 1143 1144 1145 1146 1147 1148 1149 1150 1153 1154]] [77 [1155 1156 1157 1159 1161 1162 1163 1164 1165 1166 1167 1168]] [78 [1170 1171 1172 1174 1175 1177 1178 1179 1180 1182 1183 1184]] [79 [1185 1186 1187 1189 1190 1192 1193 1194 1195 1196 1197 1198 1199]] [80 [1200 1201 1202 1204 1205 1206 1207 1208 1209 1211 1212 1214]] [81 [1218 1219 1220 1221 1222 1224 1225 1226 1227 1229]] [82 [1230 1231 1232 1233 1234 1235 1237 1238 1239 1242 1243]] [83 [1245 1246 1247 1249 1250 1251 1252 1254 1255 1256 1257 1258 1259]] [84 [1260 1262 1263 1264 1265 1266 1267 1270 1271 1272 1273 1274]] [85 [1275 1276 1277 1278 1279 1282 1284 1285 1286 1287 1288 1289]] [86 [1291 1292 1294 1295 1296 1297 1302 1303 1304]] [87 [1305 1308 1309 1310 1311 1313 1315 1316 1317 1318 1319]] [88 [1320 1321 1325 1326 1327 1328 1329 1330 1331 1332 1333]] [89 [1335 1339 1340 1341 1342 1343 1346 1347 1348 1349]] [90 [1350 1351 1352 1353 1355 1356 1357 1358 1359 1360 1361 1362 1364]] [91 [1365 1366 1367 1368 1369 1370 1371 1372 1373 1374 1375 1376 1378]] [92 [1381 1383 1384 1386 1387 1392 1393 1394]] [93 [1395 1396 1397 1398 1401 1403 1404 1406 1408 1409]] [94 [1410 1412 1413 1415 1416 1417 1418 1419 1420 1421 1422 1423 1424]] [95 [1425 1426 1428 1429 1430 1434 1436 1437 1438 1439]] [96 [1441 1442 1444 1445 1446 1447 1448 1449 1451 1452 1453 1454]] [97 [1455 1456 1457 1458 1459 1462 1463 1464 1465 1466 1467 1468 1469]] [98 [1470 1471 1472 1473 1474 1476 1477 1478 1479 1480 1481 1482 1483 1484]] [99 [1485 1486 1487 1488 1489 1491 1492 1493 1494 1495 1496 1497 1498 1499]]]",,"[[{media 50} [[""A"" [4 4 4 4 4 4 4 4 4 4]]]] [{media 51} [[""A"" [3 3 3 3 3 3 3 3 3 3]]]] [{media 52} [[""A"" [4 4 4 4 4 4 4 4 4 4]]]] [{media 53} [[""A"" [3 3 3 3 3 3 3 3 3 3]]]] [{media 54} [[""A"" [4 4 4 4 4 4 4 4 4 4]]]] [{media 56} [[""A"" [3 3 3 3 3 3 3 3 3 3]]]] [{media 57} [[""A"" [3 3 3 3 3 3 3 3 3 3]]]] [{media 58} [[""A"" [4 4 4 4 4 4 4 4 4 4]]]] [{media 59} [[""A"" [2 2 2 2 2 2 2 2 2 2]]]] [{media 61} [[""A"" [3 3 3 3 3 3 3 3 3 3]]]] [{media 62} [[""A"" [2 2 2 2 2 2 2 2 2 2]]]] [{media 63} [[""A"" [4 4 4 4 4 4 4 4 4 4]]]] [{media 64} [[""A"" [2 2 2 2 2 2 2 2 2 2]]]] [{media 60} [[""A"" [5 5 5 5 5 5 5 5 5 5]]]] [{citizen 9} [[""A"" [3 5 3 2 4 3 3 4 2 4]]]] [{citizen 21} [[""A"" [2 3 4 4 2 2 3 3 4 4]]]] [{citizen 1} [[""A"" [3 2 2 3 3 4 4 3 4 4]]]] [{citizen 0} [[""A"" [3 4 4 3 2 2 3 4 3 5]]]] [{citizen 4} [[""A"" [2 3 4 3 2 2 3 4 4 4]]]] [{media 55} [[""A"" [5 5 5 5 5 5 5 5 5 5]]]] [{citizen 2} [[""A"" [4 4 4 3 2 3 3 4 5 4]]]] [{citizen 13} [[""A"" [4 4 3 3 2 2 3 4 2 4]]]] [{citizen 7} [[""A"" [5 4 5 2 2 2 3 4 4 5]]]] [{citizen 31} [[""A"" [4 2 3 4 5 5 2 4 4 2]]]] [{citizen 39} [[""A"" [4 2 2 3 3 2 2 4 4 4]]]] [{citizen 5} [[""A"" [3 4 5 3 2 2 2 3 3 4]]]] [{citizen 44} [[""A"" [3 4 3 2 2 3 4 4 5 4]]]] [{citizen 28} [[""A"" [4 3 3 2 2 3 3 4 4 4]]]] [{citizen 24} [[""A"" [4 4 5 3 2 2 3 3 4 5]]]] [{citizen 37} [[""A"" [3 4 3 5 3 2 2 4 4 5]]]] [{citizen 17} [[""A"" [4 3 3 2 3 3 3 4 5 4]]]] [{citizen 30} [[""A"" [4 3 4 3 2 2 3 4 4 5]]]] [{citizen 3} [[""A"" [4 2 3 5 5 3 2 3 4 4]]]] [{citizen 27} [[""A"" [4 2 2 3 4 4 3 3 3 4]]]] [{citizen 12} [[""A"" [4 5 4 3 5 2 3 3 4 5]]]] [{citizen 16} [[""A"" [3 4 4 5 3 4 4 4 5 4]]]] [{citizen 49} [[""A"" [4 2 4 3 4 3 2 3 4 5]]]] [{citizen 8} [[""A"" [4 4 4 3 2 3 4 3 2 4]]]] [{citizen 22} [[""A"" [4 3 4 3 4 2 2 2 4 4]]]] [{citizen 33} [[""A"" [3 4 4 3 2 2 3 2 4 5]]]] [{citizen 35} [[""A"" [3 4 4 3 2 2 4 4 5 4]]]] [{citizen 19} [[""A"" [2 2 2 3 4 3 4 4 5 4]]]] [{citizen 25} [[""A"" [4 4 4 2 3 4 4 3 3 4]]]] [{citizen 38} [[""A"" [4 4 3 5 2 3 3 4 2 4]]]] [{citizen 36} [[""A"" [3 2 2 3 3 4 4 4 5 4]]]] [{citizen 10} [[""A"" [4 4 2 2 3 2 2 3 4 5]]]] [{citizen 47} [[""A"" [3 4 4 3 2 2 3 4 4 5]]]] [{citizen 11} [[""A"" [4 3 5 2 2 2 3 4 4 5]]]] [{citizen 40} [[""A"" [2 3 4 4 3 3 2 3 4 4]]]] [{citizen 6} [[""A"" [4 2 3 4 4 5 3 4 3 4]]]] [{citizen 41} [[""A"" [4 5 4 5 2 4 4 2 3 4]]]] [{citizen 43} [[""A"" [2 3 5 3 2 2 3 3 4 4]]]] [{citizen 45} [[""A"" [2 2 3 4 2 2 4 3 4 4]]]] [{citizen 42} [[""A"" [3 5 2 2 4 3 3 4 4 5]]]] [{citizen 32} [[""A"" [3 4 4 5 2 3 3 4 4 5]]]] [{citizen 23} [[""A"" [5 2 2 2 4 3 3 4 2 5]]]] [{citizen 15} [[""A"" [4 2 3 4 5 2 2 3 4 4]]]] [{citizen 18} [[""A"" [4 4 3 4 3 4 5 3 2 4]]]] [{citizen 46} [[""A"" [4 4 3 4 3 2 2 4 4 4]]]] [{citizen 14} [[""A"" [4 4 3 2 2 2 4 3 4 4]]]] [{citizen 20} [[""A"" [4 4 3 3 2 3 3 4 4 5]]]] [{citizen 29} [[""A"" [4 4 4 4 4 2 3 3 4 5]]]] [{citizen 48} [[""A"" [4 4 3 4 3 2 4 4 5 4]]]] [{citizen 26} [[""A"" [4 4 3 3 2 2 3 3 4 4]]]]]"
"35","[85 0 170]","326.938775510204","-3.963290176078643","5.639809699447568","""circle""","""""","9.9","{breed citizens}","false","0.5","1","""up""",,"[[""ID"" 35] [""alpha"" 1] [""beta"" 1] [""malleable"" [""A""]] [""prior"" []] [""cont_tokens"" []] [""A"" 4]]","[[0 [0 1 2 3 4 5 6 7 8 9 10 11 12 13 14]] [1 [15 16 17 18 19 20 21 22 23 25 26 28 29]] [2 [30 31 32 33 34 35 36 37 38 39 40 41 42 43 44]] [3 [45 46 47 48 49 50 51 52 53 54 55 56 57 58 59]] [4 [60 61 62 63 64 65 66 67 68 69 70 71 72 73 74]] [5 [75 76 77 78 80 83 84 85 86 87 88 89]] [6 [90 91 92 93 94 95 96 97 98 99 100 101 102 103 104]] [7 [105 106 107 108 109 110 111 112 113 114 115 116 117 118 119]] [8 [120 121 122 123 124 125 126 127 128 129 130 131 132 133 134]] [9 [135 136 137 138 139 140 141 142 143 144 145 146 147 148 149]] [10 [150 151 152 153 154 155 156 157 158 159 160 161 162 163 164]] [11 [165 166 167 168 169 170 171 172 173 174 175 176 177 178 179]] [12 [180 181 182 183 184 185 186 187 188 189 190 191 192 193 194]] [13 [195 196 197 198 199 200 201 202 203 204 205 206 207 208 209]] [14 [210 211 212 213 214 215 216 217 218 219 220 221 222 223 224]] [15 [225 226 227 228 229 230 231 232 233 234 235 236 237 238 239]] [16 [240 241 242 243 244 245 246 247 248 249 250 251 252 253 254]] [17 [255 256 257 258 259 260 261 262 263 264 265 266 267 268 269]] [18 [270 271 272 273 274 275 276 277 278 279 280 281 282 283 284]] [19 [285 286 287 288 289 290 291 292 293 294 295 296 297 298 299]] [20 [300 301 302 303 304 305 306 307 309 310 311 312 313 314]] [21 [315 316 317 318 319 320 321 322 323 324 325 326 327 328 329]] [22 [330 331 332 333 334 335 336 337 338 339 340 341 342 343 344]] [23 [345 346 347 348 349 350 351 352 353 354 355 356 357 358 359]] [24 [360 361 362 363 364 365 366 367 368 369 370 371 372 373 374]] [25 [375 376 377 378 379 380 381 382 383 384 385 386 387 388 389]] [26 [390 391 392 393 394 395 396 397 398 399 400 401 402 403 404]] [27 [405 406 407 408 409 410 411 412 413 414 415 416 417 418 419]] [28 [420 421 422 423 424 425 426 427 428 429 430 431 432 433 434]] [29 [435 436 437 438 439 440 441 442 443 444 445 446 447 448 449]] [30 [450 451 452 453 454 455 456 457 458 459 460 461 462 463 464]] [31 [465 466 467 468 469 470 471 472 473 474 475 476 477 478 479]] [32 [480 481 482 483 484 485 486 487 488 489 490 491 492 493 494]] [33 [495 496 497 498 499 500 501 502 503 504 505 506 507 508 509]] [34 [510 511 512 513 514 515 516 517 519 520 521 522 523 524]] [35 [525 526 527 528 529 530 531 532 533 534 535 536 537 538 539]] [36 [540 541 542 543 544 545 546 547 548 549 550 551 552 553 554]] [37 [555 556 557 558 559 560 561 562 563 564 565 566 567 568 569]] [38 [570 571 572 573 574 575 576 577 578 579 580 581 582 583 584]] [39 [585 586 587 588 589 590 591 592 593 594 595 596 597 598 599]] [40 [600 601 602 603 604 605 606 607 608 609 610 611 612 613 614]] [41 [615 616 617 618 619 620 621 622 623 624 625 626 627 628 629]] [42 [630 631 632 633 634 635 636 637 638 639 640 641 642 643 644]] [43 [645 646 647 648 649 650 651 652 653 654 656 657 658 659]] [44 [660 661 662 663 664 665 666 667 668 669 670 671 672 673 674]] [45 [675 676 677 678 679 680 681 682 683 684 685 686 687 688 689]] [46 [690 691 692 693 694 695 696 697 698 699 700 701 702 703 704]] [47 [705 706 707 708 709 710 711 712 713 714 715 716 717 718 719]] [48 [720 721 722 723 724 725 726 727 728 729 730 731 732 733 734]] [49 [735 736 737 738 739 740 741 742 743 744 745 746 747 748 749]] [50 [750 751 752 753 754 755 756 757 758 759 760 761 762 763 764]] [51 [765 766 767 768 769 770 771 772 773 774 775 776 777 778 779]] [52 [780 781 782 783 784 785 786 787 788 789 790 791 792 793 794]] [53 [795 796 797 798 799 800 801 802 803 804 805 806 807 808 809]] [54 [810 811 812 813 814 815 816 817 818 819 820 821 822 823 824]] [55 [825 826 827 828 829 830 831 832 833 834 835 836 837 838 839]] [56 [840 841 842 843 844 845 846 847 848 849 850 851 852 853 854]] [57 [855 856 857 858 859 860 861 862 863 864 865 866 867 868 869]] [58 [870 871 872 873 874 875 876 877 878 879 880 881 882 883 884]] [59 [885 886 887 888 889 890 891 892 893 894 895 896 897 898 899]] [60 [900 901 902 903 904 905 906 907 908 909 910 911 912 913 914]] [61 [915 916 917 918 919 920 921 922 923 924 925 926 927 928 929]] [62 [930 931 932 933 934 935 936 937 938 939 940 941 942 943 944]] [63 [945 946 947 948 949 950 951 952 953 954 955 956 957 958 959]] [64 [960 961 962 963 964 965 966 967 968 969 970 971 972 973 974]] [65 [975 976 977 978 979 980 981 984 985 986 987 988 989]] [66 [990 991 992 993 994 996 997 998 999 1000 1001 1002 1003 1004]] [67 [1005 1006 1007 1008 1009 1010 1011 1012 1013 1014 1015 1016 1017 1018 1019]] [68 [1020 1022 1023 1024 1025 1026 1027 1028 1029 1030 1031 1032 1034]] [69 [1035 1036 1037 1038 1039 1040 1041 1042 1043 1044 1045 1046 1047 1048 1049]] [70 [1050 1051 1052 1053 1054 1055 1056 1057 1058 1059 1060 1061 1062 1063 1064]] [71 [1065 1066 1067 1068 1069 1070 1071 1072 1073 1074 1075 1076 1077 1078 1079]] [72 [1080 1081 1082 1083 1084 1085 1086 1087 1088 1089 1090 1091 1092 1093 1094]] [73 [1095 1096 1097 1098 1099 1100 1101 1102 1103 1104 1105 1106 1107 1108 1109]] [74 [1110 1111 1112 1113 1114 1115 1116 1117 1118 1119 1120 1121 1122 1123 1124]] [75 [1125 1126 1127 1128 1129 1130 1131 1132 1133 1134 1135 1136 1137 1138 1139]] [76 [1140 1141 1142 1143 1144 1145 1146 1147 1148 1149 1150 1151 1152 1153 1154]] [77 [1155 1156 1157 1159 1161 1162 1163 1164 1165 1166 1167 1168 1169]] [78 [1170 1171 1172 1173 1174 1175 1176 1177 1178 1179 1180 1181 1182 1183 1184]] [79 [1185 1186 1187 1188 1189 1190 1191 1192 1193 1194 1195 1196 1197 1198 1199]] [80 [1200 1201 1202 1203 1204 1205 1206 1207 1208 1209 1210 1211 1212 1213 1214]] [81 [1215 1216 1217 1218 1219 1220 1221 1222 1223 1224 1225 1226 1227 1228 1229]] [82 [1230 1231 1232 1233 1234 1235 1236 1237 1238 1239 1240 1241 1242 1243 1244]] [83 [1245 1246 1247 1248 1249 1250 1251 1252 1253 1254 1255 1256 1257 1258 1259]] [84 [1260 1262 1263 1264 1265 1266 1267 1269 1270 1271 1272 1273 1274]] [85 [1275 1276 1277 1278 1279 1280 1281 1282 1283 1284 1285 1286 1287 1288 1289]] [86 [1290 1291 1292 1293 1294 1295 1296 1297 1299 1300 1301 1302 1303 1304]] [87 [1305 1306 1307 1308 1309 1310 1311 1312 1313 1314 1315 1316 1317 1318 1319]] [88 [1320 1321 1322 1323 1324 1325 1326 1327 1328 1329 1330 1331 1332 1333 1334]] [89 [1335 1336 1337 1338 1339 1340 1341 1342 1343 1344 1345 1346 1347 1348 1349]] [90 [1350 1351 1352 1353 1354 1355 1356 1357 1358 1359 1360 1361 1362 1363 1364]] [91 [1365 1366 1367 1368 1369 1370 1371 1372 1373 1374 1375 1376 1377 1378 1379]] [92 [1380 1381 1382 1383 1384 1385 1386 1387 1388 1389 1390 1391 1392 1393 1394]] [93 [1395 1396 1397 1398 1399 1400 1401 1402 1403 1404 1405 1406 1407 1408 1409]] [94 [1410 1411 1412 1413 1414 1415 1416 1417 1418 1419 1420 1421 1422 1423 1424]] [95 [1425 1426 1427 1428 1429 1430 1431 1432 1433 1434 1435 1436 1437 1438 1439]] [96 [1440 1441 1442 1443 1444 1445 1446 1447 1448 1449 1450 1451 1452 1453 1454]] [97 [1455 1456 1457 1458 1459 1461 1462 1463 1464 1465 1466 1467 1468 1469]] [98 [1470 1471 1472 1473 1474 1475 1476 1477 1478 1479 1480 1481 1482 1483 1484]] [99 [1485 1486 1487 1488 1489 1491 1492 1493 1494 1495 1496 1497 1498 1499]]]","[[0 [0 1 2 3 4 6 7 8 9 10 12 13 14]] [1 [15 16 17 18 20 21 22 23 25 26 28 29]] [2 [30 32 33 34 35 36 37 38 40 41 42 43 44]] [3 [45 46 47 48 49 50 51 52 54 56 57 58]] [4 [60 62 63 64 65 66 67 68 69 70 71 73 74]] [5 [75 76 77 78 80 83 84 86 87 88 89]] [6 [91 93 94 95 97 98 99 100 101 104]] [7 [105 106 107 108 109 110 112 113 114 115 116 117 118]] [8 [120 121 122 123 124 125 126 127 128 131 132 133]] [9 [136 137 138 139 142 143 144 145 146 147]] [10 [150 151 152 154 155 157 158 159 160 161]] [11 [165 166 168 170 171 172 173 174 175 176 177 178 179]] [12 [180 181 182 183 184 185 186 187 188 189 192 193 194]] [13 [195 196 197 198 199 200 201 202 203 204 205 208 209]] [14 [211 212 213 214 215 216 217 218 219 220 221 222 223 224]] [15 [225 226 227 228 229 230 231 232 233 235 237 238 239]] [16 [241 242 243 244 245 247 248 252 253 254]] [17 [255 256 257 258 259 260 262 263 264 265 266 267 268 269]] [18 [270 271 272 273 275 277 278 279 281 282 283 284]] [19 [285 287 288 289 290 291 292 293 294 295 296 297 298 299]] [20 [301 302 303 304 305 306 307 309 310 313]] [21 [315 316 317 318 319 320 321 325 326 327 328 329]] [22 [330 331 332 333 335 338 339 340 341 342 344]] [23 [345 346 348 349 350 351 355 356 357 358 359]] [24 [360 361 362 363 364 369 370 372 373]] [25 [375 377 378 379 381 382 383 384 385 387 388 389]] [26 [391 392 393 394 396 397 398 399 400 401 402]] [27 [405 406 407 408 409 410 411 412 413 414 415 416 417 418 419]] [28 [420 421 422 423 424 425 426 427 429 430 431 432 433 434]] [29 [435 436 437 439 440 441 442 443 444 445 446 447 448]] [30 [450 451 452 453 456 457 458 459 461 462 464]] [31 [465 466 467 468 469 470 471 472 473 474 475 477 478 479]] [32 [480 481 482 484 485 486 487 488 489 490 491 492 493 494]] [33 [495 496 498 500 501 502 503 504 505 506 507 508]] [34 [510 511 512 513 514 515 516 517 520 521 522 523]] [35 [525 526 527 528 529 530 531 532 533 534 536 538 539]] [36 [541 542 543 544 546 547 548 549 550 551 552 554]] [37 [555 556 557 558 560 561 563 564 566 567 568 569]] [38 [570 572 573 574 575 577 578 579 581 582 583 584]] [39 [585 586 587 588 589 590 591 592 593 594 596 597 598 599]] [40 [600 601 605 606 610 613 614]] [41 [615 616 617 618 619 620 621 622 623 625 626 627 628 629]] [42 [630 632 633 634 635 636 637 639 640 641 642 643 644]] [43 [645 646 647 648 650 651 652 653 654 656 657 658 659]] [44 [660 661 663 664 665 666 667 669 670 671 672 674]] [45 [675 676 677 678 679 680 681 682 683 686 687 688 689]] [46 [690 691 692 693 694 695 696 697 700 701 702 703 704]] [47 [707 708 711 713 714 715 717 718 719]] [48 [720 721 722 723 725 726 727 728 730 731 732 733 734]] [49 [735 736 737 738 739 740 741 742 743 744 745 746 748 749]] [50 [750 751 752 753 754 755 756 757 762 763 764]] [51 [765 768 769 770 771 772 773 774 775 776 777 778 779]] [52 [780 781 782 785 786 787 788 789 790 791 792 793 794]] [53 [795 796 797 798 799 800 801 802 803 804 805 806 808 809]] [54 [810 811 812 813 814 815 816 817 820 821 823 824]] [55 [825 826 828 829 830 831 832 833 835 837 838 839]] [56 [840 844 845 847 848 849 851 852 853]] [57 [855 857 858 859 860 861 862 863 864 865 866 867 868 869]] [58 [870 871 872 873 874 876 879 880 881 882 883]] [59 [885 886 887 888 889 890 891 892 893 894 895 896 898]] [60 [900 901 902 903 904 905 906 907 908 909 910 911 912 914]] [61 [915 916 917 918 919 920 921 922 924 925 926 928 929]] [62 [930 931 932 933 934 935 936 937 938 939 940 941 942 944]] [63 [946 948 949 950 951 952 953 954 955 956 957 958 959]] [64 [960 961 962 963 964 965 966 967 968 969 970 973 974]] [65 [975 976 977 978 979 980 981 984 985 986 987 988 989]] [66 [991 992 993 994 996 997 998 999 1000 1001 1002 1003 1004]] [67 [1005 1006 1007 1008 1009 1010 1011 1012 1013 1014 1015 1016 1018 1019]] [68 [1020 1022 1023 1024 1025 1026 1027 1028 1029 1030 1031 1032 1034]] [69 [1035 1036 1037 1038 1040 1041 1042 1043 1044 1046 1047 1048 1049]] [70 [1050 1051 1052 1053 1054 1055 1056 1057 1058 1064]] [71 [1065 1066 1067 1068 1069 1070 1071 1072 1073 1074 1075 1076 1079]] [72 [1082 1084 1085 1089 1090 1092 1093 1094]] [73 [1095 1096 1097 1099 1101 1102 1104 1105 1106 1107 1108 1109]] [74 [1110 1111 1112 1114 1115 1116 1118 1119 1121 1122 1123 1124]] [75 [1125 1126 1127 1128 1129 1130 1131 1132 1133 1134 1135 1136 1137 1138 1139]] [76 [1141 1142 1143 1144 1145 1146 1147 1148 1149 1150 1154]] [77 [1156 1157 1159 1161 1162 1163 1164 1165 1166 1167 1168 1169]] [78 [1170 1171 1172 1175 1178 1179 1180 1181 1182 1183 1184]] [79 [1185 1186 1187 1188 1189 1190 1192 1193 1194 1197 1198 1199]] [80 [1200 1201 1202 1203 1207 1208 1209 1211 1213]] [81 [1215 1216 1217 1221 1222 1224 1225 1226 1227 1229]] [82 [1230 1231 1232 1233 1234 1235 1237 1238 1239 1242 1243]] [83 [1245 1246 1247 1249 1250 1251 1252 1254 1255 1256 1257 1258 1259]] [84 [1262 1263 1265 1266 1267 1270 1271 1272 1273 1274]] [85 [1275 1276 1277 1278 1279 1282 1283 1284 1286 1287 1288 1289]] [86 [1290 1291 1292 1293 1295 1296 1297 1302 1303 1304]] [87 [1305 1307 1308 1309 1310 1311 1313 1315 1316 1317 1318 1319]] [88 [1320 1321 1325 1326 1327 1328 1329 1330 1331 1332 1333]] [89 [1335 1337 1338 1340 1341 1342 1343 1344 1345 1346 1347 1348 1349]] [90 [1350 1351 1352 1353 1355 1356 1357 1358 1359 1360 1361 1362 1363]] [91 [1366 1367 1369 1370 1371 1372 1373 1374 1377 1378]] [92 [1381 1382 1383 1384 1386 1387 1388 1389 1390 1391 1393 1394]] [93 [1395 1396 1397 1398 1399 1400 1401 1402 1403 1404 1405 1406 1408 1409]] [94 [1410 1412 1413 1415 1416 1417 1418 1419 1420 1421 1422 1423 1424]] [95 [1425 1426 1427 1429 1430 1431 1432 1433 1435 1438 1439]] [96 [1440 1443 1445 1446 1447 1448 1449 1450 1451 1452 1453 1454]] [97 [1455 1456 1457 1458 1459 1461 1462 1466 1467 1468 1469]] [98 [1470 1471 1472 1473 1474 1476 1477 1478 1479 1480 1482 1483 1484]] [99 [1485 1486 1487 1488 1489 1491 1492 1493 1494 1495 1496 1497 1498 1499]]]",,"[[{media 50} [[""A"" [4 4 4 4 4 4 4 4 4 4]]]] [{media 51} [[""A"" [3 3 3 3 3 3 3 3 3 3]]]] [{media 52} [[""A"" [4 4 4 4 4 4 4 4 4 4]]]] [{media 53} [[""A"" [3 3 3 3 3 3 3 3 3 3]]]] [{media 54} [[""A"" [4 4 4 4 4 4 4 4 4 4]]]] [{media 55} [[""A"" [5 5 5 5 5 5 5 5 5 5]]]] [{media 56} [[""A"" [3 3 3 3 3 3 3 3 3 3]]]] [{media 57} [[""A"" [3 3 3 3 3 3 3 3 3 3]]]] [{media 58} [[""A"" [4 4 4 4 4 4 4 4 4 4]]]] [{media 59} [[""A"" [2 2 2 2 2 2 2 2 2 2]]]] [{media 60} [[""A"" [5 5 5 5 5 5 5 5 5 5]]]] [{media 61} [[""A"" [3 3 3 3 3 3 3 3 3 3]]]] [{media 62} [[""A"" [2 2 2 2 2 2 2 2 2 2]]]] [{media 63} [[""A"" [4 4 4 4 4 4 4 4 4 4]]]] [{media 64} [[""A"" [2 2 2 2 2 2 2 2 2 2]]]] [{citizen 0} [[""A"" [3 2 4 3 3 3 4 3 4 3]]]] [{citizen 17} [[""A"" [3 3 2 3 3 4 3 2 5 4]]]] [{citizen 19} [[""A"" [4 3 2 3 3 3 4 3 4 4]]]] [{citizen 13} [[""A"" [4 5 3 3 2 3 3 4 3 2]]]] [{citizen 4} [[""A"" [5 3 3 2 3 3 3 4 3 4]]]] [{citizen 5} [[""A"" [5 3 3 2 3 3 3 4 3 4]]]] [{citizen 2} [[""A"" [4 5 3 2 3 3 3 4 3 2]]]] [{citizen 21} [[""A"" [2 5 4 2 4 3 3 3 4 3]]]] [{citizen 7} [[""A"" [5 3 2 2 3 3 3 4 4 4]]]] [{citizen 31} [[""A"" [2 4 3 3 3 4 3 4 2 3]]]] [{citizen 39} [[""A"" [2 5 3 2 3 3 4 4 2 4]]]] [{citizen 44} [[""A"" [2 4 5 3 2 3 3 3 4 5]]]] [{citizen 28} [[""A"" [4 2 4 5 3 2 3 3 4 4]]]] [{citizen 24} [[""A"" [4 5 5 3 2 2 3 3 4 3]]]] [{citizen 37} [[""A"" [3 5 3 2 3 3 3 4 3 4]]]] [{citizen 30} [[""A"" [4 3 3 2 2 3 3 3 4 3]]]] [{citizen 3} [[""A"" [3 5 3 2 3 3 4 3 4 2]]]] [{citizen 27} [[""A"" [4 5 3 2 3 3 3 4 3 3]]]] [{citizen 12} [[""A"" [5 3 5 2 3 3 3 4 3 4]]]] [{citizen 16} [[""A"" [3 5 3 3 3 4 3 4 5 4]]]] [{citizen 49} [[""A"" [4 4 3 2 3 3 3 4 3 5]]]] [{citizen 1} [[""A"" [5 3 2 3 3 3 4 3 4 3]]]] [{citizen 8} [[""A"" [3 3 3 2 3 3 3 4 3 4]]]] [{citizen 22} [[""A"" [3 4 5 4 2 3 3 4 3 4]]]] [{citizen 33} [[""A"" [2 2 4 3 3 3 4 3 2 4]]]] [{citizen 38} [[""A"" [3 5 2 3 3 4 3 4 2 4]]]] [{citizen 36} [[""A"" [5 3 2 3 3 4 3 4 5 4]]]] [{citizen 10} [[""A"" [3 5 3 2 3 3 3 4 3 5]]]] [{citizen 47} [[""A"" [4 4 4 3 2 4 3 3 4 3]]]] [{citizen 11} [[""A"" [4 3 5 2 3 3 4 4 2 5]]]] [{citizen 40} [[""A"" [4 4 5 3 2 3 3 3 3 4]]]] [{citizen 6} [[""A"" [5 3 2 4 3 3 3 4 3 2]]]] [{citizen 25} [[""A"" [4 2 5 3 3 2 3 4 3 4]]]] [{citizen 41} [[""A"" [2 3 3 3 4 3 4 2 3 4]]]] [{citizen 43} [[""A"" [5 3 3 2 3 3 4 3 4 4]]]] [{citizen 45} [[""A"" [2 5 3 2 3 4 3 3 4 4]]]] [{citizen 9} [[""A"" [3 2 4 3 3 3 4 3 4 2]]]] [{citizen 42} [[""A"" [3 2 4 3 3 3 4 3 4 5]]]] [{citizen 32} [[""A"" [4 5 3 5 2 3 3 3 4 3]]]] [{citizen 23} [[""A"" [2 2 4 3 3 4 3 4 2 5]]]] [{citizen 15} [[""A"" [3 2 2 4 3 3 3 4 3 2]]]] [{citizen 18} [[""A"" [3 4 3 4 3 3 2 3 3 3]]]] [{citizen 46} [[""A"" [3 4 5 3 3 3 3 4 3 2]]]] [{citizen 14} [[""A"" [4 3 2 4 3 3 3 4 3 4]]]] [{citizen 20} [[""A"" [5 3 3 2 4 3 3 3 4 3]]]] [{citizen 29} [[""A"" [4 5 3 3 3 3 4 3 4 2]]]] [{citizen 48} [[""A"" [5 3 2 4 3 3 4 3 3 4]]]] [{citizen 26} [[""A"" [5 4 3 3 3 2 3 3 4 3]]]] [{citizen 34} [[""A"" [3 2 4 3 3 3 4 3 2 3]]]]]"
"36","[85 0 170]","334.2857142857141","-3.048346352431677","6.7966769848872985","""circle""","""""","9.9","{breed citizens}","false","0.5","1","""up""",,"[[""ID"" 36] [""alpha"" 1] [""beta"" 1] [""malleable"" [""A""]] [""prior"" []] [""cont_tokens"" []] [""A"" 4]]","[[0 [0 1 2 3 4 6 7 8 9 10 11 12 13 14]] [1 [15 16 17 18 19 20 21 22 23 25 26 28 29]] [2 [30 31 32 33 34 35 36 37 38 39 40 41 42 43 44]] [3 [45 46 47 48 49 50 51 52 53 54 55 56 57 58 59]] [4 [60 61 62 63 64 65 66 67 68 69 70 71 72 73 74]] [5 [75 76 77 78 80 83 84 85 86 87 88 89]] [6 [90 91 92 93 94 95 96 97 98 99 100 101 102 103 104]] [7 [105 106 107 108 109 110 111 112 113 114 115 116 117 118 119]] [8 [120 121 122 123 124 125 126 127 128 129 130 131 132 133 134]] [9 [135 136 137 138 139 140 141 142 143 144 145 146 147 148 149]] [10 [150 151 152 153 154 155 156 157 158 159 160 161 162 163 164]] [11 [165 166 167 168 169 170 171 172 173 174 175 176 177 178 179]] [12 [180 181 182 183 184 185 186 187 188 189 190 191 192 193 194]] [13 [195 196 197 198 199 200 201 202 203 204 205 206 207 208 209]] [14 [210 211 212 213 214 215 216 217 218 219 220 221 222 223 224]] [15 [225 226 227 228 229 230 231 232 233 234 235 236 237 238 239]] [16 [240 241 242 243 244 245 246 247 248 249 250 251 252 253 254]] [17 [255 256 257 258 259 260 261 262 263 264 265 266 267 268 269]] [18 [270 271 272 273 274 275 276 277 278 279 280 281 282 283 284]] [19 [285 286 287 288 289 290 291 292 293 294 295 296 297 298 299]] [20 [300 301 302 303 304 305 306 307 309 310 311 312 313 314]] [21 [315 316 317 318 319 320 321 322 323 324 325 326 327 328 329]] [22 [330 331 332 333 334 335 336 337 338 339 340 341 342 343 344]] [23 [345 346 347 348 349 350 351 352 353 354 355 356 357 358 359]] [24 [360 361 362 363 364 365 366 367 368 369 370 371 372 373 374]] [25 [375 376 377 378 379 380 381 382 383 384 385 386 387 388 389]] [26 [390 391 392 393 394 395 396 397 398 399 400 401 402 403 404]] [27 [405 406 407 408 409 410 411 412 413 414 415 416 417 418 419]] [28 [420 421 422 423 424 425 426 427 428 429 430 431 432 433 434]] [29 [435 436 437 438 439 440 441 442 443 444 445 446 447 448 449]] [30 [450 451 452 453 454 455 456 457 458 459 460 461 462 463 464]] [31 [465 466 467 468 469 470 471 472 473 474 475 476 477 478 479]] [32 [480 481 482 483 484 485 486 487 488 489 490 491 492 493 494]] [33 [495 496 497 498 499 500 501 502 503 504 505 506 507 508 509]] [34 [510 511 512 513 514 515 516 517 519 520 521 522 523 524]] [35 [525 526 527 528 529 530 531 532 533 534 535 536 537 538 539]] [36 [540 541 542 543 544 545 546 547 548 549 550 551 552 553 554]] [37 [555 556 557 558 559 560 561 562 563 564 565 566 567 568 569]] [38 [570 571 572 573 574 575 576 577 578 579 580 581 582 583 584]] [39 [585 586 587 588 589 590 591 592 593 594 595 596 597 598 599]] [40 [600 601 602 603 604 605 606 607 608 609 610 611 612 613 614]] [41 [615 616 617 618 619 620 621 622 623 624 625 626 627 628 629]] [42 [630 631 632 633 634 635 636 637 638 639 640 641 642 643 644]] [43 [645 646 647 648 649 650 651 652 653 654 656 657 658 659]] [44 [660 661 662 663 664 665 666 667 668 669 670 671 672 673 674]] [45 [675 676 677 678 679 680 681 682 683 684 685 686 687 688 689]] [46 [690 691 692 693 694 695 696 697 698 699 700 701 702 703 704]] [47 [705 706 707 708 709 710 711 712 713 714 715 716 717 718 719]] [48 [720 721 722 723 724 725 726 727 728 729 730 731 732 733 734]] [49 [735 736 737 738 739 740 741 742 743 744 745 746 747 748 749]] [50 [750 751 752 753 754 755 756 757 758 759 760 761 762 763 764]] [51 [765 766 767 768 769 770 771 772 773 774 775 776 777 778 779]] [52 [780 781 782 783 784 785 786 787 788 789 790 791 792 793 794]] [53 [795 796 797 798 799 800 801 802 803 804 805 806 807 808 809]] [54 [810 811 812 813 814 815 816 817 818 819 820 821 822 823 824]] [55 [825 826 827 828 829 830 831 832 833 834 835 836 837 838 839]] [56 [840 841 842 843 844 845 846 847 848 849 850 851 852 853 854]] [57 [855 856 857 858 859 860 861 862 863 864 865 866 867 868 869]] [58 [870 871 872 873 874 875 876 877 878 879 880 881 882 883 884]] [59 [885 886 887 888 889 890 891 892 893 894 895 896 897 898 899]] [60 [900 901 902 903 904 905 906 907 908 909 910 911 912 913 914]] [61 [915 916 917 918 919 920 921 922 923 924 925 926 927 928 929]] [62 [930 931 932 933 934 935 936 937 938 939 940 941 942 943 944]] [63 [945 946 947 948 949 950 951 952 953 954 955 956 957 958 959]] [64 [960 961 962 963 964 965 966 967 968 969 970 971 972 973 974]] [65 [975 976 977 978 979 980 981 982 983 984 985 986 987 988 989]] [66 [990 991 992 993 994 996 997 998 999 1000 1001 1002 1003 1004]] [67 [1005 1006 1007 1008 1009 1010 1011 1012 1013 1014 1015 1016 1017 1018 1019]] [68 [1020 1022 1023 1024 1025 1026 1027 1028 1029 1030 1031 1032 1034]] [69 [1035 1036 1037 1038 1039 1040 1041 1042 1043 1044 1045 1046 1047 1048 1049]] [70 [1050 1051 1052 1053 1054 1055 1056 1057 1058 1059 1060 1061 1062 1063 1064]] [71 [1065 1066 1067 1068 1069 1070 1071 1072 1073 1074 1075 1076 1077 1078 1079]] [72 [1080 1081 1082 1083 1084 1085 1086 1087 1088 1089 1090 1091 1092 1093 1094]] [73 [1095 1096 1097 1098 1099 1100 1101 1102 1103 1104 1105 1106 1107 1108 1109]] [74 [1110 1111 1112 1113 1114 1115 1116 1117 1118 1119 1120 1121 1122 1123 1124]] [75 [1125 1126 1127 1128 1129 1130 1131 1132 1133 1134 1135 1136 1137 1138 1139]] [76 [1140 1141 1142 1143 1144 1145 1146 1147 1148 1149 1150 1151 1152 1153 1154]] [77 [1155 1156 1157 1159 1161 1162 1163 1164 1165 1166 1167 1168 1169]] [78 [1170 1171 1172 1173 1174 1175 1176 1177 1178 1179 1180 1181 1182 1183 1184]] [79 [1185 1186 1187 1188 1189 1190 1191 1192 1193 1194 1195 1196 1197 1198 1199]] [80 [1200 1201 1202 1203 1204 1205 1206 1207 1208 1209 1210 1211 1212 1213 1214]] [81 [1215 1216 1217 1218 1219 1220 1221 1222 1223 1224 1225 1226 1227 1229]] [82 [1230 1231 1232 1233 1234 1235 1236 1237 1238 1239 1240 1241 1242 1243 1244]] [83 [1245 1246 1247 1248 1249 1250 1251 1252 1253 1254 1255 1256 1257 1258 1259]] [84 [1260 1262 1263 1264 1265 1266 1267 1269 1270 1271 1272 1273 1274]] [85 [1275 1276 1277 1278 1279 1280 1281 1282 1283 1284 1285 1286 1287 1288 1289]] [86 [1290 1291 1292 1293 1294 1295 1296 1297 1299 1300 1301 1302 1303 1304]] [87 [1305 1306 1307 1308 1309 1310 1311 1312 1313 1314 1315 1316 1317 1318 1319]] [88 [1320 1321 1322 1323 1324 1325 1326 1327 1328 1329 1330 1331 1332 1333 1334]] [89 [1335 1336 1337 1338 1339 1340 1341 1342 1343 1344 1345 1346 1347 1348 1349]] [90 [1350 1351 1352 1353 1354 1355 1356 1357 1358 1359 1360 1361 1362 1363 1364]] [91 [1365 1366 1367 1368 1369 1370 1371 1372 1373 1374 1375 1376 1377 1378 1379]] [92 [1380 1381 1382 1383 1384 1385 1386 1387 1388 1389 1390 1391 1392 1393 1394]] [93 [1395 1396 1397 1398 1399 1400 1401 1402 1403 1404 1405 1406 1407 1408 1409]] [94 [1410 1411 1412 1413 1414 1415 1416 1417 1418 1419 1420 1421 1422 1423 1424]] [95 [1425 1426 1427 1428 1429 1430 1431 1432 1433 1434 1435 1436 1437 1438 1439]] [96 [1440 1441 1442 1443 1444 1445 1446 1447 1448 1449 1450 1451 1452 1453 1454]] [97 [1455 1456 1457 1458 1459 1461 1462 1463 1464 1465 1466 1467 1468 1469]] [98 [1470 1471 1472 1473 1474 1475 1476 1477 1478 1479 1480 1481 1482 1483 1484]] [99 [1485 1486 1487 1488 1489 1491 1492 1493 1494 1495 1496 1497 1498 1499]]]","[[0 [2 3 4 6 7 8 9 10 11 12 13 14]] [1 [15 16 17 18 21 22 23 25 26 28 29]] [2 [31 33 34 35 36 37 38 40 41 42 43 44]] [3 [45 46 47 48 49 50 51 52 53 55 57 58]] [4 [60 62 64 65 66 67 68 69 70 71 72 73 74]] [5 [75 76 77 78 80 83 84 85 86 87 88 89]] [6 [90 91 93 94 95 97 98 99 100 101 103 104]] [7 [105 106 107 108 109 110 112 113 114 116 118 119]] [8 [120 121 122 123 124 125 126 127 128 131 132 133]] [9 [135 136 137 138 139 142 143 144 145 146 147]] [10 [151 152 153 154 155 156 157 158 159 160 162 163 164]] [11 [165 166 169 170 171 172 173 174 177 178 179]] [12 [180 181 182 183 184 185 186 187 188 189 190 191 193 194]] [13 [195 198 199 200 201 202 204 205 207 208 209]] [14 [210 211 212 213 214 215 216 217 219 220 221 222 223 224]] [15 [225 226 227 228 229 230 231 232 233 235 237 238 239]] [16 [241 242 244 245 248 250 251 252 253 254]] [17 [255 256 257 258 259 260 262 263 264 265 266 267 268]] [18 [270 271 274 275 276 277 278 279 281 282 284]] [19 [285 286 289 290 291 292 293 294 297 298 299]] [20 [300 301 302 303 304 305 306 307 309 311 312 313 314]] [21 [316 317 318 320 321 324 325 326 327 328 329]] [22 [330 331 332 333 335 336 337 338 339 340 341 342 343]] [23 [346 348 350 351 354 355 356 357 358 359]] [24 [360 361 362 363 364 365 366 367 368 369 370 371 372 373]] [25 [375 377 378 379 380 382 383 384 385 386 387 388 389]] [26 [391 392 393 395 398 399 400 401 402 403 404]] [27 [405 406 407 408 409 410 411 412 413 414 415 416 417 418]] [28 [421 422 424 425 426 427 429 430 431 432 433 434]] [29 [435 436 437 439 440 441 442 443 444 445 446 447 448]] [30 [450 451 452 453 456 457 458 459 461 464]] [31 [465 466 467 468 469 470 471 472 473 474 475 477]] [32 [480 481 482 484 485 486 488 489 490 491 492 493 494]] [33 [495 497 499 500 501 502 503 504 505 506 507 508]] [34 [510 511 513 514 515 516 517 520 521 523]] [35 [525 526 527 528 529 530 531 532 533 534 536 537 538 539]] [36 [540 543 544 546 547 548 549 550 551 552 553 554]] [37 [555 556 557 558 559 560 561 563 564 565 566 568 569]] [38 [570 571 572 573 574 575 577 578 579 581 582 583 584]] [39 [585 586 587 588 589 590 591 592 593 594 595 596 597 598 599]] [40 [600 601 602 603 604 605 606 609 610 611 612 614]] [41 [615 616 617 618 619 620 621 622 623 624 625 626 627 629]] [42 [630 632 633 634 635 636 637 639 641 643 644]] [43 [647 648 649 651 652 653 654 656 657 658 659]] [44 [660 661 662 663 665 668 669 670 671 672 674]] [45 [675 676 677 678 679 680 681 682 683 686 687 688 689]] [46 [692 693 694 695 696 697 698 699 700 701 703]] [47 [705 706 707 708 711 712 713 715 716 717 719]] [48 [720 722 723 725 726 727 728 730 731 732 733 734]] [49 [735 736 737 738 739 740 741 742 743 744 745 746 747 749]] [50 [750 753 754 755 756 757 759 760 761 762 763 764]] [51 [765 767 773 774 775 776 777 778 779]] [52 [780 781 782 785 786 787 788 789 790 791 792 793 794]] [53 [795 796 797 798 800 801 802 803 804 805 806 807 808 809]] [54 [810 811 812 813 814 815 816 817 820 821 823 824]] [55 [826 827 828 829 830 831 832 833 834 836 837 838 839]] [56 [841 842 843 844 845 846 847 848 849 850 851 852 853]] [57 [855 856 857 858 859 860 861 862 863 864 865 866 867 868 869]] [58 [870 871 872 873 874 875 877 878 879 880 881 882 884]] [59 [885 886 887 888 889 890 891 892 893 894 895 896 898]] [60 [900 901 902 903 904 905 906 907 908 909 910 911 913]] [61 [915 916 917 918 919 920 921 922 924 925 926 927]] [62 [930 931 932 933 934 935 936 937 938 939 940 941 942 944]] [63 [946 947 948 949 950 951 952 953 954 955 956 957 958 959]] [64 [960 962 963 964 965 966 967 968 969 971 972]] [65 [977 978 979 980 981 985 986 987 988 989]] [66 [991 992 993 994 996 997 998 999 1000 1001 1003]] [67 [1005 1006 1007 1008 1009 1010 1011 1012 1013 1014 1015 1016 1018 1019]] [68 [1020 1022 1023 1024 1025 1026 1027 1028 1029 1030 1031 1032 1034]] [69 [1035 1036 1037 1039 1040 1041 1042 1043 1044 1045 1048 1049]] [70 [1050 1051 1052 1053 1054 1055 1056 1057 1058 1059 1060 1061 1062 1063 1064]] [71 [1066 1067 1068 1069 1070 1072 1073 1074 1075 1077 1078]] [72 [1080 1081 1082 1084 1085 1090 1092 1093 1094]] [73 [1095 1096 1097 1099 1100 1101 1102 1104 1105 1106 1107 1108 1109]] [74 [1110 1111 1112 1115 1116 1117 1118 1119 1121 1122 1123 1124]] [75 [1125 1126 1127 1128 1129 1130 1131 1132 1133 1134 1136 1137 1138 1139]] [76 [1142 1143 1144 1145 1146 1147 1148 1149 1150 1153 1154]] [77 [1155 1156 1157 1159 1161 1162 1163 1164 1165 1166 1167 1168 1169]] [78 [1170 1171 1172 1175 1176 1177 1179 1180 1181 1182 1183 1184]] [79 [1185 1186 1187 1188 1189 1190 1191 1192 1193 1194 1198 1199]] [80 [1200 1201 1202 1203 1204 1205 1206 1207 1208 1209 1211 1212 1214]] [81 [1215 1216 1217 1218 1219 1220 1221 1222 1223 1225 1226 1227 1229]] [82 [1230 1231 1232 1233 1234 1235 1237 1238 1239 1242 1243]] [83 [1245 1246 1247 1248 1250 1251 1252 1253 1254 1255 1256 1257 1258 1259]] [84 [1260 1262 1263 1264 1265 1266 1267 1269 1271 1272 1273 1274]] [85 [1275 1276 1277 1278 1279 1281 1282 1283 1284 1285 1286 1287 1288 1289]] [86 [1292 1293 1294 1295 1296 1297 1302 1303 1304]] [87 [1305 1310 1311 1313 1315 1316 1317 1318 1319]] [88 [1320 1321 1322 1323 1324 1326 1327 1328 1329 1330 1331 1333]] [89 [1335 1339 1340 1341 1342 1343 1345 1346 1348 1349]] [90 [1350 1352 1353 1355 1356 1357 1358 1359 1360 1361 1362 1364]] [91 [1365 1366 1367 1369 1370 1371 1372 1373 1374 1375 1376 1377 1378]] [92 [1380 1381 1382 1383 1385 1388 1389 1390 1391 1392 1393 1394]] [93 [1395 1396 1397 1398 1402 1404 1405 1406 1407 1408 1409]] [94 [1410 1412 1413 1415 1416 1417 1418 1419 1420 1421 1422 1423 1424]] [95 [1425 1426 1427 1431 1432 1433 1434 1437 1438 1439]] [96 [1440 1441 1442 1444 1445 1446 1447 1448 1449 1450 1451 1452 1453 1454]] [97 [1455 1456 1457 1458 1459 1461 1462 1463 1464 1465 1466 1467 1468 1469]] [98 [1470 1471 1472 1474 1475 1476 1477 1478 1479 1480 1482 1483 1484]] [99 [1485 1486 1488 1489 1491 1492 1493 1494 1496 1497 1498 1499]]]",,"[[{media 50} [[""A"" [4 4 4 4 4 4 4 4 4 4]]]] [{media 51} [[""A"" [3 3 3 3 3 3 3 3 3 3]]]] [{media 52} [[""A"" [4 4 4 4 4 4 4 4 4 4]]]] [{media 53} [[""A"" [3 3 3 3 3 3 3 3 3 3]]]] [{media 54} [[""A"" [4 4 4 4 4 4 4 4 4 4]]]] [{media 56} [[""A"" [3 3 3 3 3 3 3 3 3 3]]]] [{media 57} [[""A"" [3 3 3 3 3 3 3 3 3 3]]]] [{media 58} [[""A"" [4 4 4 4 4 4 4 4 4 4]]]] [{media 59} [[""A"" [2 2 2 2 2 2 2 2 2 2]]]] [{media 61} [[""A"" [3 3 3 3 3 3 3 3 3 3]]]] [{media 62} [[""A"" [2 2 2 2 2 2 2 2 2 2]]]] [{media 63} [[""A"" [4 4 4 4 4 4 4 4 4 4]]]] [{media 64} [[""A"" [2 2 2 2 2 2 2 2 2 2]]]] [{media 60} [[""A"" [5 5 5 5 5 5 5 5 5 5]]]] [{citizen 17} [[""A"" [4 4 3 3 3 2 3 2 5 4]]]] [{citizen 4} [[""A"" [3 3 3 2 2 3 3 3 4 4]]]] [{citizen 0} [[""A"" [2 5 4 3 3 3 2 3 3 3]]]] [{citizen 13} [[""A"" [5 4 3 3 3 2 2 3 2 4]]]] [{citizen 12} [[""A"" [5 4 3 3 2 3 3 3 4 3]]]] [{citizen 2} [[""A"" [3 4 3 5 4 3 3 2 3 3]]]] [{citizen 10} [[""A"" [2 3 5 4 3 3 2 2 3 3]]]] [{citizen 5} [[""A"" [4 5 3 3 2 2 3 3 3 3]]]] [{citizen 21} [[""A"" [2 4 5 4 3 2 2 3 3 4]]]] [{citizen 7} [[""A"" [4 3 4 5 4 3 2 2 3 4]]]] [{citizen 31} [[""A"" [3 5 3 3 2 4 3 4 2 3]]]] [{citizen 39} [[""A"" [2 5 4 3 3 3 2 3 4 4]]]] [{citizen 44} [[""A"" [4 2 5 4 3 3 2 3 4 3]]]] [{citizen 28} [[""A"" [2 3 5 4 3 3 2 2 4 4]]]] [{citizen 24} [[""A"" [5 4 3 2 2 3 3 3 3 4]]]] [{citizen 37} [[""A"" [5 4 3 3 2 2 3 4 4 3]]]] [{citizen 30} [[""A"" [4 4 4 3 3 2 2 3 3 4]]]] [{citizen 3} [[""A"" [5 4 3 3 2 3 3 3 3 4]]]] [{citizen 27} [[""A"" [2 3 5 4 3 3 3 3 3 4]]]] [{citizen 16} [[""A"" [2 3 5 4 3 3 4 3 4 4]]]] [{citizen 49} [[""A"" [4 3 2 4 3 4 3 2 3 3]]]] [{citizen 1} [[""A"" [3 3 2 2 3 3 3 4 3 4]]]] [{citizen 8} [[""A"" [5 4 3 3 3 2 3 3 4 3]]]] [{citizen 22} [[""A"" [4 3 4 5 4 3 2 2 3 4]]]] [{citizen 33} [[""A"" [3 3 3 2 2 4 3 3 2 4]]]] [{citizen 35} [[""A"" [4 3 4 3 3 2 2 3 3 4]]]] [{citizen 19} [[""A"" [4 3 3 2 2 2 3 4 3 4]]]] [{citizen 25} [[""A"" [4 4 2 5 4 3 3 3 3 3]]]] [{citizen 9} [[""A"" [3 3 2 2 4 3 3 2 3 4]]]] [{citizen 41} [[""A"" [2 3 5 4 2 3 4 4 2 3]]]] [{citizen 38} [[""A"" [3 5 4 3 3 2 3 3 2 4]]]] [{citizen 42} [[""A"" [4 3 3 2 2 4 3 3 4 4]]]] [{citizen 47} [[""A"" [4 3 3 2 2 4 3 3 3 4]]]] [{citizen 32} [[""A"" [4 3 5 4 3 3 3 3 3 4]]]] [{citizen 23} [[""A"" [5 4 3 2 2 4 3 3 2 3]]]] [{citizen 11} [[""A"" [4 4 3 2 2 2 3 4 3 4]]]] [{citizen 6} [[""A"" [2 3 5 4 3 2 3 4 3 2]]]] [{citizen 15} [[""A"" [5 4 3 3 2 2 2 4 3 4]]]] [{citizen 18} [[""A"" [3 4 3 4 3 4 3 3 2 3]]]] [{citizen 43} [[""A"" [3 5 3 3 3 2 3 3 4 4]]]] [{citizen 46} [[""A"" [3 4 5 4 3 2 2 3 3 4]]]] [{citizen 14} [[""A"" [4 3 3 2 2 4 3 3 3 4]]]] [{citizen 20} [[""A"" [5 4 3 3 3 2 4 3 3 4]]]] [{citizen 29} [[""A"" [3 4 4 5 4 3 3 2 3 3]]]] [{citizen 45} [[""A"" [5 4 3 3 2 2 3 3 4 4]]]] [{citizen 48} [[""A"" [4 3 3 2 4 3 3 3 4 4]]]] [{citizen 40} [[""A"" [4 5 4 3 3 3 3 3 4 4]]]] [{citizen 26} [[""A"" [4 3 3 3 2 2 3 3 3 4]]]] [{media 55} [[""A"" [5 5 5 5 5 5 5 5 5 5]]]] [{citizen 34} [[""A"" [5 4 3 3 2 4 3 3 2 3]]]]]"
"37","[85 0 170]","118.01020408163264","12.096384148719082","-6.023959819459169","""circle""","""""","9.9","{breed citizens}","false","0.5","1","""up""",,"[[""ID"" 37] [""alpha"" 1] [""beta"" 1] [""malleable"" [""A""]] [""prior"" []] [""cont_tokens"" []] [""A"" 4]]","[[0 [0 1 2 3 4 5 6 7 8 9 11 12 13 14]] [1 [15 16 17 18 19 20 21 22 23 25 26 28 29]] [2 [30 31 32 33 34 35 36 37 38 39 40 41 42 43 44]] [3 [45 46 47 48 49 50 51 52 53 54 55 56 57 58 59]] [4 [60 61 62 63 64 65 66 67 68 69 70 71 72 73 74]] [5 [75 76 77 78 80 83 84 85 86 87 88 89]] [6 [90 91 92 93 94 95 96 97 98 99 100 101 102 103 104]] [7 [105 106 107 108 109 110 111 112 113 114 115 116 117 118 119]] [8 [120 121 122 123 124 125 126 127 128 129 130 131 132 133 134]] [9 [135 136 137 138 139 140 141 142 143 144 145 146 147 148 149]] [10 [150 151 152 153 154 155 156 157 158 159 160 161 162 163 164]] [11 [165 166 167 168 169 170 171 172 173 174 175 176 177 178 179]] [12 [180 181 182 183 184 185 186 187 188 189 190 191 192 193 194]] [13 [195 196 197 198 199 200 201 202 203 204 205 206 207 208 209]] [14 [210 211 212 213 214 215 216 217 218 219 220 221 222 223 224]] [15 [225 226 227 228 229 230 231 232 233 234 235 236 237 238 239]] [16 [240 241 242 243 244 245 246 247 248 249 250 251 252 253 254]] [17 [255 256 257 258 259 260 261 262 263 264 265 266 267 268 269]] [18 [270 271 272 273 274 275 276 277 278 279 280 281 282 283 284]] [19 [285 286 287 288 289 290 291 292 293 294 295 296 297 298 299]] [20 [300 301 302 303 304 305 306 307 309 310 311 312 313 314]] [21 [315 316 317 318 319 320 321 322 323 324 325 326 327 328 329]] [22 [330 331 332 333 334 335 336 337 338 339 340 341 342 343 344]] [23 [345 346 347 348 349 350 351 352 353 354 355 356 357 358 359]] [24 [360 361 362 363 364 365 366 367 368 369 370 371 372 373 374]] [25 [375 376 377 378 379 380 381 382 383 384 385 386 387 388 389]] [26 [390 391 392 393 394 395 396 397 398 399 400 401 402 403 404]] [27 [405 406 407 408 409 410 411 412 413 414 415 416 417 418 419]] [28 [420 421 422 423 424 425 426 427 428 429 430 431 432 433 434]] [29 [435 436 437 438 439 440 441 442 443 444 445 446 447 448 449]] [30 [450 451 452 453 454 455 456 457 458 459 460 461 462 463 464]] [31 [465 466 467 468 469 470 471 472 473 474 475 476 477 478 479]] [32 [480 481 482 483 484 485 486 487 488 489 490 491 492 493 494]] [33 [495 496 497 498 499 500 501 502 503 504 505 506 507 508 509]] [34 [510 511 512 513 514 515 516 517 519 520 521 522 523 524]] [35 [525 526 527 528 529 530 531 532 533 534 535 536 537 538 539]] [36 [540 541 542 543 544 545 546 547 548 549 550 551 552 553 554]] [37 [555 556 557 558 559 560 561 562 563 564 565 566 567 568 569]] [38 [570 571 572 573 574 575 576 577 578 579 580 581 582 583 584]] [39 [585 586 587 588 589 590 591 592 593 594 595 596 597 598 599]] [40 [600 601 602 603 604 605 606 607 608 609 610 611 612 613 614]] [41 [615 616 617 618 619 620 621 622 623 624 625 626 627 628 629]] [42 [630 631 632 633 634 635 636 637 638 639 640 641 642 643 644]] [43 [645 646 647 648 649 650 651 652 653 654 656 657 658 659]] [44 [660 661 662 663 664 665 666 667 668 669 670 671 672 673 674]] [45 [675 676 677 678 679 680 681 682 683 684 685 686 687 688 689]] [46 [690 691 692 693 694 695 696 697 698 699 700 701 702 703 704]] [47 [705 706 707 708 709 710 711 712 713 714 715 716 717 718 719]] [48 [720 721 722 723 724 725 726 727 728 729 730 731 732 733 734]] [49 [735 736 737 738 739 740 741 742 743 744 745 746 747 748 749]] [50 [750 751 752 753 754 755 756 757 758 759 760 761 762 763 764]] [51 [765 766 767 768 769 770 771 772 773 774 775 776 777 778 779]] [52 [780 781 782 783 784 785 786 787 788 789 790 791 792 793 794]] [53 [795 796 797 798 799 800 801 802 803 804 805 806 807 808 809]] [54 [810 811 812 813 814 815 816 817 818 819 820 821 822 823 824]] [55 [825 826 827 828 829 830 831 832 833 834 835 836 837 838 839]] [56 [840 841 842 843 844 845 846 847 848 849 850 851 852 853 854]] [57 [855 856 857 858 859 860 861 862 863 864 865 866 867 868 869]] [58 [870 871 872 873 874 875 876 877 878 879 880 881 882 883 884]] [59 [885 886 887 888 889 890 891 892 893 894 895 896 897 898 899]] [60 [900 901 902 903 904 905 906 907 908 909 910 911 912 913 914]] [61 [915 916 917 918 919 920 921 922 923 924 925 926 927 928 929]] [62 [930 931 932 933 934 935 936 937 938 939 940 941 942 943 944]] [63 [945 946 947 948 949 950 951 952 953 954 955 956 957 958 959]] [64 [960 961 962 963 964 965 966 967 968 969 970 971 972 973 974]] [65 [975 976 977 978 979 980 981 984 985 986 987 988 989]] [66 [990 991 992 993 994 996 997 998 999 1000 1001 1002 1003 1004]] [67 [1005 1006 1007 1008 1009 1010 1011 1012 1013 1014 1015 1016 1017 1018 1019]] [68 [1020 1022 1023 1024 1025 1026 1027 1028 1029 1030 1031 1032 1034]] [69 [1035 1036 1037 1038 1039 1040 1041 1042 1043 1044 1045 1046 1047 1048 1049]] [70 [1050 1051 1052 1053 1054 1055 1056 1057 1058 1059 1060 1061 1062 1063 1064]] [71 [1065 1066 1067 1068 1069 1070 1071 1072 1073 1074 1075 1076 1077 1078 1079]] [72 [1080 1081 1082 1083 1084 1085 1086 1087 1088 1089 1090 1091 1092 1093 1094]] [73 [1095 1096 1097 1098 1099 1100 1101 1102 1103 1104 1105 1106 1107 1108 1109]] [74 [1110 1111 1112 1113 1114 1115 1116 1117 1118 1119 1120 1121 1122 1123 1124]] [75 [1125 1126 1127 1128 1129 1130 1131 1132 1133 1134 1135 1136 1137 1138 1139]] [76 [1140 1141 1142 1143 1144 1145 1146 1147 1148 1149 1150 1151 1152 1153 1154]] [77 [1155 1156 1157 1159 1161 1162 1163 1164 1165 1166 1167 1168 1169]] [78 [1170 1171 1172 1173 1174 1175 1176 1177 1178 1179 1180 1181 1182 1183 1184]] [79 [1185 1186 1187 1188 1189 1190 1191 1192 1193 1194 1195 1196 1197 1198 1199]] [80 [1200 1201 1202 1203 1204 1205 1206 1207 1208 1209 1210 1211 1212 1213 1214]] [81 [1215 1216 1217 1218 1219 1220 1221 1222 1223 1224 1225 1226 1227 1228 1229]] [82 [1230 1231 1232 1233 1234 1235 1236 1237 1238 1239 1240 1241 1242 1243 1244]] [83 [1245 1246 1247 1248 1249 1250 1251 1252 1253 1254 1255 1256 1257 1258 1259]] [84 [1260 1262 1263 1264 1265 1266 1267 1269 1270 1271 1272 1273 1274]] [85 [1275 1276 1277 1278 1279 1280 1281 1282 1283 1284 1285 1286 1287 1288 1289]] [86 [1290 1291 1292 1293 1294 1295 1296 1297 1298 1299 1300 1301 1302 1303 1304]] [87 [1305 1306 1307 1308 1309 1310 1311 1312 1313 1314 1315 1316 1317 1318 1319]] [88 [1320 1321 1322 1323 1324 1325 1326 1327 1328 1329 1330 1331 1332 1333 1334]] [89 [1335 1336 1337 1338 1339 1340 1341 1342 1343 1344 1345 1346 1347 1348 1349]] [90 [1350 1351 1352 1353 1354 1355 1356 1357 1358 1359 1360 1361 1362 1363 1364]] [91 [1365 1366 1367 1368 1369 1370 1371 1372 1373 1374 1375 1376 1377 1378 1379]] [92 [1380 1381 1382 1383 1384 1385 1386 1387 1388 1389 1390 1391 1392 1393 1394]] [93 [1395 1396 1397 1398 1399 1400 1401 1402 1403 1404 1405 1406 1407 1408 1409]] [94 [1410 1411 1412 1413 1414 1415 1416 1417 1418 1419 1420 1421 1422 1423 1424]] [95 [1425 1426 1427 1428 1429 1430 1431 1432 1433 1434 1435 1436 1437 1438 1439]] [96 [1440 1441 1442 1443 1444 1445 1446 1447 1448 1449 1450 1451 1452 1453 1454]] [97 [1455 1456 1457 1458 1459 1461 1462 1463 1464 1465 1466 1467 1468 1469]] [98 [1470 1471 1472 1473 1474 1475 1476 1477 1478 1479 1480 1481 1482 1483 1484]] [99 [1485 1486 1487 1488 1489 1491 1492 1493 1494 1495 1496 1497 1498 1499]]]","[[0 [0 1 2 3 4 6 7 8 9 11 12 13 14]] [1 [15 16 17 18 19 20 21 22 23 25 26 28 29]] [2 [31 33 34 35 36 37 38 39 41 42 43 44]] [3 [45 46 47 48 49 50 51 52 54 55 58 59]] [4 [61 62 63 64 65 66 67 68 69 70 71 72 73 74]] [5 [75 76 78 80 83 84 85 86 87 88 89]] [6 [90 91 93 94 95 97 98 99 100 101 103 104]] [7 [105 106 107 108 109 110 112 114 115 117 118 119]] [8 [121 122 123 124 125 126 127 128 131 132 134]] [9 [135 136 137 140 141 143 144 145 146 147 148 149]] [10 [150 151 153 154 156 157 158 159 160 162 163 164]] [11 [165 166 169 170 171 172 173 174 177 178 179]] [12 [180 181 182 183 186 187 188 189 190 191 193 194]] [13 [195 196 197 198 199 200 201 202 206 207 208 209]] [14 [210 211 212 213 214 218 219 220 221 222 223 224]] [15 [225 226 227 228 230 231 232 233 234 236 238 239]] [16 [240 241 242 244 245 246 247 248 249 250 251 252 253 254]] [17 [255 256 257 258 259 260 262 263 264 265 266 267 268]] [18 [270 271 272 273 274 276 277 278 279 280 281 282 284]] [19 [285 287 288 289 290 291 292 293 294 295 296 298 299]] [20 [301 302 303 304 305 306 310 311 312 313]] [21 [315 316 317 318 319 320 321 324 325 326 327 328 329]] [22 [330 331 332 333 334 336 337 338 339 340 341 342 343]] [23 [345 346 348 349 350 351 353 354 355 356 357 358 359]] [24 [360 361 362 363 364 365 366 367 368 369 370 371 372 373]] [25 [375 377 378 379 381 382 383 384 385 387 388 389]] [26 [391 392 393 395 398 399 400 401 402 403 404]] [27 [405 406 407 408 409 410 411 414 415 416 417 418]] [28 [421 422 423 424 425 426 427 429 430 431 432 433 434]] [29 [435 436 437 439 440 441 442 443 444 445 446 447 448 449]] [30 [450 451 452 453 454 455 457 458 459 461 462]] [31 [465 466 467 468 469 470 471 472 473 474 475 477]] [32 [480 482 484 485 486 488 489 490 492 493 494]] [33 [495 497 499 500 501 502 503 504 505 506 507 508]] [34 [510 511 512 513 514 515 516 517 520 521 522 524]] [35 [526 527 528 529 533 534 536 537 538 539]] [36 [540 543 544 545 547 548 549 550 551 552 554]] [37 [555 556 557 558 560 561 563 564 565 566 567 568 569]] [38 [570 571 572 573 574 575 577 578 579 581 582 583 584]] [39 [585 586 587 588 589 590 591 592 593 594 595 596 597 598 599]] [40 [600 601 602 603 604 605 607 608 609 610 614]] [41 [615 616 617 618 619 620 622 623 624 625 626 627 628 629]] [42 [630 632 633 634 635 636 637 638 640 641 643 644]] [43 [647 648 650 651 652 653 654 656 657 658 659]] [44 [660 661 663 664 665 666 667 669 670 671 672 674]] [45 [675 676 677 678 679 680 681 682 683 686 687 688 689]] [46 [690 691 692 693 694 695 696 697 700 701 703 704]] [47 [707 708 709 710 712 713 715 716 717 718 719]] [48 [720 721 722 724 726 727 728 730 731 732 733 734]] [49 [735 736 737 738 739 740 741 742 743 744 745 746 748 749]] [50 [751 752 753 754 755 756 757 759 760 761 762 763 764]] [51 [765 766 767 769 770 771 772 773 774 775 776 777 778 779]] [52 [780 781 782 785 786 788 789 790 791 792 793 794]] [53 [795 796 797 798 799 800 801 802 803 804 805 806]] [54 [810 811 812 813 814 815 816 817 820 821 822 823 824]] [55 [825 826 827 829 830 831 832 833 835 838 839]] [56 [840 841 842 843 844 845 846 847 848 849 851 852 853]] [57 [855 856 857 858 859 861 862 863 864 865 866 867 868 869]] [58 [870 871 872 873 874 876 877 878 879 880 881 882 884]] [59 [885 886 887 888 889 890 891 892 893 894 895 896 898]] [60 [900 901 902 903 904 905 906 907 908 909 910 911 912 914]] [61 [915 916 917 919 920 921 922 924 925 926 927 928 929]] [62 [931 932 933 934 935 936 937 938 939 940 941 942 944]] [63 [946 949 950 951 952 953 954 955 956 957 958 959]] [64 [960 962 963 964 965 967 968 969 971 972 973 974]] [65 [975 976 977 978 979 980 981 984 985 986 987 988 989]] [66 [990 991 992 993 994 996 997 998 999 1000 1001 1002 1003]] [67 [1005 1006 1007 1008 1009 1010 1011 1013 1014 1015 1016 1018 1019]] [68 [1020 1022 1023 1024 1025 1026 1028 1029 1034]] [69 [1035 1036 1037 1039 1040 1041 1042 1043 1044 1045 1048 1049]] [70 [1050 1051 1052 1053 1054 1055 1056 1057 1059 1060 1061 1062 1063]] [71 [1065 1066 1067 1068 1069 1070 1071 1074 1075 1076 1079]] [72 [1081 1082 1083 1086 1087 1088 1089 1090 1091 1092 1093 1094]] [73 [1095 1096 1097 1098 1102 1105 1106 1107 1108 1109]] [74 [1110 1111 1112 1114 1115 1116 1117 1118 1120 1121 1122 1123 1124]] [75 [1125 1126 1127 1128 1129 1130 1131 1132 1133 1134 1136 1137 1138 1139]] [76 [1142 1143 1144 1145 1146 1147 1148 1149 1150 1152 1153 1154]] [77 [1156 1157 1159 1161 1162 1163 1164 1165 1166 1167 1168 1169]] [78 [1170 1171 1172 1173 1174 1175 1178 1179 1180 1182 1183 1184]] [79 [1185 1186 1187 1189 1190 1192 1193 1194 1195 1196 1197 1198 1199]] [80 [1200 1201 1202 1203 1205 1206 1207 1208 1209 1210 1211 1213]] [81 [1215 1216 1218 1219 1220 1221 1222 1224 1225 1226 1227 1229]] [82 [1230 1231 1232 1233 1234 1235 1236 1237 1238 1239 1242 1243]] [83 [1245 1246 1247 1248 1250 1252 1254 1255 1256 1257 1258 1259]] [84 [1260 1262 1263 1265 1266 1267 1269 1271 1272 1273 1274]] [85 [1275 1276 1277 1278 1279 1280 1281 1282 1283 1284 1285 1286 1287]] [86 [1290 1291 1292 1293 1295 1296 1297 1300 1301]] [87 [1306 1307 1308 1309 1310 1311 1312 1314 1315 1316 1317 1318 1319]] [88 [1320 1321 1322 1323 1324 1325 1326 1327 1328 1329 1330 1331 1332 1333 1334]] [89 [1336 1337 1338 1339 1340 1341 1342 1343 1344 1345 1346 1347 1348 1349]] [90 [1350 1351 1352 1353 1354 1355 1356 1357 1358 1359 1360 1361 1362 1363]] [91 [1366 1367 1368 1369 1370 1371 1372 1373 1374 1377 1378]] [92 [1382 1383 1385 1388 1389 1390 1391 1392 1393 1394]] [93 [1395 1396 1397 1398 1399 1400 1401 1403 1404 1406 1407 1408 1409]] [94 [1410 1411 1412 1413 1415 1417 1418 1419 1420 1421 1422 1424]] [95 [1425 1426 1427 1429 1430 1431 1432 1433 1435 1436 1437 1438 1439]] [96 [1440 1441 1442 1443 1444 1446 1447 1448 1449 1450 1451 1452 1453 1454]] [97 [1455 1457 1458 1459 1462 1463 1464 1465 1466 1467 1468 1469]] [98 [1470 1471 1472 1473 1474 1475 1476 1477 1478 1479 1480 1481 1482 1483 1484]] [99 [1485 1486 1488 1489 1491 1492 1493 1494 1496 1497 1498 1499]]]",,"[[{media 50} [[""A"" [4 4 4 4 4 4 4 4 4 4]]]] [{media 51} [[""A"" [3 3 3 3 3 3 3 3 3 3]]]] [{media 52} [[""A"" [4 4 4 4 4 4 4 4 4 4]]]] [{media 53} [[""A"" [3 3 3 3 3 3 3 3 3 3]]]] [{media 54} [[""A"" [4 4 4 4 4 4 4 4 4 4]]]] [{media 55} [[""A"" [5 5 5 5 5 5 5 5 5 5]]]] [{media 56} [[""A"" [3 3 3 3 3 3 3 3 3 3]]]] [{media 57} [[""A"" [3 3 3 3 3 3 3 3 3 3]]]] [{media 58} [[""A"" [4 4 4 4 4 4 4 4 4 4]]]] [{media 60} [[""A"" [5 5 5 5 5 5 5 5 5 5]]]] [{media 61} [[""A"" [3 3 3 3 3 3 3 3 3 3]]]] [{media 63} [[""A"" [4 4 4 4 4 4 4 4 4 4]]]] [{citizen 10} [[""A"" [3 3 5 4 2 2 3 3 5 4]]]] [{citizen 1} [[""A"" [4 4 2 3 3 3 3 3 4 4]]]] [{citizen 6} [[""A"" [4 4 2 4 3 3 3 4 3 4]]]] [{citizen 0} [[""A"" [4 4 3 2 4 3 3 3 3 5]]]] [{citizen 17} [[""A"" [3 4 4 4 3 3 3 3 5 4]]]] [{citizen 19} [[""A"" [4 4 3 2 3 4 3 4 5 4]]]] [{citizen 24} [[""A"" [4 4 3 2 2 3 3 3 4 5]]]] [{citizen 28} [[""A"" [2 3 4 4 3 2 2 3 3 4]]]] [{citizen 13} [[""A"" [4 4 4 3 2 3 3 3 2 4]]]] [{citizen 2} [[""A"" [3 4 2 2 3 3 3 3 5 4]]]] [{citizen 12} [[""A"" [4 2 3 4 5 4 2 3 3 3]]]] [{media 59} [[""A"" [2 2 2 2 2 2 2 2 2 2]]]] [{media 62} [[""A"" [2 2 2 2 2 2 2 2 2 2]]]] [{citizen 21} [[""A"" [2 4 2 4 3 3 3 3 4 4]]]] [{citizen 7} [[""A"" [5 4 2 2 4 3 3 4 5 4]]]] [{citizen 31} [[""A"" [5 2 4 3 3 3 3 2 3 4]]]] [{citizen 39} [[""A"" [3 4 3 4 4 3 2 3 4 4]]]] [{citizen 5} [[""A"" [4 4 3 4 5 2 3 3 3 4]]]] [{citizen 44} [[""A"" [4 4 4 3 3 3 3 4 5 4]]]] [{citizen 38} [[""A"" [3 4 4 5 2 3 3 3 2 4]]]] [{citizen 22} [[""A"" [3 4 4 3 2 2 3 3 4 4]]]] [{citizen 4} [[""A"" [3 3 4 3 2 3 3 3 4 4]]]] [{citizen 49} [[""A"" [3 4 4 3 4 3 3 3 4 5]]]] [{citizen 36} [[""A"" [3 4 3 2 3 3 3 4 5 4]]]] [{citizen 47} [[""A"" [3 4 4 4 2 4 3 3 4 5]]]] [{citizen 11} [[""A"" [4 3 4 4 5 2 3 4 5 4]]]] [{citizen 40} [[""A"" [4 3 4 4 3 3 3 3 4 4]]]] [{citizen 9} [[""A"" [4 3 2 4 3 3 3 2 4 4]]]] [{media 64} [[""A"" [2 2 2 2 2 2 2 2 2 2]]]] [{citizen 18} [[""A"" [3 3 4 3 4 3 2 3 3 4]]]] [{citizen 43} [[""A"" [4 2 3 3 2 3 3 3 4 4]]]] [{citizen 15} [[""A"" [2 4 4 2 4 3 3 3 4 4]]]] [{citizen 42} [[""A"" [4 4 3 2 4 3 3 3 4 5]]]] [{citizen 30} [[""A"" [3 3 4 4 3 2 3 3 3 4]]]] [{citizen 46} [[""A"" [4 3 4 2 2 3 3 3 4 4]]]] [{citizen 8} [[""A"" [4 3 3 4 3 2 3 3 3 4]]]] [{citizen 14} [[""A"" [4 4 3 2 4 3 3 3 4 4]]]] [{citizen 20} [[""A"" [4 4 3 2 4 3 3 3 4 5]]]] [{citizen 3} [[""A"" [4 2 3 5 4 2 3 3 3 4]]]] [{citizen 29} [[""A"" [4 3 4 4 2 3 3 3 5 4]]]] [{citizen 45} [[""A"" [3 4 4 2 2 3 3 3 4 4]]]] [{citizen 27} [[""A"" [3 4 4 3 3 3 3 3 4 4]]]] [{citizen 16} [[""A"" [3 4 4 4 3 3 3 4 5 4]]]] [{citizen 41} [[""A"" [3 3 3 5 4 3 4 3 3 4]]]] [{citizen 33} [[""A"" [4 3 2 4 3 3 3 4 5 4]]]] [{citizen 32} [[""A"" [3 4 4 2 4 3 3 3 4 4]]]] [{citizen 35} [[""A"" [4 4 3 2 2 4 3 4 5 4]]]] [{citizen 48} [[""A"" [3 4 2 4 3 3 3 4 5 4]]]] [{citizen 23} [[""A"" [4 4 2 2 4 3 3 2 5 4]]]] [{citizen 25} [[""A"" [3 4 4 3 4 2 3 3 3 4]]]] [{citizen 26} [[""A"" [3 4 3 4 4 3 2 3 3 4]]]] [{citizen 34} [[""A"" [3 2 4 3 3 3 3 3 4 4]]]]]"
"38","[85 0 170]","126.27551020408163","11.60209870931238","-8.065788665455855","""circle""","""""","9.9","{breed citizens}","false","0.5","1","""up""",,"[[""ID"" 38] [""alpha"" 1] [""beta"" 1] [""malleable"" [""A""]] [""prior"" []] [""cont_tokens"" []] [""A"" 4]]","[[0 [0 1 2 3 4 5 6 7 8 9 10 11 12 13 14]] [1 [15 16 17 18 19 20 21 22 23 25 26 28 29]] [2 [30 31 32 33 34 35 36 37 38 39 40 41 42 43 44]] [3 [45 46 47 48 49 50 51 52 53 54 55 56 57 58 59]] [4 [60 61 62 63 64 65 66 67 68 69 70 71 72 73 74]] [5 [75 76 77 78 80 83 84 85 86 87 88 89]] [6 [90 91 92 93 94 95 96 97 98 99 100 101 102 103 104]] [7 [105 106 107 108 109 110 111 112 113 114 115 116 117 118 119]] [8 [120 121 122 123 124 125 126 127 128 129 130 131 132 133 134]] [9 [135 136 137 138 139 140 141 142 143 144 145 146 147 148 149]] [10 [150 151 152 153 154 155 156 157 158 159 160 161 162 163 164]] [11 [165 166 167 168 169 170 171 172 173 174 175 176 177 178 179]] [12 [180 181 182 183 184 185 186 187 188 189 190 191 192 193 194]] [13 [195 196 197 198 199 200 201 202 203 204 205 206 207 208 209]] [14 [210 211 212 213 214 215 216 217 218 219 220 221 222 223 224]] [15 [225 226 227 228 229 230 231 232 233 234 235 236 237 238 239]] [16 [240 241 242 243 244 245 246 247 248 249 250 251 252 253 254]] [17 [255 256 257 258 259 260 261 262 263 264 265 266 267 268 269]] [18 [270 271 272 273 274 275 276 277 278 279 280 281 282 283 284]] [19 [285 286 287 288 289 290 291 292 293 294 295 296 297 298 299]] [20 [300 301 302 303 304 305 306 307 309 310 311 312 313 314]] [21 [315 316 317 318 319 320 321 322 323 324 325 326 327 328 329]] [22 [330 331 332 333 334 335 336 337 338 339 340 341 342 343 344]] [23 [345 346 347 348 349 350 351 352 353 354 355 356 357 358 359]] [24 [360 361 362 363 364 365 366 367 368 369 370 371 372 373 374]] [25 [375 376 377 378 379 380 381 382 383 384 385 386 387 388 389]] [26 [390 391 392 393 394 395 396 397 398 399 400 401 402 403 404]] [27 [405 406 407 408 409 410 411 412 413 414 415 416 417 418 419]] [28 [420 421 422 423 424 425 426 427 428 429 430 431 432 433 434]] [29 [435 436 437 438 439 440 441 442 443 444 445 446 447 448 449]] [30 [450 451 452 453 454 455 456 457 458 459 460 461 462 463 464]] [31 [465 466 467 468 469 470 471 472 473 474 475 476 477 478 479]] [32 [480 481 482 483 484 485 486 487 488 489 490 491 492 493 494]] [33 [495 496 497 498 499 500 501 502 503 504 505 506 507 508 509]] [34 [510 511 512 513 514 515 516 517 519 520 521 522 523 524]] [35 [525 526 527 528 529 530 531 532 533 534 535 536 537 538 539]] [36 [540 541 542 543 544 545 546 547 548 549 550 551 552 553 554]] [37 [555 556 557 558 559 560 561 562 563 564 565 566 567 568 569]] [38 [570 571 572 573 574 575 576 577 578 579 580 581 582 583 584]] [39 [585 586 587 588 589 590 591 592 593 594 595 596 597 598 599]] [40 [600 601 602 603 604 605 606 607 608 609 610 611 612 613 614]] [41 [615 616 617 618 619 620 621 622 623 624 625 626 627 628 629]] [42 [630 631 632 633 634 635 636 637 638 639 640 641 642 643 644]] [43 [645 646 647 648 649 650 651 652 653 654 656 657 658 659]] [44 [660 661 662 663 664 665 666 667 668 669 670 671 672 673 674]] [45 [675 676 677 678 679 680 681 682 683 684 685 686 687 688 689]] [46 [690 691 692 693 694 695 696 697 698 699 700 701 702 703 704]] [47 [705 706 707 708 709 710 711 712 713 714 715 716 717 718 719]] [48 [720 721 722 723 724 725 726 727 728 729 730 731 732 733 734]] [49 [735 736 737 738 739 740 741 742 743 744 745 746 747 748 749]] [50 [750 751 752 753 754 755 756 757 758 759 760 761 762 763 764]] [51 [765 766 767 768 769 770 771 772 773 774 775 776 777 778 779]] [52 [780 781 782 783 784 785 786 787 788 789 790 791 792 793 794]] [53 [795 796 797 798 799 800 801 802 803 804 805 806 807 808 809]] [54 [810 811 812 813 814 815 816 817 818 819 820 821 822 823 824]] [55 [825 826 827 828 829 830 831 832 833 834 835 836 837 838 839]] [56 [840 841 842 843 844 845 846 847 848 849 850 851 852 853 854]] [57 [855 856 857 858 859 860 861 862 863 864 865 866 867 868 869]] [58 [870 871 872 873 874 875 876 877 878 879 880 881 882 883 884]] [59 [885 886 887 888 889 890 891 892 893 894 895 896 897 898 899]] [60 [900 901 902 903 904 905 906 907 908 909 910 911 912 913 914]] [61 [915 916 917 918 919 920 921 922 923 924 925 926 927 928 929]] [62 [930 931 932 933 934 935 936 937 938 939 940 941 942 943 944]] [63 [945 946 947 948 949 950 951 952 953 954 955 956 957 958 959]] [64 [960 961 962 963 964 965 966 967 968 969 970 971 972 973 974]] [65 [975 976 977 978 979 980 981 982 983 984 985 986 987 988 989]] [66 [990 991 992 993 994 996 997 998 999 1000 1001 1002 1003 1004]] [67 [1005 1006 1007 1008 1009 1010 1011 1012 1013 1014 1015 1016 1017 1018 1019]] [68 [1020 1022 1023 1024 1025 1026 1027 1028 1029 1030 1031 1032 1034]] [69 [1035 1036 1037 1038 1039 1040 1041 1042 1043 1044 1045 1046 1047 1048 1049]] [70 [1050 1051 1052 1053 1054 1055 1056 1057 1058 1059 1060 1061 1062 1063 1064]] [71 [1065 1066 1067 1068 1069 1070 1071 1072 1073 1074 1075 1076 1077 1078 1079]] [72 [1080 1081 1082 1083 1084 1085 1086 1087 1088 1089 1090 1091 1092 1093 1094]] [73 [1095 1096 1097 1098 1099 1100 1101 1102 1103 1104 1105 1106 1107 1108 1109]] [74 [1110 1111 1112 1113 1114 1115 1116 1117 1118 1119 1120 1121 1122 1123 1124]] [75 [1125 1126 1127 1128 1129 1130 1131 1132 1133 1134 1135 1136 1137 1138 1139]] [76 [1140 1141 1142 1143 1144 1145 1146 1147 1148 1149 1150 1151 1152 1153 1154]] [77 [1155 1156 1157 1159 1161 1162 1163 1164 1165 1166 1167 1168 1169]] [78 [1170 1171 1172 1173 1174 1175 1176 1177 1178 1179 1180 1181 1182 1183 1184]] [79 [1185 1186 1187 1188 1189 1190 1191 1192 1193 1194 1195 1196 1197 1198 1199]] [80 [1200 1201 1202 1203 1204 1205 1206 1207 1208 1209 1210 1211 1212 1213 1214]] [81 [1215 1216 1217 1218 1219 1220 1221 1222 1223 1224 1225 1226 1227 1229]] [82 [1230 1231 1232 1233 1234 1235 1236 1237 1238 1239 1240 1241 1242 1243 1244]] [83 [1245 1246 1247 1248 1249 1250 1251 1252 1253 1254 1255 1256 1257 1258 1259]] [84 [1260 1262 1263 1264 1265 1266 1267 1269 1270 1271 1272 1273 1274]] [85 [1275 1276 1277 1278 1279 1280 1281 1282 1283 1284 1285 1286 1287 1288 1289]] [86 [1290 1291 1292 1293 1294 1295 1296 1297 1299 1300 1301 1302 1303 1304]] [87 [1305 1306 1307 1308 1309 1310 1311 1312 1313 1314 1315 1316 1317 1318 1319]] [88 [1320 1321 1322 1323 1324 1325 1326 1327 1328 1329 1330 1331 1332 1333 1334]] [89 [1335 1336 1337 1338 1339 1340 1341 1342 1343 1344 1345 1346 1347 1348 1349]] [90 [1350 1351 1352 1353 1354 1355 1356 1357 1358 1359 1360 1361 1362 1363 1364]] [91 [1365 1366 1367 1368 1369 1370 1371 1372 1373 1374 1375 1376 1377 1378 1379]] [92 [1380 1381 1382 1383 1384 1385 1386 1387 1388 1389 1390 1391 1392 1393 1394]] [93 [1395 1396 1397 1398 1399 1400 1401 1402 1403 1404 1405 1406 1407 1408 1409]] [94 [1410 1411 1412 1413 1414 1415 1416 1417 1418 1419 1420 1421 1422 1423 1424]] [95 [1425 1426 1427 1428 1429 1430 1431 1432 1433 1434 1435 1436 1437 1438 1439]] [96 [1440 1441 1442 1443 1444 1445 1446 1447 1448 1449 1450 1451 1452 1453 1454]] [97 [1455 1456 1457 1458 1459 1461 1462 1463 1464 1465 1466 1467 1468 1469]] [98 [1470 1471 1472 1473 1474 1475 1476 1477 1478 1479 1480 1481 1482 1483 1484]] [99 [1485 1486 1487 1488 1489 1491 1492 1493 1494 1495 1496 1497 1498 1499]]]","[[0 [3 4 6 7 8 9 10 11 12 13 14]] [1 [15 16 17 18 20 21 22 23 25 26 28 29]] [2 [30 32 36 37 38 40 41 42 43 44]] [3 [45 46 47 48 49 50 51 52 53 55 56 57 58 59]] [4 [60 61 62 63 64 65 66 67 68 69 70 71 73 74]] [5 [75 76 77 78 80 83 84 85 86 87 88 89]] [6 [90 91 93 94 95 97 98 99 100 102 103 104]] [7 [105 106 107 108 109 110 111 113 114 116 118]] [8 [120 121 122 123 124 125 126 127 128 131 132 134]] [9 [135 136 137 140 141 143 144 145 146 147]] [10 [151 152 153 154 156 157 158 159 161]] [11 [165 167 168 169 170 171 172 173 174 175 176 177 178 179]] [12 [180 181 182 183 185 186 187 188 189 192 193 194]] [13 [195 197 198 199 200 201 202 203 204 205 208 209]] [14 [210 211 212 213 214 215 216 217 218 219 220 221 222 223 224]] [15 [225 226 227 228 229 230 231 232 233 234 236 238 239]] [16 [241 242 243 246 247 248 249 250 251 252 253 254]] [17 [255 256 257 258 259 260 261 262 263 264 265 266 267 268 269]] [18 [270 271 274 276 277 278 279 281 282 283 284]] [19 [285 287 288 290 291 292 293 294 297 298 299]] [20 [300 302 303 304 305 306 310 311 312 313]] [21 [315 316 317 318 319 320 321 322 323 324 325 326 327 328 329]] [22 [330 331 332 333 334 336 337 338 339 340 341 342 343]] [23 [345 346 348 349 350 351 355 356 357 358 359]] [24 [360 361 362 363 364 365 366 367 368 370 372 373 374]] [25 [375 377 378 379 381 382 383 384 385 387 388 389]] [26 [390 391 392 393 394 396 397 398 399 400 401 402 403 404]] [27 [405 406 407 408 409 410 411 413 414 415 416 417 418 419]] [28 [420 421 422 424 425 426 427 429 430 432 433 434]] [29 [435 436 437 439 440 441 442 443 444 445 446 447 448]] [30 [450 451 452 453 454 455 456 457 458 459 461 462]] [31 [466 467 468 469 470 471 472 473 475 477]] [32 [481 482 484 485 486 488 489 490 492 493 494]] [33 [495 496 498 499 501 502 503 504 505 506 507 508]] [34 [510 511 512 513 514 515 516 517 520 521 522 524]] [35 [525 526 527 528 529 533 534 536 538 539]] [36 [540 543 544 545 548 549 550 551 552 553 554]] [37 [555 556 557 558 559 560 561 562 563 564 565 566 567 568 569]] [38 [570 571 572 573 574 575 577 578 579 581 582 583 584]] [39 [585 586 587 588 589 590 592 593 594 595 596 597 598 599]] [40 [600 601 602 603 604 605 607 608 609 610 613 614]] [41 [615 616 617 618 619 620 622 623 624 625 626 627 628 629]] [42 [630 632 633 634 635 636 637 638 640 642 643 644]] [43 [647 648 650 651 652 653 654 656 657 658 659]] [44 [660 661 662 663 665 667 669 670 671 672 673 674]] [45 [675 676 677 678 679 680 681 682 684 685 686 687 688 689]] [46 [690 691 692 693 694 695 696 697 699 700 701 703 704]] [47 [706 707 708 711 712 713 715 716 717 718 719]] [48 [720 721 722 723 725 727 728 730 731 732 733 734]] [49 [735 736 737 738 739 740 741 742 743 744 745 746 748 749]] [50 [751 752 753 754 755 756 757 762 763 764]] [51 [765 768 770 771 772 773 774 775 776 777 778 779]] [52 [780 781 782 785 786 788 789 790 791 792 793 794]] [53 [795 796 797 798 799 802 803 804 805 806 808 809]] [54 [810 811 812 813 814 815 817 818 819 821 822 823 824]] [55 [825 826 827 829 830 831 832 833 834 836 837 838 839]] [56 [840 841 842 843 844 845 846 847 848 849 851 852 853]] [57 [855 856 857 858 859 861 862 863 864 865 866 867 868 869]] [58 [870 871 872 873 874 875 877 878 879 880 881 882 884]] [59 [888 889 890 891 892 893 896 897 899]] [60 [903 904 905 906 907 908 909 910 911 912 914]] [61 [915 916 917 918 919 920 921 922 924 925 926 928 929]] [62 [930 931 932 933 934 935 936 937 938 939 941 942 944]] [63 [946 947 948 949 950 951 952 953 954 955 957 958 959]] [64 [960 962 963 964 965 966 967 968 969 971 972]] [65 [978 979 980 981 984 985 986 987 988 989]] [66 [991 992 993 994 996 997 998 999 1000 1001 1002 1003 1004]] [67 [1005 1006 1007 1008 1009 1010 1011 1012 1013 1014 1015 1016 1018 1019]] [68 [1020 1022 1023 1024 1026 1027 1028 1029 1030 1031 1032 1034]] [69 [1035 1036 1037 1039 1040 1042 1043 1044 1046 1047 1048 1049]] [70 [1050 1051 1052 1053 1054 1055 1056 1057 1058 1059 1060 1061 1062 1063]] [71 [1065 1066 1067 1068 1069 1070 1072 1073 1074 1075 1077 1078 1079]] [72 [1080 1081 1082 1084 1085 1087 1088 1089 1091 1092 1093 1094]] [73 [1095 1096 1097 1098 1100 1102 1105 1106 1107 1108 1109]] [74 [1110 1111 1112 1114 1115 1116 1118 1119 1122 1123 1124]] [75 [1125 1126 1127 1128 1129 1130 1131 1132 1133 1134 1135 1136 1137 1138 1139]] [76 [1141 1142 1143 1144 1145 1146 1147 1148 1149 1150 1153 1154]] [77 [1155 1156 1157 1161 1162 1163 1164 1165 1166 1167 1168 1169]] [78 [1170 1171 1172 1173 1174 1175 1178 1179 1180 1181 1182 1183 1184]] [79 [1185 1186 1187 1189 1190 1192 1193 1194 1195 1196 1197 1198 1199]] [80 [1200 1201 1202 1203 1205 1206 1207 1208 1209 1211 1212 1214]] [81 [1215 1216 1218 1219 1220 1221 1222 1224 1225 1226 1227 1229]] [82 [1230 1231 1232 1233 1234 1235 1237 1238 1239 1242 1243]] [83 [1245 1246 1247 1249 1250 1251 1252 1254 1255 1256 1257 1258 1259]] [84 [1262 1263 1265 1266 1267 1270 1271 1272 1273 1274]] [85 [1275 1276 1277 1278 1279 1281 1282 1283 1284 1286 1287 1289]] [86 [1291 1292 1293 1294 1295 1296 1297 1300 1301 1304]] [87 [1305 1307 1308 1309 1310 1311 1313 1315 1316 1317 1318 1319]] [88 [1320 1321 1325 1326 1327 1328 1329 1330 1331 1333]] [89 [1335 1339 1340 1341 1342 1343 1346 1347 1348 1349]] [90 [1350 1352 1353 1355 1356 1357 1358 1359 1360 1361 1362 1363 1364]] [91 [1365 1366 1367 1369 1370 1371 1372 1373 1374 1376 1379]] [92 [1380 1381 1382 1383 1384 1386 1387 1392 1393 1394]] [93 [1395 1396 1397 1398 1399 1400 1401 1403 1404 1405 1406 1408 1409]] [94 [1410 1412 1413 1415 1416 1417 1418 1419 1420 1421 1422 1424]] [95 [1425 1428 1429 1430 1432 1433 1435 1436 1437 1438 1439]] [96 [1440 1443 1445 1446 1447 1448 1449 1450 1451 1452 1453 1454]] [97 [1455 1457 1458 1459 1462 1463 1464 1465 1466 1467 1468 1469]] [98 [1470 1471 1472 1473 1475 1476 1477 1478 1479 1480 1481 1483 1484]] [99 [1485 1486 1488 1489 1491 1492 1493 1494 1495 1497 1498 1499]]]",,"[[{media 50} [[""A"" [4 4 4 4 4 4 4 4 4 4]]]] [{media 51} [[""A"" [3 3 3 3 3 3 3 3 3 3]]]] [{media 52} [[""A"" [4 4 4 4 4 4 4 4 4 4]]]] [{media 53} [[""A"" [3 3 3 3 3 3 3 3 3 3]]]] [{media 54} [[""A"" [4 4 4 4 4 4 4 4 4 4]]]] [{media 56} [[""A"" [3 3 3 3 3 3 3 3 3 3]]]] [{media 57} [[""A"" [3 3 3 3 3 3 3 3 3 3]]]] [{media 58} [[""A"" [4 4 4 4 4 4 4 4 4 4]]]] [{media 59} [[""A"" [2 2 2 2 2 2 2 2 2 2]]]] [{media 61} [[""A"" [3 3 3 3 3 3 3 3 3 3]]]] [{media 62} [[""A"" [2 2 2 2 2 2 2 2 2 2]]]] [{media 63} [[""A"" [4 4 4 4 4 4 4 4 4 4]]]] [{media 64} [[""A"" [2 2 2 2 2 2 2 2 2 2]]]] [{media 60} [[""A"" [5 5 5 5 5 5 5 5 5 5]]]] [{citizen 1} [[""A"" [5 3 2 2 3 3 3 4 3 4]]]] [{citizen 0} [[""A"" [4 2 3 3 2 3 3 3 4 5]]]] [{citizen 6} [[""A"" [4 4 2 3 2 3 3 3 4 3]]]] [{media 55} [[""A"" [5 5 5 5 5 5 5 5 5 5]]]] [{citizen 2} [[""A"" [4 4 5 3 2 3 4 3 4 5]]]] [{citizen 13} [[""A"" [3 3 2 2 2 3 3 4 2 4]]]] [{citizen 21} [[""A"" [5 4 3 2 2 2 3 3 4 4]]]] [{citizen 7} [[""A"" [4 3 2 2 3 3 3 4 4 5]]]] [{citizen 31} [[""A"" [5 3 2 2 4 3 4 4 3 4]]]] [{citizen 39} [[""A"" [5 3 3 2 2 3 3 4 4 4]]]] [{citizen 5} [[""A"" [4 4 5 3 3 2 2 3 3 4]]]] [{citizen 44} [[""A"" [4 2 5 3 2 2 3 3 4 5]]]] [{citizen 28} [[""A"" [4 4 2 5 3 2 2 3 4 4]]]] [{citizen 24} [[""A"" [5 3 2 2 2 3 4 3 4 5]]]] [{citizen 37} [[""A"" [5 3 3 2 2 3 4 4 4 5]]]] [{citizen 17} [[""A"" [4 4 4 4 3 2 3 3 5 4]]]] [{citizen 30} [[""A"" [4 3 2 2 3 3 3 4 4 5]]]] [{citizen 3} [[""A"" [4 4 4 2 5 3 2 3 3 4]]]] [{citizen 27} [[""A"" [4 4 2 3 2 3 3 3 3 4]]]] [{citizen 12} [[""A"" [2 2 3 3 3 4 3 4 4 5]]]] [{citizen 16} [[""A"" [4 4 3 4 5 3 3 4 4 5]]]] [{citizen 49} [[""A"" [4 4 3 2 3 3 3 4 4 5]]]] [{citizen 8} [[""A"" [2 3 4 4 4 3 5 3 3 4]]]] [{citizen 22} [[""A"" [4 3 4 4 3 2 2 3 4 4]]]] [{citizen 33} [[""A"" [4 3 2 2 2 3 3 4 4 5]]]] [{citizen 4} [[""A"" [2 3 2 2 3 3 3 4 4 4]]]] [{citizen 35} [[""A"" [4 4 4 3 2 2 3 3 4 5]]]] [{citizen 19} [[""A"" [4 4 4 2 2 3 4 4 4 5]]]] [{citizen 25} [[""A"" [5 3 4 4 4 4 3 3 3 4]]]] [{citizen 9} [[""A"" [5 3 2 2 4 3 3 4 2 4]]]] [{citizen 41} [[""A"" [5 4 2 2 3 3 4 4 3 4]]]] [{citizen 10} [[""A"" [2 5 3 2 2 3 4 3 4 5]]]] [{citizen 46} [[""A"" [4 4 4 4 4 3 2 3 3 4]]]] [{citizen 11} [[""A"" [4 2 2 2 3 3 4 4 4 5]]]] [{citizen 40} [[""A"" [4 4 3 3 2 2 3 3 3 4]]]] [{citizen 36} [[""A"" [4 4 2 2 3 3 4 4 4 5]]]] [{citizen 43} [[""A"" [4 2 3 2 2 2 3 4 4 4]]]] [{citizen 45} [[""A"" [2 5 4 3 2 2 3 3 4 4]]]] [{citizen 42} [[""A"" [4 3 3 2 4 3 3 4 4 5]]]] [{citizen 47} [[""A"" [4 4 3 2 2 3 3 3 4 5]]]] [{citizen 32} [[""A"" [3 2 2 3 3 3 4 3 4 5]]]] [{citizen 23} [[""A"" [3 4 2 2 4 3 4 3 4 5]]]] [{citizen 15} [[""A"" [4 2 5 3 2 2 2 3 4 5]]]] [{citizen 18} [[""A"" [2 3 4 4 3 4 3 2 2 3]]]] [{citizen 14} [[""A"" [4 3 2 2 4 3 3 3 3 4]]]] [{citizen 20} [[""A"" [3 2 2 3 3 3 4 3 4 5]]]] [{citizen 29} [[""A"" [4 4 3 2 2 3 3 4 3 5]]]] [{citizen 48} [[""A"" [5 3 3 2 3 4 3 4 5 4]]]] [{citizen 26} [[""A"" [4 3 3 2 2 2 3 3 3 4]]]] [{citizen 34} [[""A"" [3 2 2 4 3 3 4 3 4 5]]]]]"
"39","[85 0 170]","134.5408163265306","9.187107538970183","-9.500392035845652","""circle""","""""","9.9","{breed citizens}","false","0.5","1","""up""",,"[[""ID"" 39] [""alpha"" 1] [""beta"" 1] [""malleable"" [""A""]] [""prior"" []] [""cont_tokens"" []] [""A"" 4]]","[[0 [0 1 2 3 4 5 6 7 8 9 10 11 12 13 14]] [1 [15 16 17 18 19 20 21 22 23 25 26 28 29]] [2 [30 31 32 33 34 35 36 37 38 39 40 41 42 43 44]] [3 [45 46 47 48 49 50 51 52 53 54 55 56 57 58 59]] [4 [60 61 62 63 64 65 66 67 68 69 70 71 72 73 74]] [5 [75 76 77 78 80 83 84 85 86 87 88 89]] [6 [90 91 92 93 94 95 96 97 98 99 100 101 102 103 104]] [7 [105 106 107 108 109 110 111 112 113 114 115 116 117 118 119]] [8 [120 121 122 123 124 125 126 127 128 129 130 131 132 133 134]] [9 [135 136 137 138 139 140 141 142 143 144 145 146 147 148 149]] [10 [150 151 152 153 154 155 156 157 158 159 160 161 162 163 164]] [11 [165 166 167 168 169 170 171 172 173 174 175 176 177 178 179]] [12 [180 181 182 183 184 185 186 187 188 189 190 191 192 193 194]] [13 [195 196 197 198 199 200 201 202 203 204 205 206 207 208 209]] [14 [210 211 212 213 214 215 216 217 218 219 220 221 222 223 224]] [15 [225 226 227 228 229 230 231 232 233 234 235 236 237 238 239]] [16 [240 241 242 243 244 245 246 247 248 249 250 251 252 253 254]] [17 [255 256 257 258 259 260 261 262 263 264 265 266 267 268 269]] [18 [270 271 272 273 274 275 276 277 278 279 280 281 282 283 284]] [19 [285 286 287 288 289 290 291 292 293 294 295 296 297 298 299]] [20 [300 301 302 303 304 305 306 307 309 310 311 312 313 314]] [21 [315 316 317 318 319 320 321 322 323 324 325 326 327 328 329]] [22 [330 331 332 333 334 335 336 337 338 339 340 341 342 343 344]] [23 [345 346 347 348 349 350 351 352 353 354 355 356 357 358 359]] [24 [360 361 362 363 364 365 366 367 368 369 370 371 372 373 374]] [25 [375 376 377 378 379 380 381 382 383 384 385 386 387 388 389]] [26 [390 391 392 393 394 395 396 397 398 399 400 401 402 403 404]] [27 [405 406 407 408 409 410 411 412 413 414 415 416 417 418 419]] [28 [420 421 422 423 424 425 426 427 428 429 430 431 432 433 434]] [29 [435 436 437 438 439 440 441 442 443 444 445 446 447 448 449]] [30 [450 451 452 453 454 455 456 457 458 459 460 461 462 463 464]] [31 [465 466 467 468 469 470 471 472 473 474 475 476 477 478 479]] [32 [480 481 482 483 484 485 486 487 488 489 490 491 492 493 494]] [33 [495 496 497 498 499 500 501 502 503 504 505 506 507 508 509]] [34 [510 511 512 513 514 515 516 517 519 520 521 522 523 524]] [35 [525 526 527 528 529 530 531 532 533 534 535 536 537 538 539]] [36 [540 541 542 543 544 545 546 547 548 549 550 551 552 553 554]] [37 [555 556 557 558 559 560 561 562 563 564 565 566 567 568 569]] [38 [570 571 572 573 574 575 576 577 578 579 580 581 582 583 584]] [39 [585 586 587 588 589 590 591 592 593 594 595 596 597 598 599]] [40 [600 601 602 603 604 605 606 607 608 609 610 611 612 613 614]] [41 [615 616 617 618 619 620 621 622 623 624 625 626 627 628 629]] [42 [630 631 632 633 634 635 636 637 638 639 640 641 642 643 644]] [43 [645 646 647 648 649 650 651 652 653 654 656 657 658 659]] [44 [660 661 662 663 664 665 666 667 668 669 670 671 672 673 674]] [45 [675 676 677 678 679 680 681 682 683 684 685 686 687 688 689]] [46 [690 691 692 693 694 695 696 697 698 699 700 701 702 703 704]] [47 [705 706 707 708 709 710 711 712 713 714 715 716 717 718 719]] [48 [720 721 722 723 724 725 726 727 728 729 730 731 732 733 734]] [49 [735 736 737 738 739 740 741 742 743 744 745 746 747 748 749]] [50 [750 751 752 753 754 755 756 757 758 759 760 761 762 763 764]] [51 [765 766 767 768 769 770 771 772 773 774 775 776 777 778 779]] [52 [780 781 782 783 784 785 786 787 788 789 790 791 792 793 794]] [53 [795 796 797 798 799 800 801 802 803 804 805 806 807 808 809]] [54 [810 811 812 813 814 815 816 817 818 819 820 821 822 823 824]] [55 [825 826 827 828 829 830 831 832 833 834 835 836 837 838 839]] [56 [840 841 842 843 844 845 846 847 848 849 850 851 852 853 854]] [57 [855 856 857 858 859 860 861 862 863 864 865 866 867 868 869]] [58 [870 871 872 873 874 875 876 877 878 879 880 881 882 883 884]] [59 [885 886 887 888 889 890 891 892 893 894 895 896 897 898 899]] [60 [900 901 902 903 904 905 906 907 908 909 910 911 912 913 914]] [61 [915 916 917 918 919 920 921 922 923 924 925 926 927 928 929]] [62 [930 931 932 933 934 935 936 937 938 939 940 941 942 943 944]] [63 [945 946 947 948 949 950 951 952 953 954 955 956 957 958 959]] [64 [960 961 962 963 964 965 966 967 968 969 970 971 972 973 974]] [65 [975 976 977 978 979 980 981 984 985 986 987 988 989]] [66 [990 991 992 993 994 996 997 998 999 1000 1001 1002 1003 1004]] [67 [1005 1006 1007 1008 1009 1010 1011 1012 1013 1014 1015 1016 1017 1018 1019]] [68 [1020 1022 1023 1024 1025 1026 1027 1028 1029 1030 1031 1032 1034]] [69 [1035 1036 1037 1038 1039 1040 1041 1042 1043 1044 1045 1046 1047 1048 1049]] [70 [1050 1051 1052 1053 1054 1055 1056 1057 1058 1059 1060 1061 1062 1063 1064]] [71 [1065 1066 1067 1068 1069 1070 1071 1072 1073 1074 1075 1076 1077 1078 1079]] [72 [1080 1081 1082 1083 1084 1085 1086 1087 1088 1089 1090 1091 1092 1093 1094]] [73 [1095 1096 1097 1098 1099 1100 1101 1102 1103 1104 1105 1106 1107 1108 1109]] [74 [1110 1111 1112 1113 1114 1115 1116 1117 1118 1119 1120 1121 1122 1123 1124]] [75 [1125 1126 1127 1128 1129 1130 1131 1132 1133 1134 1135 1136 1137 1138 1139]] [76 [1140 1141 1142 1143 1144 1145 1146 1147 1148 1149 1150 1151 1152 1153 1154]] [77 [1155 1156 1157 1159 1161 1162 1163 1164 1165 1166 1167 1168 1169]] [78 [1170 1171 1172 1173 1174 1175 1176 1177 1178 1179 1180 1181 1182 1183 1184]] [79 [1185 1186 1187 1188 1189 1190 1191 1192 1193 1194 1195 1196 1197 1198 1199]] [80 [1200 1201 1202 1203 1204 1205 1206 1207 1208 1209 1210 1211 1212 1213 1214]] [81 [1215 1216 1217 1218 1219 1220 1221 1222 1223 1224 1225 1226 1227 1229]] [82 [1230 1231 1232 1233 1234 1235 1236 1237 1238 1239 1240 1241 1242 1243 1244]] [83 [1245 1246 1247 1248 1249 1250 1251 1252 1253 1254 1255 1256 1257 1258 1259]] [84 [1260 1262 1263 1264 1265 1266 1267 1269 1270 1271 1272 1273 1274]] [85 [1275 1276 1277 1278 1279 1280 1281 1282 1283 1284 1285 1286 1287 1288 1289]] [86 [1290 1291 1292 1293 1294 1295 1296 1297 1299 1300 1301 1302 1303 1304]] [87 [1305 1306 1307 1308 1309 1310 1311 1312 1313 1314 1315 1316 1317 1318 1319]] [88 [1320 1321 1322 1323 1324 1325 1326 1327 1328 1329 1330 1331 1332 1333 1334]] [89 [1335 1336 1337 1338 1339 1340 1341 1342 1343 1344 1345 1346 1347 1348 1349]] [90 [1350 1351 1352 1353 1354 1355 1356 1357 1358 1359 1360 1361 1362 1363 1364]] [91 [1365 1366 1367 1368 1369 1370 1371 1372 1373 1374 1375 1376 1377 1378 1379]] [92 [1380 1381 1382 1383 1384 1385 1386 1387 1388 1389 1390 1391 1392 1393 1394]] [93 [1395 1396 1397 1398 1399 1400 1401 1402 1403 1404 1405 1406 1407 1408 1409]] [94 [1410 1411 1412 1413 1414 1415 1416 1417 1418 1419 1420 1421 1422 1423 1424]] [95 [1425 1426 1427 1428 1429 1430 1431 1432 1433 1434 1435 1436 1437 1438 1439]] [96 [1440 1441 1442 1443 1444 1445 1446 1447 1448 1449 1450 1451 1452 1453 1454]] [97 [1455 1456 1457 1458 1459 1461 1462 1463 1464 1465 1466 1467 1468 1469]] [98 [1470 1471 1472 1473 1474 1475 1476 1477 1478 1479 1480 1481 1482 1483 1484]] [99 [1485 1486 1487 1488 1489 1491 1492 1493 1494 1495 1496 1497 1498 1499]]]","[[0 [0 1 2 3 4 6 7 8 9 11 12 13 14]] [1 [15 16 17 18 19 20 21 22 23 25 26 28 29]] [2 [31 33 34 35 36 37 38 40 41 42 43 44]] [3 [45 46 47 48 49 50 51 52 54 56 57 58 59]] [4 [61 62 63 64 65 66 67 68 69 70 71 72 73 74]] [5 [75 76 77 78 80 83 84 86 87 88 89]] [6 [90 92 94 95 97 98 99 100 102 103 104]] [7 [105 106 107 108 109 110 111 113 115 117 118 119]] [8 [122 123 124 125 126 127 128 131 132 133]] [9 [135 136 137 140 141 142 143 144 145 146 147 148 149]] [10 [150 151 152 154 156 157 158 159 160 161 164]] [11 [165 167 168 170 171 172 173 174 177 178 179]] [12 [180 181 182 183 186 187 188 189 190 191 192 193 194]] [13 [195 198 199 200 201 202 203 204 205 207 208 209]] [14 [210 212 214 215 216 217 219 220 221 222 223 224]] [15 [225 226 227 228 229 230 231 232 233 234 236 238 239]] [16 [240 241 242 243 244 245 247 248 252 253 254]] [17 [255 256 257 258 259 260 262 263 264 265 266 267 268]] [18 [270 271 274 275 277 278 279 281 282 284]] [19 [285 286 289 290 291 292 293 294 295 296 297 298 299]] [20 [301 302 303 304 305 306 307 309 310 311 312 313 314]] [21 [316 317 318 319 320 321 325 326 327 328 329]] [22 [330 331 332 333 334 336 337 339 340 341 342 343 344]] [23 [345 346 348 349 350 351 355 356 357 358 359]] [24 [360 361 362 363 364 367 368 369 370 371 372 373]] [25 [376 377 378 379 380 381 382 383 384 385 386 387 388 389]] [26 [390 391 392 393 395 396 397 398 399 400 402]] [27 [406 407 408 409 410 411 412 413 414 415 416 417 418]] [28 [420 421 422 423 424 425 426 427 429 430 431 432 433 434]] [29 [435 436 437 439 440 441 442 443 444 445 446 447 448]] [30 [450 451 452 453 456 457 458 459 460 461 462 464]] [31 [465 466 467 468 469 470 471 472 473 474 475 477]] [32 [480 481 482 484 485 486 487 488 489 490 492 493 494]] [33 [495 496 498 499 501 502 503 504 505 506 507 508]] [34 [510 511 512 513 514 515 516 517 520 521 523]] [35 [525 526 527 528 529 533 534 536 537 538 539]] [36 [541 542 543 544 546 547 548 549 550 551 552 553 554]] [37 [555 556 557 558 560 561 563 564 565 566 567 568 569]] [38 [570 571 572 573 574 575 577 578 579 581 582 583 584]] [39 [585 586 587 588 589 590 591 592 593 594 596 597 598 599]] [40 [600 601 602 603 604 605 607 608 609 610 613 614]] [41 [615 616 617 618 619 620 622 623 625 626 627 629]] [42 [630 632 633 634 635 636 637 639 640 642 643 644]] [43 [647 648 650 651 652 653 654 656 657 658 659]] [44 [660 661 663 665 666 667 668 669 670 671 672 673 674]] [45 [675 676 677 678 679 680 681 682 684 685 686 687 688 689]] [46 [690 691 692 693 694 695 696 697 698 699 700 701 702 703 704]] [47 [707 708 711 712 713 715 716 717 718 719]] [48 [720 721 722 724 726 729 730 731 732 733 734]] [49 [735 736 737 738 739 740 741 742 743 744 745 746 748]] [50 [750 751 752 753 754 755 757 759 760 761 762 763 764]] [51 [765 767 773 774 775 776 777 778 779]] [52 [780 781 782 784 785 786 787 788 789 790 791 792 793 794]] [53 [795 796 797 798 799 800 801 802 803 804 805 806 807 808 809]] [54 [810 812 813 814 815 816 817 818 819 821 822 824]] [55 [825 826 828 829 830 831 832 833 834 836 837 838 839]] [56 [840 843 844 845 846 847 848 849 850 851 852 853]] [57 [855 857 858 859 860 861 862 863 864 865 866 867 868 869]] [58 [870 871 872 873 874 876 879 880 881 882 884]] [59 [885 886 887 888 889 890 891 892 893 895 896 898]] [60 [900 901 902 903 904 905 906 907 908 909 910 911 913]] [61 [915 916 917 918 919 920 921 922 924 925 926 927]] [62 [930 931 932 933 934 935 936 937 938 939 943]] [63 [945 947 948 949 950 951 952 954 955 957 958 959]] [64 [960 962 963 964 965 967 969 970 973 974]] [65 [975 976 977 978 979 980 981 985 986 987 988 989]] [66 [990 991 992 993 994 996 997 998 999 1002 1003 1004]] [67 [1005 1006 1007 1008 1009 1010 1011 1012 1013 1014 1015 1016 1018 1019]] [68 [1020 1022 1023 1024 1025 1026 1028 1029 1034]] [69 [1035 1036 1037 1038 1039 1040 1042 1043 1044 1046 1047 1048 1049]] [70 [1050 1051 1052 1053 1054 1055 1056 1057 1059 1060 1061 1062 1063 1064]] [71 [1065 1066 1067 1068 1069 1070 1072 1073 1074 1075 1076 1078]] [72 [1080 1081 1082 1084 1085 1087 1088 1089 1091 1092 1093 1094]] [73 [1095 1096 1097 1099 1100 1101 1102 1104 1105 1106 1107 1108 1109]] [74 [1110 1111 1112 1115 1116 1118 1119 1121 1122 1123 1124]] [75 [1125 1126 1127 1128 1129 1130 1131 1132 1133 1134 1136 1137 1138 1139]] [76 [1142 1143 1144 1145 1146 1147 1148 1149 1150 1153 1154]] [77 [1155 1156 1157 1159 1161 1162 1163 1164 1165 1167 1168]] [78 [1170 1171 1172 1173 1174 1175 1178 1179 1180 1181 1182 1183 1184]] [79 [1185 1186 1187 1188 1189 1190 1191 1192 1193 1194 1195 1196 1197 1198 1199]] [80 [1201 1202 1203 1204 1205 1206 1207 1208 1209 1211 1212 1214]] [81 [1218 1219 1220 1221 1222 1224 1225 1226 1227 1229]] [82 [1230 1231 1232 1233 1234 1235 1236 1237 1238 1239 1242 1243 1244]] [83 [1245 1246 1247 1249 1250 1251 1252 1254 1255 1256 1257 1258 1259]] [84 [1262 1263 1264 1265 1266 1267 1270 1271 1272 1273 1274]] [85 [1275 1276 1277 1278 1279 1281 1282 1283 1284 1286 1287 1288 1289]] [86 [1291 1292 1294 1295 1296 1297 1299 1300 1301]] [87 [1306 1307 1308 1309 1310 1311 1313 1315 1316 1317 1318 1319]] [88 [1320 1321 1325 1326 1327 1328 1329 1330 1331 1332 1333]] [89 [1335 1337 1338 1339 1340 1341 1342 1343 1344 1345 1347 1348 1349]] [90 [1350 1352 1353 1354 1357 1358 1359 1360 1361 1362 1364]] [91 [1365 1366 1367 1369 1370 1371 1372 1373 1374 1377 1378]] [92 [1382 1383 1384 1386 1387 1388 1389 1390 1391 1393 1394]] [93 [1395 1396 1397 1398 1399 1400 1401 1403 1404 1405 1406 1408 1409]] [94 [1410 1411 1412 1413 1414 1417 1418 1419 1420 1421 1422 1423 1424]] [95 [1425 1426 1427 1428 1429 1430 1433 1435 1436 1437 1438 1439]] [96 [1440 1443 1445 1446 1448 1449 1450 1451 1452 1453 1454]] [97 [1455 1457 1458 1459 1462 1463 1464 1465 1466 1467 1468 1469]] [98 [1470 1471 1472 1473 1475 1476 1477 1478 1479 1480 1482 1483 1484]] [99 [1485 1486 1488 1489 1491 1492 1494 1495 1496 1497 1498 1499]]]",,"[[{citizen 47} [[""A"" [4 2 2 4 3 3 3 3 4 5]]]] [{media 50} [[""A"" [4 4 4 4 4 4 4 4 4 4]]]] [{media 51} [[""A"" [3 3 3 3 3 3 3 3 3 3]]]] [{media 52} [[""A"" [4 4 4 4 4 4 4 4 4 4]]]] [{media 53} [[""A"" [3 3 3 3 3 3 3 3 3 3]]]] [{media 54} [[""A"" [4 4 4 4 4 4 4 4 4 4]]]] [{media 55} [[""A"" [5 5 5 5 5 5 5 5 5 5]]]] [{media 56} [[""A"" [3 3 3 3 3 3 3 3 3 3]]]] [{media 57} [[""A"" [3 3 3 3 3 3 3 3 3 3]]]] [{media 58} [[""A"" [4 4 4 4 4 4 4 4 4 4]]]] [{media 59} [[""A"" [2 2 2 2 2 2 2 2 2 2]]]] [{media 60} [[""A"" [5 5 5 5 5 5 5 5 5 5]]]] [{media 61} [[""A"" [3 3 3 3 3 3 3 3 3 3]]]] [{media 62} [[""A"" [2 2 2 2 2 2 2 2 2 2]]]] [{media 63} [[""A"" [4 4 4 4 4 4 4 4 4 4]]]] [{media 64} [[""A"" [2 2 2 2 2 2 2 2 2 2]]]] [{citizen 11} [[""A"" [5 2 2 2 3 4 2 3 4 5]]]] [{citizen 31} [[""A"" [3 2 2 4 3 3 3 4 2 3]]]] [{citizen 0} [[""A"" [4 4 3 3 4 3 3 3 3 5]]]] [{citizen 7} [[""A"" [4 5 4 5 3 2 4 3 4 5]]]] [{citizen 8} [[""A"" [4 4 3 3 3 3 3 4 3 5]]]] [{citizen 13} [[""A"" [4 3 2 2 3 3 3 2 3 4]]]] [{citizen 19} [[""A"" [4 3 2 2 3 3 3 4 4 5]]]] [{citizen 4} [[""A"" [2 3 4 3 2 3 3 3 4 4]]]] [{citizen 5} [[""A"" [3 4 5 3 3 2 3 3 3 3]]]] [{citizen 17} [[""A"" [4 3 2 3 3 3 2 3 5 4]]]] [{citizen 3} [[""A"" [4 5 5 3 2 3 3 3 4 5]]]] [{citizen 2} [[""A"" [4 4 3 4 2 3 3 3 2 5]]]] [{citizen 21} [[""A"" [4 2 2 2 4 3 3 3 4 5]]]] [{citizen 28} [[""A"" [4 4 2 3 4 4 2 2 3 3]]]] [{citizen 38} [[""A"" [3 4 4 5 2 3 3 2 5 4]]]] [{citizen 1} [[""A"" [4 3 4 5 2 3 3 3 3 4]]]] [{citizen 44} [[""A"" [2 3 4 5 3 2 3 3 3 5]]]] [{citizen 22} [[""A"" [3 4 4 3 4 3 2 3 3 4]]]] [{citizen 49} [[""A"" [4 3 4 3 2 3 3 3 4 5]]]] [{citizen 12} [[""A"" [5 2 2 3 3 3 3 4 3 5]]]] [{citizen 36} [[""A"" [4 2 2 3 3 3 4 3 4 5]]]] [{citizen 10} [[""A"" [2 3 5 3 2 2 3 3 3 5]]]] [{citizen 37} [[""A"" [5 3 2 2 3 3 4 3 4 5]]]] [{citizen 41} [[""A"" [3 4 5 4 2 3 3 4 2 3]]]] [{citizen 43} [[""A"" [4 3 3 2 3 3 3 4 3 4]]]] [{citizen 45} [[""A"" [2 3 5 4 2 3 3 3 4 4]]]] [{citizen 9} [[""A"" [4 3 2 2 4 3 3 2 3 4]]]] [{citizen 33} [[""A"" [3 2 2 2 4 3 3 2 4 5]]]] [{citizen 30} [[""A"" [3 4 3 2 2 3 3 3 4 5]]]] [{citizen 42} [[""A"" [2 2 4 3 3 3 4 3 4 5]]]] [{citizen 25} [[""A"" [2 3 4 4 3 3 3 3 3 3]]]] [{citizen 6} [[""A"" [4 4 3 2 4 3 3 3 2 5]]]] [{citizen 15} [[""A"" [3 2 2 2 4 3 3 2 4 5]]]] [{citizen 46} [[""A"" [4 4 3 2 3 3 3 3 4 5]]]] [{citizen 24} [[""A"" [4 5 3 2 2 3 3 3 4 5]]]] [{citizen 32} [[""A"" [3 4 4 5 2 4 3 3 4 5]]]] [{citizen 20} [[""A"" [4 3 2 4 3 3 3 3 4 5]]]] [{citizen 27} [[""A"" [2 3 4 4 3 3 3 3 3 4]]]] [{citizen 23} [[""A"" [3 4 5 2 4 3 3 2 3 5]]]] [{citizen 14} [[""A"" [3 4 4 3 2 2 4 3 3 4]]]] [{citizen 35} [[""A"" [4 3 3 2 2 4 3 3 4 5]]]] [{citizen 48} [[""A"" [3 2 4 3 3 3 3 4 5 4]]]] [{citizen 18} [[""A"" [3 4 4 3 2 2 3 3 3 3]]]] [{citizen 16} [[""A"" [4 4 5 4 3 3 3 3 4 5]]]] [{citizen 26} [[""A"" [3 3 3 2 2 3 3 3 4 5]]]] [{citizen 29} [[""A"" [4 4 2 2 3 3 3 2 3 5]]]] [{citizen 34} [[""A"" [2 4 3 3 3 3 2 3 4 5]]]] [{citizen 40} [[""A"" [4 4 3 4 4 3 3 3 3 4]]]]]"
"40","[85 0 170]","142.80612244897958","8.394009892501092","-10.84066701802538","""circle""","""""","9.9","{breed citizens}","false","0.5","1","""up""",,"[[""ID"" 40] [""alpha"" 1] [""beta"" 1] [""malleable"" [""A""]] [""prior"" []] [""cont_tokens"" []] [""A"" 4]]","[[0 [0 1 2 3 4 5 6 7 8 9 10 11 12 13 14]] [1 [15 16 17 18 19 20 21 22 23 25 26 28 29]] [2 [30 31 32 33 34 35 36 37 38 39 40 41 42 43 44]] [3 [45 46 47 48 49 50 51 52 53 54 55 56 57 58 59]] [4 [60 61 62 63 64 65 66 67 68 69 70 71 72 73 74]] [5 [75 76 77 78 80 83 84 85 86 87 88 89]] [6 [90 91 92 93 94 95 96 97 98 99 100 101 102 103 104]] [7 [105 106 107 108 109 110 111 112 113 114 115 116 117 118 119]] [8 [120 121 122 123 124 125 126 127 128 129 130 131 132 133 134]] [9 [135 136 137 138 139 140 141 142 143 144 145 146 147 148 149]] [10 [150 151 152 153 154 155 156 157 158 159 160 161 162 163 164]] [11 [165 166 167 168 169 170 171 172 173 174 175 176 177 178 179]] [12 [180 181 182 183 184 185 186 187 188 189 190 191 192 193 194]] [13 [195 196 197 198 199 200 201 202 203 204 205 206 207 208 209]] [14 [210 211 212 213 214 215 216 217 218 219 220 221 222 223 224]] [15 [225 226 227 228 229 230 231 232 233 234 235 236 237 238 239]] [16 [240 241 242 243 244 245 246 247 248 249 250 251 252 253 254]] [17 [255 256 257 258 259 260 261 262 263 264 265 266 267 268 269]] [18 [270 271 272 273 274 275 276 277 278 279 280 281 282 283 284]] [19 [285 286 287 288 289 290 291 292 293 294 295 296 297 298 299]] [20 [300 301 302 303 304 305 306 307 309 310 311 312 313 314]] [21 [315 316 317 318 319 320 321 322 323 324 325 326 327 328 329]] [22 [330 331 332 333 334 335 336 337 338 339 340 341 342 343 344]] [23 [345 346 347 348 349 350 351 352 353 354 355 356 357 358 359]] [24 [360 361 362 363 364 365 366 367 368 369 370 371 372 373 374]] [25 [375 376 377 378 379 380 381 382 383 384 385 386 387 388 389]] [26 [390 391 392 393 394 395 396 397 398 399 400 401 402 403 404]] [27 [405 406 407 408 409 410 411 412 413 414 415 416 417 418 419]] [28 [420 421 422 423 424 425 426 427 428 429 430 431 432 433 434]] [29 [435 436 437 438 439 440 441 442 443 444 445 446 447 448 449]] [30 [450 451 452 453 454 455 456 457 458 459 460 461 462 463 464]] [31 [465 466 467 468 469 470 471 472 473 474 475 476 477 478 479]] [32 [480 481 482 483 484 485 486 487 488 489 490 491 492 493 494]] [33 [495 496 497 498 499 500 501 502 503 504 505 506 507 508 509]] [34 [510 511 512 513 514 515 516 517 519 520 521 522 523 524]] [35 [525 526 527 528 529 530 531 532 533 534 535 536 537 538 539]] [36 [540 541 542 543 544 545 546 547 548 549 550 551 552 553 554]] [37 [555 556 557 558 559 560 561 562 563 564 565 566 567 568 569]] [38 [570 571 572 573 574 575 576 577 578 579 580 581 582 583 584]] [39 [585 586 587 588 589 590 591 592 593 594 595 596 597 598 599]] [40 [600 601 602 603 604 605 606 607 608 609 610 611 612 613 614]] [41 [615 616 617 618 619 620 621 622 623 624 625 626 627 628 629]] [42 [630 631 632 633 634 635 636 637 638 639 640 641 642 643 644]] [43 [645 646 647 648 649 650 651 652 653 654 655 656 657 658 659]] [44 [660 661 662 663 664 665 666 667 668 669 670 671 672 673 674]] [45 [675 676 677 678 679 680 681 682 683 684 685 686 687 688 689]] [46 [690 691 692 693 694 695 696 697 698 699 700 701 702 703 704]] [47 [705 706 707 708 709 710 711 712 713 714 715 716 717 718 719]] [48 [720 721 722 723 724 725 726 727 728 729 730 731 732 733 734]] [49 [735 736 737 738 739 740 741 742 743 744 745 746 747 748 749]] [50 [750 751 752 753 754 755 756 757 758 759 760 761 762 763 764]] [51 [765 766 767 768 769 770 771 772 773 774 775 776 777 778 779]] [52 [780 781 782 783 784 785 786 787 788 789 790 791 792 793 794]] [53 [795 796 797 798 799 800 801 802 803 804 805 806 807 808 809]] [54 [810 811 812 813 814 815 816 817 818 819 820 821 822 823 824]] [55 [825 826 827 828 829 830 831 832 833 834 835 836 837 838 839]] [56 [840 841 842 843 844 845 846 847 848 849 850 851 852 853 854]] [57 [855 856 857 858 859 860 861 862 863 864 865 866 867 868 869]] [58 [870 871 872 873 874 875 876 877 878 879 880 881 882 883 884]] [59 [885 886 887 888 889 890 891 892 893 894 895 896 897 898 899]] [60 [900 901 902 903 904 905 906 907 908 909 910 911 912 913 914]] [61 [915 916 917 918 919 920 921 922 923 924 925 926 927 928 929]] [62 [930 931 932 933 934 935 936 937 938 939 940 941 942 943 944]] [63 [945 946 947 948 949 950 951 952 953 954 955 956 957 958 959]] [64 [960 961 962 963 964 965 966 967 968 969 970 971 972 973 974]] [65 [975 976 977 978 979 980 981 984 985 986 987 988 989]] [66 [990 991 992 993 994 996 997 998 999 1000 1001 1002 1003 1004]] [67 [1005 1006 1007 1008 1009 1010 1011 1012 1013 1014 1015 1016 1017 1018 1019]] [68 [1020 1022 1023 1024 1025 1026 1027 1028 1029 1030 1031 1032 1034]] [69 [1035 1036 1037 1038 1039 1040 1041 1042 1043 1044 1045 1046 1047 1048 1049]] [70 [1050 1051 1052 1053 1054 1055 1056 1057 1058 1059 1060 1061 1062 1063 1064]] [71 [1065 1066 1067 1068 1069 1070 1071 1072 1073 1074 1075 1076 1077 1078 1079]] [72 [1080 1081 1082 1083 1084 1085 1086 1087 1088 1089 1090 1091 1092 1093 1094]] [73 [1095 1096 1097 1098 1099 1100 1101 1102 1103 1104 1105 1106 1107 1108 1109]] [74 [1110 1111 1112 1113 1114 1115 1116 1117 1118 1119 1120 1121 1122 1123 1124]] [75 [1125 1126 1127 1128 1129 1130 1131 1132 1133 1134 1135 1136 1137 1138 1139]] [76 [1140 1141 1142 1143 1144 1145 1146 1147 1148 1149 1150 1151 1152 1153 1154]] [77 [1155 1156 1157 1159 1161 1162 1163 1164 1165 1166 1167 1168 1169]] [78 [1170 1171 1172 1173 1174 1175 1176 1177 1178 1179 1180 1181 1182 1183 1184]] [79 [1185 1186 1187 1188 1189 1190 1191 1192 1193 1194 1195 1196 1197 1198 1199]] [80 [1200 1201 1202 1203 1204 1205 1206 1207 1208 1209 1210 1211 1212 1213 1214]] [81 [1215 1216 1217 1218 1219 1220 1221 1222 1223 1224 1225 1226 1227 1229]] [82 [1230 1231 1232 1233 1234 1235 1236 1237 1238 1239 1240 1241 1242 1243 1244]] [83 [1245 1246 1247 1248 1249 1250 1251 1252 1253 1254 1255 1256 1257 1258 1259]] [84 [1260 1262 1263 1264 1265 1266 1267 1269 1270 1271 1272 1273 1274]] [85 [1275 1276 1277 1278 1279 1280 1281 1282 1283 1284 1285 1286 1287 1288 1289]] [86 [1290 1291 1292 1293 1294 1295 1296 1297 1299 1300 1301 1302 1303 1304]] [87 [1305 1306 1307 1308 1309 1310 1311 1312 1313 1314 1315 1316 1317 1318 1319]] [88 [1320 1321 1322 1323 1324 1325 1326 1327 1328 1329 1330 1331 1332 1333 1334]] [89 [1335 1336 1337 1338 1339 1340 1341 1342 1343 1344 1345 1346 1347 1348 1349]] [90 [1350 1351 1352 1353 1354 1355 1356 1357 1358 1359 1360 1361 1362 1363 1364]] [91 [1365 1366 1367 1368 1369 1370 1371 1372 1373 1374 1375 1376 1377 1378 1379]] [92 [1380 1381 1382 1383 1384 1385 1386 1387 1388 1389 1390 1391 1392 1393 1394]] [93 [1395 1396 1397 1398 1399 1400 1401 1402 1403 1404 1405 1406 1407 1408 1409]] [94 [1410 1411 1412 1413 1414 1415 1416 1417 1418 1419 1420 1421 1422 1423 1424]] [95 [1425 1426 1427 1428 1429 1430 1431 1432 1433 1434 1435 1436 1437 1438 1439]] [96 [1440 1441 1442 1443 1444 1445 1446 1447 1448 1449 1450 1451 1452 1453 1454]] [97 [1455 1456 1457 1458 1459 1461 1462 1463 1464 1465 1466 1467 1468 1469]] [98 [1470 1471 1472 1473 1474 1475 1476 1477 1478 1479 1480 1481 1482 1483 1484]] [99 [1485 1486 1487 1488 1489 1491 1492 1493 1494 1495 1496 1497 1498 1499]]]","[[0 [0 1 2 3 4 6 7 8 9 10 11 12 13 14]] [1 [15 16 17 18 19 20 21 22 23 25 26 28 29]] [2 [31 33 34 35 36 37 38 39 41 42 43 44]] [3 [45 46 47 48 49 50 51 52 54 55 58]] [4 [60 62 63 64 65 66 67 68 69 70 71 73 74]] [5 [75 76 77 78 80 83 84 86 87 88 89]] [6 [90 91 92 93 94 95 97 98 99 100 102 103 104]] [7 [105 106 107 108 109 110 112 113 114 116 117 118]] [8 [120 121 122 123 124 125 126 127 128 131 132 134]] [9 [135 136 137 139 142 143 144 145 146 147 148 149]] [10 [150 151 153 154 156 157 158 159 161 163 164]] [11 [165 167 168 169 170 171 172 173 174 175 176 179]] [12 [180 181 182 183 185 186 187 188 189 190 191 193 194]] [13 [195 197 198 199 200 201 202 206 207 208 209]] [14 [211 212 213 214 215 216 217 218 219 220 223 224]] [15 [225 226 227 228 230 231 232 233 235 237 238]] [16 [240 241 242 244 245 247 248 252 253 254]] [17 [255 256 257 258 259 260 262 263 264 265 266 268]] [18 [270 271 272 273 275 277 278 279 280 281 282 283 284]] [19 [285 287 288 289 290 291 292 293 294 297 298 299]] [20 [300 301 302 303 304 305 306 307 309 310 313 314]] [21 [316 317 318 319 320 321 324 325 326 327 328 329]] [22 [330 331 332 333 334 336 337 339 340 341 342 343]] [23 [346 347 348 350 351 355 356 357 358 359]] [24 [360 361 362 363 364 367 368 370 372 373 374]] [25 [375 377 378 379 381 382 383 384 385 386 387 388 389]] [26 [391 392 393 394 396 397 398 399 400 401 402 403 404]] [27 [405 406 407 408 409 410 411 413 414 415 416 417 418 419]] [28 [420 421 422 423 424 425 426 427 429 430 431 432 433 434]] [29 [435 436 437 439 440 441 442 443 444 445 446 447 448]] [30 [450 451 452 453 454 455 457 458 459 461 462 464]] [31 [465 466 468 469 470 471 472 473 476 478 479]] [32 [483 484 485 486 487 490 492 493 494]] [33 [495 496 498 499 500 501 502 503 504 505 506 507 508]] [34 [510 511 512 513 514 515 516 517 520 521 522 523]] [35 [525 526 527 528 529 531 532 533 534 536 538]] [36 [540 541 542 543 544 546 547 548 549 550 551 552 553 554]] [37 [555 556 557 558 560 561 563 564 565 566]] [38 [571 573 574 575 576 577 578 579 581 582 583 584]] [39 [585 586 587 588 589 590 591 592 593 594 595 598 599]] [40 [600 601 604 605 607 608 609 610 611 612 613 614]] [41 [615 616 617 618 619 620 623 625 626 627 628 629]] [42 [630 632 633 634 635 636 637 639 640 641 642 643]] [43 [645 646 648 649 651 652 653 654 656 657 658 659]] [44 [660 661 662 663 665 666 667 669 670 671 672 674]] [45 [675 676 677 678 679 680 681 682 684 685 686 687 688 689]] [46 [690 691 692 693 694 695 696 697 699 700 701 702 703 704]] [47 [706 707 708 711 712 713 714 715 716 717 718 719]] [48 [720 721 722 723 725 727 728 730 731 732 733 734]] [49 [735 736 737 738 739 740 741 742 743 744 745 746 747 749]] [50 [750 752 753 754 755 756 757 759 760 761 762 763 764]] [51 [765 766 767 773 774 775 776 777 778 779]] [52 [780 781 782 784 785 786 789 790 791 792 793 794]] [53 [795 796 797 798 799 800 801 802 803 804 805 806 807 808 809]] [54 [810 811 812 813 815 817 819 820 821 822 824]] [55 [825 826 827 829 830 831 832 833 835 836 837 838 839]] [56 [841 842 843 844 845 847 848 849 850 851 852 853 854]] [57 [855 856 857 858 859 861 862 863 864 865 866 867 868 869]] [58 [870 871 872 873 874 875 877 878 880 881 882 883]] [59 [885 886 887 888 889 890 891 892 893 896 898]] [60 [900 901 902 903 904 905 906 907 908 909 910 911 912 914]] [61 [915 916 917 919 920 921 922 924 925 926 928 929]] [62 [930 931 932 933 934 935 936 937 938 939 943]] [63 [945 947 948 949 950 951 952 953 954 955 956 957 958 959]] [64 [960 962 963 964 965 966 967 968 969 970 971 972 973 974]] [65 [975 976 977 978 979 980 981 984 985 986 988 989]] [66 [991 992 993 994 996 998 999 1000 1001 1002 1003 1004]] [67 [1005 1006 1007 1008 1009 1010 1011 1013 1014 1015 1016 1018 1019]] [68 [1020 1022 1023 1024 1025 1026 1030 1031 1032 1034]] [69 [1035 1036 1037 1039 1040 1042 1043 1044 1045 1048 1049]] [70 [1050 1051 1052 1053 1054 1055 1056 1057 1058 1064]] [71 [1065 1066 1067 1068 1069 1070 1072 1073 1074 1075 1077 1078]] [72 [1080 1081 1082 1084 1085 1090 1091 1092 1093 1094]] [73 [1095 1096 1097 1098 1100 1101 1103 1104 1105 1106 1107 1108 1109]] [74 [1110 1111 1112 1115 1116 1117 1118 1119 1120 1121 1122 1123 1124]] [75 [1125 1126 1127 1128 1129 1130 1131 1132 1133 1134 1135 1136 1137 1138 1139]] [76 [1142 1143 1144 1145 1146 1147 1148 1149 1150 1152 1153 1154]] [77 [1156 1157 1159 1161 1162 1163 1164 1165 1166 1167 1168 1169]] [78 [1170 1171 1172 1173 1174 1175 1178 1179 1180 1182 1183 1184]] [79 [1185 1186 1187 1188 1189 1190 1192 1193 1194 1198 1199]] [80 [1200 1201 1202 1203 1205 1206 1207 1208 1209 1210 1211 1212 1214]] [81 [1215 1216 1217 1220 1221 1222 1223 1224 1225 1226 1227 1229]] [82 [1230 1231 1232 1233 1234 1235 1236 1237 1238 1239 1242 1243]] [83 [1245 1246 1247 1248 1250 1251 1252 1253 1254 1255 1256 1257 1258 1259]] [84 [1260 1263 1264 1265 1266 1267 1269 1270 1271 1272 1273 1274]] [85 [1275 1276 1277 1278 1279 1280 1281 1282 1283 1284 1285 1286 1287 1288 1289]] [86 [1291 1292 1294 1295 1296 1299 1300 1301 1304]] [87 [1305 1309 1310 1311 1313 1315 1316 1317 1318 1319]] [88 [1320 1321 1322 1323 1324 1327 1328 1329 1330 1331 1332 1333]] [89 [1335 1341 1342 1343 1346 1347 1348 1349]] [90 [1350 1352 1353 1354 1355 1356 1357 1358 1359 1360 1361 1362 1364]] [91 [1365 1366 1367 1369 1370 1371 1372 1373 1374 1376 1377 1378]] [92 [1380 1381 1382 1383 1384 1386 1387 1389 1390 1391 1392 1393 1394]] [93 [1395 1396 1397 1398 1399 1400 1401 1403 1404 1406 1408 1409]] [94 [1410 1412 1413 1415 1416 1417 1418 1419 1420 1421 1422 1423 1424]] [95 [1425 1426 1428 1429 1430 1432 1433 1434 1437 1438 1439]] [96 [1440 1441 1442 1444 1445 1446 1447 1448 1449 1451 1452 1453 1454]] [97 [1455 1456 1457 1458 1459 1462 1463 1464 1465 1466 1467 1469]] [98 [1470 1471 1472 1474 1475 1476 1477 1478 1479 1480 1482 1483 1484]] [99 [1485 1486 1488 1489 1491 1492 1493 1494 1496 1497 1498 1499]]]",,"[[{citizen 46} [[""A"" [2 2 3 3 3 4 3 4 4 5]]]] [{media 50} [[""A"" [4 4 4 4 4 4 4 4 4 4]]]] [{media 51} [[""A"" [3 3 3 3 3 3 3 3 3 3]]]] [{media 52} [[""A"" [4 4 4 4 4 4 4 4 4 4]]]] [{media 53} [[""A"" [3 3 3 3 3 3 3 3 3 3]]]] [{media 54} [[""A"" [4 4 4 4 4 4 4 4 4 4]]]] [{media 55} [[""A"" [5 5 5 5 5 5 5 5 5 5]]]] [{media 56} [[""A"" [3 3 3 3 3 3 3 3 3 3]]]] [{media 57} [[""A"" [3 3 3 3 3 3 3 3 3 3]]]] [{media 58} [[""A"" [4 4 4 4 4 4 4 4 4 4]]]] [{media 59} [[""A"" [2 2 2 2 2 2 2 2 2 2]]]] [{media 60} [[""A"" [5 5 5 5 5 5 5 5 5 5]]]] [{media 61} [[""A"" [3 3 3 3 3 3 3 3 3 3]]]] [{media 62} [[""A"" [2 2 2 2 2 2 2 2 2 2]]]] [{media 63} [[""A"" [4 4 4 4 4 4 4 4 4 4]]]] [{media 64} [[""A"" [2 2 2 2 2 2 2 2 2 2]]]] [{citizen 10} [[""A"" [5 3 2 2 3 3 4 3 4 5]]]] [{citizen 11} [[""A"" [4 2 2 2 3 3 4 4 4 5]]]] [{citizen 0} [[""A"" [2 2 4 3 3 3 4 3 4 5]]]] [{citizen 1} [[""A"" [4 5 2 2 3 3 3 4 4 4]]]] [{citizen 6} [[""A"" [2 4 3 3 3 4 3 4 2 5]]]] [{citizen 4} [[""A"" [2 2 3 3 3 4 3 4 4 4]]]] [{citizen 2} [[""A"" [3 2 2 3 3 4 3 4 2 5]]]] [{citizen 13} [[""A"" [2 2 3 3 3 4 3 4 2 4]]]] [{citizen 21} [[""A"" [2 2 4 3 3 3 4 4 4 5]]]] [{citizen 7} [[""A"" [3 2 2 4 3 3 4 4 4 5]]]] [{citizen 31} [[""A"" [3 2 2 2 4 3 3 4 4 2]]]] [{citizen 39} [[""A"" [3 2 2 2 3 3 4 4 5 4]]]] [{citizen 5} [[""A"" [5 3 2 2 3 3 4 3 4 5]]]] [{citizen 44} [[""A"" [5 3 2 2 3 3 3 4 4 5]]]] [{citizen 28} [[""A"" [3 5 2 2 2 3 3 4 4 5]]]] [{citizen 24} [[""A"" [5 4 3 2 2 3 4 3 4 5]]]] [{citizen 37} [[""A"" [3 3 2 2 2 3 3 4 4 5]]]] [{citizen 17} [[""A"" [3 2 3 3 4 3 4 2 5 4]]]] [{citizen 30} [[""A"" [2 2 3 3 3 4 3 4 4 5]]]] [{citizen 3} [[""A"" [3 2 2 3 3 4 3 4 4 5]]]] [{citizen 27} [[""A"" [5 3 2 2 3 3 3 4 3 4]]]] [{citizen 12} [[""A"" [4 2 2 3 3 3 4 3 4 5]]]] [{citizen 16} [[""A"" [4 3 3 3 4 3 4 4 5 4]]]] [{citizen 49} [[""A"" [4 3 4 2 3 3 4 3 4 5]]]] [{citizen 8} [[""A"" [5 3 3 2 3 3 4 3 4 5]]]] [{citizen 22} [[""A"" [4 3 2 2 3 3 4 3 4 4]]]] [{citizen 33} [[""A"" [3 2 2 2 4 3 4 2 4 5]]]] [{citizen 35} [[""A"" [3 3 2 2 4 3 4 4 4 5]]]] [{citizen 19} [[""A"" [2 2 2 3 3 4 3 4 4 5]]]] [{citizen 25} [[""A"" [5 4 3 3 2 3 3 4 3 4]]]] [{citizen 9} [[""A"" [2 2 4 3 3 4 3 4 2 4]]]] [{citizen 41} [[""A"" [2 3 5 4 2 2 3 4 4 2]]]] [{citizen 38} [[""A"" [5 4 2 3 4 3 4 2 5 4]]]] [{citizen 36} [[""A"" [4 2 2 2 3 3 4 3 4 5]]]] [{citizen 47} [[""A"" [2 2 2 4 3 3 4 3 4 5]]]] [{citizen 43} [[""A"" [2 2 2 3 3 4 3 4 4 5]]]] [{citizen 45} [[""A"" [4 2 2 3 4 3 4 3 4 4]]]] [{citizen 42} [[""A"" [2 2 4 3 3 4 3 4 4 5]]]] [{citizen 15} [[""A"" [2 2 2 4 3 4 3 4 4 5]]]] [{citizen 32} [[""A"" [2 4 3 3 3 4 3 4 4 5]]]] [{citizen 23} [[""A"" [2 2 4 3 3 4 3 4 2 5]]]] [{citizen 18} [[""A"" [4 3 4 3 2 2 2 3 3 4]]]] [{citizen 14} [[""A"" [2 2 2 4 3 3 3 4 4 4]]]] [{citizen 20} [[""A"" [2 4 3 3 3 4 3 4 4 5]]]] [{citizen 29} [[""A"" [4 2 2 3 3 3 4 3 4 5]]]] [{citizen 48} [[""A"" [2 4 3 3 4 3 4 4 5 4]]]] [{citizen 26} [[""A"" [3 3 2 2 3 4 3 4 4 5]]]] [{citizen 34} [[""A"" [2 4 3 3 3 4 3 4 2 5]]]]]"
"41","[85 0 170]","341.63265306122435","-1.7124418598044477","6.794732843372058","""circle""","""""","9.9","{breed citizens}","false","0.5","1","""up""",,"[[""ID"" 41] [""alpha"" 1] [""beta"" 1] [""malleable"" [""A""]] [""prior"" []] [""cont_tokens"" []] [""A"" 4]]","[[0 [0 1 2 3 4 5 6 7 8 9 10 11 12 13 14]] [1 [15 16 17 18 19 20 21 22 23 25 26 28 29]] [2 [30 31 32 33 34 35 36 37 38 39 40 41 42 43 44]] [3 [45 46 47 48 49 50 51 52 53 54 55 56 57 58 59]] [4 [60 61 62 63 64 65 66 67 68 69 70 71 72 73 74]] [5 [75 76 77 78 80 83 84 85 86 87 88 89]] [6 [90 91 92 93 94 95 96 97 98 99 100 101 102 103 104]] [7 [105 106 107 108 109 110 111 112 113 114 115 116 117 118 119]] [8 [120 121 122 123 124 125 126 127 128 129 130 131 132 133 134]] [9 [135 136 137 138 139 140 141 142 143 144 145 146 147 148 149]] [10 [150 151 152 153 154 155 156 157 158 159 160 161 162 163 164]] [11 [165 166 167 168 169 170 171 172 173 174 175 176 177 178 179]] [12 [180 181 182 183 184 185 186 187 188 189 190 191 192 193 194]] [13 [195 196 197 198 199 200 201 202 203 204 205 206 207 208 209]] [14 [210 211 212 213 214 215 216 217 218 219 220 221 222 223 224]] [15 [225 226 227 228 229 230 231 232 233 234 235 236 237 238 239]] [16 [240 241 242 243 244 245 246 247 248 249 250 251 252 253 254]] [17 [255 256 257 258 259 260 261 262 263 264 265 266 267 268 269]] [18 [270 271 272 273 274 275 276 277 278 279 280 281 282 283 284]] [19 [285 286 287 288 289 290 291 292 293 294 295 296 297 298 299]] [20 [300 301 302 303 304 305 306 307 309 310 311 312 313 314]] [21 [315 316 317 318 319 320 321 322 323 324 325 326 327 328 329]] [22 [330 331 332 333 334 335 336 337 338 339 340 341 342 343 344]] [23 [345 346 347 348 349 350 351 352 353 354 355 356 357 358 359]] [24 [360 361 362 363 364 365 366 367 368 369 370 371 372 373 374]] [25 [375 376 377 378 379 380 381 382 383 384 385 386 387 388 389]] [26 [390 391 392 393 394 395 396 397 398 399 400 401 402 403 404]] [27 [405 406 407 408 409 410 411 412 413 414 415 416 417 418 419]] [28 [420 421 422 423 424 425 426 427 428 429 430 431 432 433 434]] [29 [435 436 437 438 439 440 441 442 443 444 445 446 447 448 449]] [30 [450 451 452 453 454 455 456 457 458 459 460 461 462 463 464]] [31 [465 466 467 468 469 470 471 472 473 474 475 476 477 478 479]] [32 [480 481 482 483 484 485 486 487 488 489 490 491 492 493 494]] [33 [495 496 497 498 499 500 501 502 503 504 505 506 507 508 509]] [34 [510 511 512 513 514 515 516 517 519 520 521 522 523 524]] [35 [525 526 527 528 529 530 531 532 533 534 535 536 537 538 539]] [36 [540 541 542 543 544 545 546 547 548 549 550 551 552 553 554]] [37 [555 556 557 558 559 560 561 562 563 564 565 566 567 568 569]] [38 [570 571 572 573 574 575 576 577 578 579 580 581 582 583 584]] [39 [585 586 587 588 589 590 591 592 593 594 595 596 597 598 599]] [40 [600 601 602 603 604 605 606 607 608 609 610 611 612 613 614]] [41 [615 616 617 618 619 620 621 622 623 624 625 626 627 628 629]] [42 [630 631 632 633 634 635 636 637 638 639 640 641 642 643 644]] [43 [645 646 647 648 649 650 651 652 653 654 656 657 658 659]] [44 [660 661 662 663 664 665 666 667 668 669 670 671 672 673 674]] [45 [675 676 677 678 679 680 681 682 683 684 685 686 687 688 689]] [46 [690 691 692 693 694 695 696 697 698 699 700 701 702 703 704]] [47 [705 706 707 708 709 710 711 712 713 714 715 716 717 718 719]] [48 [720 721 722 723 724 725 726 727 728 729 730 731 732 733 734]] [49 [735 736 737 738 739 740 741 742 743 744 745 746 747 748 749]] [50 [750 751 752 753 754 755 756 757 758 759 760 761 762 763 764]] [51 [765 766 767 768 769 770 771 772 773 774 775 776 777 778 779]] [52 [780 781 782 783 784 785 786 787 788 789 790 791 792 793 794]] [53 [795 796 797 798 799 800 801 802 803 804 805 806 807 808 809]] [54 [810 811 812 813 814 815 816 817 818 819 820 821 822 823 824]] [55 [825 826 827 828 829 830 831 832 833 834 835 836 837 838 839]] [56 [840 841 842 843 844 845 846 847 848 849 850 851 852 853 854]] [57 [855 856 857 858 859 860 861 862 863 864 865 866 867 868 869]] [58 [870 871 872 873 874 875 876 877 878 879 880 881 882 883 884]] [59 [885 886 887 888 889 890 891 892 893 894 895 896 897 898 899]] [60 [900 901 902 903 904 905 906 907 908 909 910 911 912 913 914]] [61 [915 916 917 918 919 920 921 922 923 924 925 926 927 928 929]] [62 [930 931 932 933 934 935 936 937 938 939 940 941 942 943 944]] [63 [945 946 947 948 949 950 951 952 953 954 955 956 957 958 959]] [64 [960 961 962 963 964 965 966 967 968 969 970 971 972 973 974]] [65 [975 976 977 978 979 980 981 982 983 984 985 986 987 988 989]] [66 [990 991 992 993 994 996 997 998 999 1000 1001 1002 1003 1004]] [67 [1005 1006 1007 1008 1009 1010 1011 1012 1013 1014 1015 1016 1017 1018 1019]] [68 [1020 1022 1023 1024 1025 1026 1027 1028 1029 1030 1031 1032 1034]] [69 [1035 1036 1037 1038 1039 1040 1041 1042 1043 1044 1045 1046 1047 1048 1049]] [70 [1050 1051 1052 1053 1054 1055 1056 1057 1058 1059 1060 1061 1062 1063 1064]] [71 [1065 1066 1067 1068 1069 1070 1071 1072 1073 1074 1075 1076 1077 1078 1079]] [72 [1080 1081 1082 1083 1084 1085 1086 1087 1088 1089 1090 1091 1092 1093 1094]] [73 [1095 1096 1097 1098 1099 1100 1101 1102 1103 1104 1105 1106 1107 1108 1109]] [74 [1110 1111 1112 1113 1114 1115 1116 1117 1118 1119 1120 1121 1122 1123 1124]] [75 [1125 1126 1127 1128 1129 1130 1131 1132 1133 1134 1135 1136 1137 1138 1139]] [76 [1140 1141 1142 1143 1144 1145 1146 1147 1148 1149 1150 1151 1152 1153 1154]] [77 [1155 1156 1157 1159 1161 1162 1163 1164 1165 1166 1167 1168 1169]] [78 [1170 1171 1172 1173 1174 1175 1176 1177 1178 1179 1180 1181 1182 1183 1184]] [79 [1185 1186 1187 1188 1189 1190 1191 1192 1193 1194 1195 1196 1197 1198 1199]] [80 [1200 1201 1202 1203 1204 1205 1206 1207 1208 1209 1210 1211 1212 1213 1214]] [81 [1215 1216 1217 1218 1219 1220 1221 1222 1223 1224 1225 1226 1227 1228 1229]] [82 [1230 1231 1232 1233 1234 1235 1236 1237 1238 1239 1240 1241 1242 1243 1244]] [83 [1245 1246 1247 1248 1249 1250 1251 1252 1253 1254 1255 1256 1257 1258 1259]] [84 [1260 1262 1263 1264 1265 1266 1267 1269 1270 1271 1272 1273 1274]] [85 [1275 1276 1277 1278 1279 1280 1281 1282 1283 1284 1285 1286 1287 1288 1289]] [86 [1290 1291 1292 1293 1294 1295 1296 1297 1299 1300 1301 1302 1303 1304]] [87 [1305 1306 1307 1308 1309 1310 1311 1312 1313 1314 1315 1316 1317 1318 1319]] [88 [1320 1321 1322 1323 1324 1325 1326 1327 1328 1329 1330 1331 1332 1333 1334]] [89 [1335 1336 1337 1338 1339 1340 1341 1342 1343 1344 1345 1346 1347 1348 1349]] [90 [1350 1351 1352 1353 1354 1355 1356 1357 1358 1359 1360 1361 1362 1363 1364]] [91 [1365 1366 1367 1368 1369 1370 1371 1372 1373 1374 1375 1376 1377 1378 1379]] [92 [1380 1381 1382 1383 1384 1385 1386 1387 1388 1389 1390 1391 1392 1393 1394]] [93 [1395 1396 1397 1398 1399 1400 1401 1402 1403 1404 1405 1406 1407 1408 1409]] [94 [1410 1411 1412 1413 1414 1415 1416 1417 1418 1419 1420 1421 1422 1423 1424]] [95 [1425 1426 1427 1428 1429 1430 1431 1432 1433 1434 1435 1436 1437 1438 1439]] [96 [1440 1441 1442 1443 1444 1445 1446 1447 1448 1449 1450 1451 1452 1453 1454]] [97 [1455 1456 1457 1458 1459 1461 1462 1463 1464 1465 1466 1467 1468 1469]] [98 [1470 1471 1472 1473 1474 1475 1476 1477 1478 1479 1480 1481 1482 1483 1484]] [99 [1485 1486 1487 1488 1489 1491 1492 1493 1494 1495 1496 1497 1498 1499]]]","[[0 [1 2 3 4 6 7 8 9 10 11 12 13 14]] [1 [15 16 17 18 20 21 22 23 25 26 28 29]] [2 [31 33 34 35 37 38 40 41 42 43]] [3 [45 46 47 48 49 50 51 52 54 55 56 57 58 59]] [4 [61 62 63 64 65 66 67 68 69 70 71 73 74]] [5 [75 76 77 78 80 83 84 85 86 87 88 89]] [6 [90 91 93 94 95 98 99 100 102 103 104]] [7 [105 106 107 108 109 110 112 114 115 116 118]] [8 [120 121 122 123 124 125 126 127 128 131 132 133]] [9 [136 137 138 139 142 143 144 145 146 147 148 149]] [10 [150 151 153 154 155 157 158 159 160 162 163 164]] [11 [165 167 168 170 171 172 173 174 175 176 177 178 179]] [12 [180 181 182 183 186 187 188 189 190 191 193 194]] [13 [195 196 197 198 199 200 201 202 203 204 205 208 209]] [14 [210 215 216 217 218 219 220 221 222 223 224]] [15 [225 226 227 228 230 231 232 233 234 236 239]] [16 [240 241 242 244 245 246 247 248 252 253 254]] [17 [255 256 257 258 259 260 262 263 264 265 266 267 268 269]] [18 [270 271 274 276 277 278 279 280 283 284]] [19 [285 287 288 289 290 291 292 293 294 295 296 298 299]] [20 [300 302 303 304 305 306 310 311 312 313 314]] [21 [318 319 320 321 325 326 327 328 329]] [22 [330 331 332 333 334 336 337 338 339 340 341 342 343]] [23 [346 349 350 351 354 355 356 357 358 359]] [24 [360 361 362 363 364 365 366 367 368 369 370 371 372 373]] [25 [375 377 378 379 381 382 383 384 385 387 388 389]] [26 [390 391 392 393 394 396 397 398 399 400 401 402 403 404]] [27 [405 407 408 409 410 411 413 414 415 416 417 418]] [28 [421 422 423 424 425 426 427 429 430 431 432 433 434]] [29 [435 436 437 440 441 442 443 444 445 446 447 448 449]] [30 [450 451 452 453 454 455 457 458 459 460 461 462]] [31 [465 466 467 468 469 470 471 472 473 474 475 477]] [32 [481 482 485 486 487 488 489 490 491 492 493 494]] [33 [495 496 498 499 501 502 503 504 505 506 507 508]] [34 [510 511 512 513 514 515 516 517 520 521 522 523 524]] [35 [525 526 527 528 529 530 531 532 534 536 538 539]] [36 [540 541 542 543 544 545 547 548 549 550 551 552 553 554]] [37 [555 556 557 558 560 561 563 564 565 566 567 568 569]] [38 [570 571 573 574 575 576 578 579 581 582 583 584]] [39 [585 586 587 588 589 590 591 592 593 594 596 597 598 599]] [40 [600 601 602 603 604 605 607 608 609 610 611 612 614]] [41 [615 616 617 618 619 620 622 623 628 629]] [42 [630 632 633 634 635 636 637 639 640 642 643 644]] [43 [647 648 649 651 652 653 654 656 657 658 659]] [44 [660 661 662 663 665 666 667 668 669 670 671 672 674]] [45 [675 676 677 678 679 680 681 682 684 685 689]] [46 [690 691 692 693 694 695 696 697 700 701 702 703 704]] [47 [706 707 708 709 710 712 713 715 716 717 718 719]] [48 [720 721 722 724 725 726 728 729 730 731 732 733 734]] [49 [735 736 737 738 739 740 741 742 743 744 745 746 747 749]] [50 [751 753 754 755 756 757 759 760 761 762 763 764]] [51 [765 766 767 772 773 774 775 776 777 778 779]] [52 [780 781 782 784 785 786 789 790 791 792 793 794]] [53 [795 796 797 798 799 800 801 802 803 804 805 806 807 808 809]] [54 [810 811 812 813 814 815 816 817 820 821 823 824]] [55 [825 826 827 830 831 832 833 834 835 836 837 838 839]] [56 [840 841 842 845 846 847 848 849 850 851 852 853 854]] [57 [855 857 858 859 860 861 862 863 864 865 866 867 868 869]] [58 [870 871 872 873 874 875 877 878 879 880 881 882 883]] [59 [885 886 887 888 889 890 891 892 893 894 895 896 897 899]] [60 [901 902 903 904 905 906 907 908 909 910 911 912 914]] [61 [915 916 917 919 920 921 922 924 925 926 927 928 929]] [62 [931 932 933 934 935 936 937 938 939 943]] [63 [945 947 948 949 950 951 952 953 954 955 957 958 959]] [64 [960 961 962 963 964 965 967 968 969 970 971 972]] [65 [977 978 979 980 981 985 986 987 988 989]] [66 [991 992 993 994 996 997 998 999 1002 1003 1004]] [67 [1005 1006 1007 1008 1009 1010 1011 1012 1013 1014 1015 1016 1018 1019]] [68 [1020 1022 1023 1024 1025 1026 1028 1029 1030 1031 1032 1034]] [69 [1035 1036 1037 1038 1039 1040 1041 1042 1043 1044 1046 1047]] [70 [1053 1054 1055 1056 1057 1059 1060 1061 1062 1063]] [71 [1065 1066 1067 1068 1069 1070 1071 1074 1075 1077 1078 1079]] [72 [1081 1082 1083 1084 1085 1087 1088 1089 1090 1092 1093 1094]] [73 [1095 1096 1097 1099 1101 1103 1104 1105 1106 1107 1108 1109]] [74 [1110 1111 1112 1115 1116 1118 1119 1121 1122 1123 1124]] [75 [1125 1126 1127 1128 1129 1130 1131 1132 1133 1134 1136 1137 1138 1139]] [76 [1141 1142 1143 1144 1145 1146 1147 1148 1149 1150 1152 1153 1154]] [77 [1155 1156 1157 1159 1161 1162 1163 1164 1165 1166 1167 1168]] [78 [1170 1171 1172 1173 1174 1175 1177 1178 1179 1180 1181 1182 1183 1184]] [79 [1185 1186 1187 1189 1190 1191 1195 1196 1197 1198 1199]] [80 [1200 1201 1202 1203 1204 1205 1206 1207 1208 1209 1211 1213]] [81 [1215 1216 1217 1218 1219 1220 1221 1222 1224 1225 1226 1227 1229]] [82 [1230 1231 1232 1233 1234 1235 1237 1238 1239 1242 1243 1244]] [83 [1245 1246 1247 1248 1250 1251 1252 1254 1255 1256 1257 1258 1259]] [84 [1262 1263 1265 1266 1267 1270 1271 1272 1273 1274]] [85 [1275 1276 1277 1278 1279 1282 1283 1284 1285 1286 1287 1288 1289]] [86 [1290 1291 1292 1294 1295 1296 1297 1302 1303 1304]] [87 [1305 1307 1308 1309 1310 1311 1313 1315 1316 1317 1318 1319]] [88 [1320 1321 1323 1324 1326 1327 1328 1329 1330 1331 1333]] [89 [1335 1337 1338 1339 1340 1341 1342 1343 1346 1347 1348 1349]] [90 [1350 1351 1352 1353 1355 1356 1357 1358 1359 1360 1361 1362 1363]] [91 [1365 1366 1367 1368 1369 1370 1371 1372 1373 1374 1375 1376 1378]] [92 [1380 1381 1382 1383 1384 1386 1387 1389 1390 1391 1392 1393 1394]] [93 [1395 1396 1397 1398 1399 1400 1401 1402 1403 1404 1406 1407 1408 1409]] [94 [1410 1411 1412 1413 1414 1417 1418 1419 1420 1421 1422 1423 1424]] [95 [1425 1426 1427 1428 1429 1430 1432 1433 1434 1438 1439]] [96 [1440 1442 1444 1445 1446 1447 1448 1449 1451 1452 1453 1454]] [97 [1455 1457 1458 1459 1462 1463 1464 1465 1466 1467 1468 1469]] [98 [1470 1471 1472 1473 1474 1475 1476 1477 1478 1479 1481 1483 1484]] [99 [1485 1486 1488 1489 1491 1492 1493 1494 1495 1496 1497 1499]]]",,"[[{media 50} [[""A"" [4 4 4 4 4 4 4 4 4 4]]]] [{media 51} [[""A"" [3 3 3 3 3 3 3 3 3 3]]]] [{media 52} [[""A"" [4 4 4 4 4 4 4 4 4 4]]]] [{media 53} [[""A"" [3 3 3 3 3 3 3 3 3 3]]]] [{media 54} [[""A"" [4 4 4 4 4 4 4 4 4 4]]]] [{media 55} [[""A"" [5 5 5 5 5 5 5 5 5 5]]]] [{media 56} [[""A"" [3 3 3 3 3 3 3 3 3 3]]]] [{media 57} [[""A"" [3 3 3 3 3 3 3 3 3 3]]]] [{media 58} [[""A"" [4 4 4 4 4 4 4 4 4 4]]]] [{media 59} [[""A"" [2 2 2 2 2 2 2 2 2 2]]]] [{media 60} [[""A"" [5 5 5 5 5 5 5 5 5 5]]]] [{media 61} [[""A"" [3 3 3 3 3 3 3 3 3 3]]]] [{media 62} [[""A"" [2 2 2 2 2 2 2 2 2 2]]]] [{media 63} [[""A"" [4 4 4 4 4 4 4 4 4 4]]]] [{media 64} [[""A"" [2 2 2 2 2 2 2 2 2 2]]]] [{citizen 3} [[""A"" [2 5 3 2 2 3 3 3 4 5]]]] [{citizen 30} [[""A"" [4 3 2 2 3 3 3 3 4 5]]]] [{citizen 1} [[""A"" [4 4 3 2 2 3 3 3 3 4]]]] [{citizen 4} [[""A"" [4 3 2 2 3 3 3 3 4 4]]]] [{citizen 0} [[""A"" [3 3 2 2 4 3 3 3 3 5]]]] [{citizen 17} [[""A"" [4 4 4 3 2 3 3 3 5 4]]]] [{citizen 19} [[""A"" [4 3 2 2 2 3 3 3 4 5]]]] [{citizen 24} [[""A"" [4 4 5 3 2 2 3 3 4 5]]]] [{citizen 9} [[""A"" [3 3 2 2 4 3 3 3 2 4]]]] [{citizen 12} [[""A"" [4 3 5 3 2 3 3 3 3 5]]]] [{citizen 2} [[""A"" [4 4 3 2 2 3 3 3 4 5]]]] [{citizen 10} [[""A"" [4 2 3 3 2 2 3 3 3 5]]]] [{citizen 13} [[""A"" [2 4 3 2 2 3 3 3 2 4]]]] [{citizen 21} [[""A"" [4 3 2 2 4 3 3 3 4 5]]]] [{citizen 7} [[""A"" [5 3 2 2 2 4 3 3 4 5]]]] [{citizen 31} [[""A"" [5 5 3 2 2 4 3 3 4 2]]]] [{citizen 39} [[""A"" [3 3 2 2 3 3 4 4 5 4]]]] [{citizen 5} [[""A"" [5 3 3 2 2 2 3 3 3 5]]]] [{citizen 44} [[""A"" [4 4 3 2 2 3 3 3 4 5]]]] [{citizen 28} [[""A"" [3 4 3 2 2 2 3 3 5 4]]]] [{citizen 37} [[""A"" [5 3 2 2 2 3 3 4 4 5]]]] [{citizen 27} [[""A"" [2 3 4 3 2 3 3 3 3 4]]]] [{citizen 16} [[""A"" [4 5 4 3 3 3 3 4 5 4]]]] [{citizen 49} [[""A"" [4 4 3 2 3 3 3 3 4 5]]]] [{citizen 8} [[""A"" [4 3 4 3 3 2 3 3 3 5]]]] [{citizen 22} [[""A"" [3 4 3 2 2 2 3 3 3 4]]]] [{citizen 33} [[""A"" [4 4 3 2 2 2 4 3 4 5]]]] [{citizen 35} [[""A"" [2 4 3 4 3 2 2 4 4 5]]]] [{citizen 25} [[""A"" [4 4 4 2 4 3 3 2 3 3]]]] [{citizen 38} [[""A"" [4 3 5 3 2 3 3 2 5 4]]]] [{citizen 36} [[""A"" [4 3 2 2 3 3 3 4 5 4]]]] [{citizen 47} [[""A"" [3 2 2 2 4 3 3 3 4 5]]]] [{citizen 11} [[""A"" [4 3 5 2 2 2 3 3 4 5]]]] [{citizen 40} [[""A"" [3 3 2 3 3 3 3 4 5 4]]]] [{citizen 6} [[""A"" [3 2 2 4 3 3 3 4 3 5]]]] [{citizen 42} [[""A"" [3 2 2 4 3 3 3 4 4 5]]]] [{citizen 32} [[""A"" [3 2 2 4 3 3 3 3 4 5]]]] [{citizen 23} [[""A"" [4 5 2 2 4 3 3 3 2 5]]]] [{citizen 15} [[""A"" [5 3 2 2 2 4 3 3 4 5]]]] [{citizen 18} [[""A"" [4 2 2 3 4 2 2 2 3 3]]]] [{citizen 43} [[""A"" [5 3 2 2 3 3 3 4 4 5]]]] [{citizen 46} [[""A"" [4 3 2 2 3 3 3 3 4 5]]]] [{citizen 14} [[""A"" [4 3 2 2 2 4 3 3 3 4]]]] [{citizen 20} [[""A"" [3 2 2 4 3 3 3 3 4 5]]]] [{citizen 29} [[""A"" [4 4 4 3 2 3 3 3 3 5]]]] [{citizen 45} [[""A"" [4 2 3 2 2 3 3 3 4 4]]]] [{citizen 48} [[""A"" [3 3 2 4 3 3 3 4 5 4]]]] [{citizen 26} [[""A"" [3 4 3 3 2 2 3 3 4 5]]]] [{citizen 34} [[""A"" [3 2 2 4 3 3 3 3 4 5]]]]]"
"42","[85 0 170]","198.36734693877554","-3.868567458123346","-13.459733792385343","""circle""","""""","9.9","{breed citizens}","false","0.5","1","""up""",,"[[""ID"" 42] [""alpha"" 1] [""beta"" 1] [""malleable"" [""A""]] [""prior"" []] [""cont_tokens"" []] [""A"" 4]]","[[0 [0 1 2 3 4 5 6 7 8 9 10 11 12 13 14]] [1 [15 16 17 18 19 20 21 22 23 25 26 28 29]] [2 [30 31 32 33 34 35 36 37 38 39 40 41 42 43 44]] [3 [45 46 47 48 49 50 51 52 53 54 55 56 57 58 59]] [4 [60 61 62 63 64 65 66 67 68 69 70 71 72 73 74]] [5 [75 76 77 78 80 83 84 85 86 87 88 89]] [6 [90 91 92 93 94 95 96 97 98 99 100 101 102 103 104]] [7 [105 106 107 108 109 110 111 112 113 114 115 116 117 118 119]] [8 [120 121 122 123 124 125 126 127 128 129 130 131 132 133 134]] [9 [135 136 137 138 139 140 141 142 143 144 145 146 147 148 149]] [10 [150 151 152 153 154 155 156 157 158 159 160 161 162 163 164]] [11 [165 166 167 168 169 170 171 172 173 174 175 176 177 178 179]] [12 [180 181 182 183 184 185 186 187 188 189 190 191 192 193 194]] [13 [195 196 197 198 199 200 201 202 203 204 205 206 207 208 209]] [14 [210 211 212 213 214 215 216 217 218 219 220 221 222 223 224]] [15 [225 226 227 228 229 230 231 232 233 234 235 236 237 238 239]] [16 [240 241 242 243 244 245 246 247 248 249 250 251 252 253 254]] [17 [255 256 257 258 259 260 261 262 263 264 265 266 267 268 269]] [18 [270 271 272 273 274 275 276 277 278 279 280 281 282 283 284]] [19 [285 286 287 288 289 290 291 292 293 294 295 296 297 298 299]] [20 [300 301 302 303 304 305 306 307 309 310 311 312 313 314]] [21 [315 316 317 318 319 320 321 322 323 324 325 326 327 328 329]] [22 [330 331 332 333 334 335 336 337 338 339 340 341 342 343 344]] [23 [345 346 347 348 349 350 351 352 353 354 355 356 357 358 359]] [24 [360 361 362 363 364 365 366 367 368 369 370 371 372 373 374]] [25 [375 376 377 378 379 380 381 382 383 384 385 386 387 388 389]] [26 [390 391 392 393 394 395 396 397 398 399 400 401 402 403 404]] [27 [405 406 407 408 409 410 411 412 413 414 415 416 417 418 419]] [28 [420 421 422 423 424 425 426 427 428 429 430 431 432 433 434]] [29 [435 436 437 438 439 440 441 442 443 444 445 446 447 448 449]] [30 [450 451 452 453 454 455 456 457 458 459 460 461 462 463 464]] [31 [465 466 467 468 469 470 471 472 473 474 475 476 477 478 479]] [32 [480 481 482 483 484 485 486 487 488 489 490 491 492 493 494]] [33 [495 496 497 498 499 500 501 502 503 504 505 506 507 508 509]] [34 [510 511 512 513 514 515 516 517 519 520 521 522 523 524]] [35 [525 526 527 528 529 530 531 532 533 534 535 536 537 538 539]] [36 [540 541 542 543 544 545 546 547 548 549 550 551 552 553 554]] [37 [555 556 557 558 559 560 561 562 563 564 565 566 567 568 569]] [38 [570 571 572 573 574 575 576 577 578 579 580 581 582 583 584]] [39 [585 586 587 588 589 590 591 592 593 594 595 596 597 598 599]] [40 [600 601 602 603 604 605 606 607 608 609 610 611 612 613 614]] [41 [615 616 617 618 619 620 621 622 623 624 625 626 627 628 629]] [42 [630 631 632 633 634 635 636 637 638 639 640 641 642 643 644]] [43 [645 646 647 648 649 650 651 652 653 654 656 657 658 659]] [44 [660 661 662 663 664 665 666 667 668 669 670 671 672 673 674]] [45 [675 676 677 678 679 680 681 682 683 684 685 686 687 688 689]] [46 [690 691 692 693 694 695 696 697 698 699 700 701 702 703 704]] [47 [705 706 707 708 709 710 711 712 713 714 715 716 717 718 719]] [48 [720 721 722 723 724 725 726 727 728 729 730 731 732 733 734]] [49 [735 736 737 738 739 740 741 742 743 744 745 746 747 748 749]] [50 [750 751 752 753 754 755 756 757 758 759 760 761 762 763 764]] [51 [765 766 767 768 769 770 771 772 773 774 775 776 777 778 779]] [52 [780 781 782 783 784 785 786 787 788 789 790 791 792 793 794]] [53 [795 796 797 798 799 800 801 802 803 804 805 806 807 808 809]] [54 [810 811 812 813 814 815 816 817 818 819 820 821 822 823 824]] [55 [825 826 827 828 829 830 831 832 833 834 835 836 837 838 839]] [56 [840 841 842 843 844 845 846 847 848 849 850 851 852 853 854]] [57 [855 856 857 858 859 860 861 862 863 864 865 866 867 868 869]] [58 [870 871 872 873 874 875 876 877 878 879 880 881 882 883 884]] [59 [885 886 887 888 889 890 891 892 893 894 895 896 897 898 899]] [60 [900 901 902 903 904 905 906 907 908 909 910 911 912 913 914]] [61 [915 916 917 918 919 920 921 922 923 924 925 926 927 928 929]] [62 [930 931 932 933 934 935 936 937 938 939 940 941 942 943 944]] [63 [945 946 947 948 949 950 951 952 953 954 955 956 957 958 959]] [64 [960 961 962 963 964 965 966 967 968 969 970 971 972 973 974]] [65 [975 976 977 978 979 980 981 984 985 986 987 988 989]] [66 [990 991 992 993 994 996 997 998 999 1000 1001 1002 1003 1004]] [67 [1005 1006 1007 1008 1009 1010 1011 1012 1013 1014 1015 1016 1017 1018 1019]] [68 [1020 1022 1023 1024 1025 1026 1027 1028 1029 1030 1031 1032 1034]] [69 [1035 1036 1037 1038 1039 1040 1041 1042 1043 1044 1045 1046 1047 1048 1049]] [70 [1050 1051 1052 1053 1054 1055 1056 1057 1058 1059 1060 1061 1062 1063 1064]] [71 [1065 1066 1067 1068 1069 1070 1071 1072 1073 1074 1075 1076 1077 1078 1079]] [72 [1080 1081 1082 1083 1084 1085 1086 1087 1088 1089 1090 1091 1092 1093 1094]] [73 [1095 1096 1097 1098 1099 1100 1101 1102 1103 1104 1105 1106 1107 1108 1109]] [74 [1110 1111 1112 1113 1114 1115 1116 1117 1118 1119 1120 1121 1122 1123 1124]] [75 [1125 1126 1127 1128 1129 1130 1131 1132 1133 1134 1135 1136 1137 1138 1139]] [76 [1140 1141 1142 1143 1144 1145 1146 1147 1148 1149 1150 1151 1152 1153 1154]] [77 [1155 1156 1157 1159 1161 1162 1163 1164 1165 1166 1167 1168 1169]] [78 [1170 1171 1172 1173 1174 1175 1176 1177 1178 1179 1180 1181 1182 1183 1184]] [79 [1185 1186 1187 1188 1189 1190 1191 1192 1193 1194 1195 1196 1197 1198 1199]] [80 [1200 1201 1202 1203 1204 1205 1206 1207 1208 1209 1210 1211 1212 1213 1214]] [81 [1215 1216 1217 1218 1219 1220 1221 1222 1223 1224 1225 1226 1227 1228 1229]] [82 [1230 1231 1232 1233 1234 1235 1236 1237 1238 1239 1240 1241 1242 1243 1244]] [83 [1245 1246 1247 1248 1249 1250 1251 1252 1253 1254 1255 1256 1257 1258 1259]] [84 [1260 1262 1263 1264 1265 1266 1267 1269 1270 1271 1272 1273 1274]] [85 [1275 1276 1277 1278 1279 1280 1281 1282 1283 1284 1285 1286 1287 1288 1289]] [86 [1290 1291 1292 1293 1294 1295 1296 1297 1299 1300 1301 1302 1303 1304]] [87 [1305 1306 1307 1308 1309 1310 1311 1312 1313 1314 1315 1316 1317 1318 1319]] [88 [1320 1321 1322 1323 1324 1325 1326 1327 1328 1329 1330 1331 1332 1333 1334]] [89 [1335 1336 1337 1338 1339 1340 1341 1342 1343 1344 1345 1346 1347 1348 1349]] [90 [1350 1351 1352 1353 1354 1355 1356 1357 1358 1359 1360 1361 1362 1363 1364]] [91 [1365 1366 1367 1368 1369 1370 1371 1372 1373 1374 1375 1376 1377 1378 1379]] [92 [1380 1381 1382 1383 1384 1385 1386 1387 1388 1389 1390 1391 1392 1393 1394]] [93 [1395 1396 1397 1398 1399 1400 1401 1402 1403 1404 1405 1406 1407 1408 1409]] [94 [1410 1411 1412 1413 1414 1415 1416 1417 1418 1419 1420 1421 1422 1423 1424]] [95 [1425 1426 1427 1428 1429 1430 1431 1432 1433 1434 1435 1436 1437 1438 1439]] [96 [1440 1441 1442 1443 1444 1445 1446 1447 1448 1449 1450 1451 1452 1453 1454]] [97 [1455 1456 1457 1458 1459 1461 1462 1463 1464 1465 1466 1467 1468 1469]] [98 [1470 1471 1472 1473 1474 1475 1476 1477 1478 1479 1480 1481 1482 1483 1484]] [99 [1485 1486 1487 1488 1489 1491 1492 1493 1494 1495 1496 1497 1498 1499]]]","[[0 [0 1 2 3 4 6 7 8 9 10 12 13 14]] [1 [15 16 17 18 19 20 21 22 23 25 26 28 29]] [2 [31 33 34 35 36 37 38 40 41 42 43 44]] [3 [45 46 47 48 49 50 51 52 54 56 57 58 59]] [4 [61 62 63 64 65 66 68 69 70 71 72 73 74]] [5 [75 76 77 78 80 83 84 85 86 87 88 89]] [6 [90 91 92 93 94 95 96 97 98 99 100 102 104]] [7 [105 106 107 108 109 110 112 113 114 115 117 118 119]] [8 [120 121 122 123 124 125 126 127 128 131 132 134]] [9 [135 136 137 138 139 140 141 143 144 145 146 147 148 149]] [10 [150 151 153 154 155 156 157 158 159 161 163 164]] [11 [165 166 169 170 171 172 173 174 175 176 177 178 179]] [12 [180 181 182 183 185 186 187 188 189 190 191 192 193 194]] [13 [195 198 199 200 201 202 203 204 205 208 209]] [14 [211 212 213 214 216 217 218 219 220 221 222 223 224]] [15 [225 226 227 228 229 230 231 232 233 235 237 238 239]] [16 [240 241 242 244 245 246 247 248 250 251 252 253 254]] [17 [255 256 257 258 259 260 262 263 264 265 266 267 268]] [18 [272 273 274 276 277 278 279 281 282 284]] [19 [285 286 287 288 289 290 291 292 293 294 295 296 297 298 299]] [20 [300 301 302 303 304 305 306 307 309 310 312 313 314]] [21 [316 317 318 319 320 321 325 326 327 328 329]] [22 [330 331 332 333 334 336 337 338 339 340 341 342 343]] [23 [346 348 349 350 351 355 356 357 358 359]] [24 [360 361 362 363 364 366 367 368 370 372 373 374]] [25 [375 377 378 379 381 382 383 384 385 387 388 389]] [26 [391 392 393 394 396 397 398 399 400 401 402 404]] [27 [405 406 407 408 409 410 411 413 414 415 416 417 418]] [28 [420 421 422 423 424 425 426 427 429 430 431 432 433 434]] [29 [435 436 437 439 440 441 442 443 444 445 446 447 448 449]] [30 [450 451 452 453 454 455 457 458 459 460 461 462]] [31 [466 467 468 469 470 471 472 473 475 477]] [32 [481 482 484 485 486 488 489 490 491 494]] [33 [495 496 498 499 500 501 502 503 504 505 506 507 508]] [34 [510 511 512 513 514 515 516 517 520 521 523]] [35 [525 526 527 528 530 531 532 533 534 535 536 537 538 539]] [36 [541 542 543 544 545 548 549 550 551 552 554]] [37 [555 556 557 558 560 561 563 564 565 566 567 568 569]] [38 [570 572 573 574 575 577 578 579 581 582 583 584]] [39 [585 586 587 588 589 591 592 593 594 596 597 598 599]] [40 [600 601 603 604 605 607 608 609 610 613 614]] [41 [615 616 617 618 619 620 622 623 624 625 626 627 629]] [42 [630 632 633 634 635 636 637 638 639 640 641 642 643 644]] [43 [645 646 647 648 650 651 652 653 654 656 657 658 659]] [44 [660 661 663 664 665 667 668 669 670 671 672 673 674]] [45 [675 676 677 678 679 680 681 682 684 685 689]] [46 [690 691 692 693 694 695 696 697 698 699 700 701 702 703]] [47 [705 706 707 708 711 712 713 714 715 716 718 719]] [48 [720 722 724 725 726 729 730 731 732 733 734]] [49 [735 736 737 738 739 740 741 742 743 744 745 746 747 749]] [50 [751 752 753 754 755 756 757 759 760 761 762 763 764]] [51 [765 768 770 771 772 773 774 775 776 777 778 779]] [52 [780 781 782 784 785 786 789 790 791 792 793 794]] [53 [795 796 797 798 799 800 801 802 803 804 805 806]] [54 [810 811 812 813 814 815 816 817 819 820 821 822 823 824]] [55 [825 826 827 829 830 831 832 833 835 838 839]] [56 [841 842 843 844 845 847 848 849 850 851 852 853]] [57 [855 857 858 863 864 865 866 867 868 869]] [58 [870 871 872 873 874 876 877 878 879 880 881 882 883]] [59 [885 886 887 888 889 890 891 892 893 894 895 896 897 898]] [60 [900 901 902 903 904 905 906 907 908 909 910 911 913]] [61 [916 917 918 919 920 921 922 924 925 926 928 929]] [62 [931 932 933 934 935 936 937 938 939 943]] [63 [945 947 948 949 950 951 952 954 955 957 958 959]] [64 [960 962 963 964 965 968 969 970 971 972 973 974]] [65 [975 976 977 978 979 980 981 987 988 989]] [66 [990 991 992 993 994 996 997 998 999 1001 1002 1003 1004]] [67 [1005 1006 1007 1008 1009 1010 1011 1012 1013 1014 1015 1016 1018 1019]] [68 [1020 1022 1023 1024 1025 1026 1030 1031 1032 1034]] [69 [1035 1036 1037 1038 1040 1041 1042 1043 1044 1046 1047]] [70 [1053 1054 1055 1056 1057 1058 1061 1062 1063]] [71 [1065 1066 1067 1068 1069 1070 1072 1073 1074 1075 1077 1078]] [72 [1080 1081 1082 1084 1085 1087 1088 1089 1091 1092 1093 1094]] [73 [1095 1096 1097 1099 1100 1101 1103 1104 1105 1106 1107 1108 1109]] [74 [1110 1111 1112 1114 1115 1116 1118 1119 1121 1122 1123 1124]] [75 [1125 1126 1127 1128 1129 1130 1131 1132 1133 1134 1135 1136 1137 1138 1139]] [76 [1142 1143 1144 1145 1146 1147 1148 1149 1150 1152 1153 1154]] [77 [1156 1157 1159 1161 1162 1163 1164 1165 1166 1167 1168 1169]] [78 [1170 1171 1172 1173 1174 1175 1178 1179 1180 1181 1182 1183 1184]] [79 [1185 1186 1187 1188 1189 1190 1191 1192 1193 1194 1195 1196 1197 1198 1199]] [80 [1200 1201 1202 1203 1206 1207 1208 1209 1210 1211 1213]] [81 [1215 1216 1217 1220 1221 1222 1224 1225 1226 1227 1229]] [82 [1230 1231 1232 1233 1234 1235 1236 1237 1238 1239 1242 1243]] [83 [1245 1246 1247 1248 1249 1251 1252 1253 1254 1255 1256 1257 1258 1259]] [84 [1262 1263 1265 1266 1267 1269 1270 1271 1272 1273 1274]] [85 [1275 1276 1277 1278 1279 1282 1283 1284 1285 1286 1287 1288 1289]] [86 [1291 1292 1294 1295 1296 1297 1299 1300 1301 1303 1304]] [87 [1305 1308 1309 1310 1311 1312 1314 1316 1317 1318 1319]] [88 [1320 1321 1322 1323 1324 1326 1327 1328 1329 1330 1331 1333]] [89 [1335 1340 1341 1342 1343 1344 1345 1346 1347 1348 1349]] [90 [1350 1351 1352 1353 1355 1356 1357 1358 1359 1360 1361 1362 1364]] [91 [1365 1366 1367 1369 1370 1371 1372 1373 1374 1377 1378]] [92 [1381 1382 1383 1384 1386 1388 1389 1390 1391 1392 1393 1394]] [93 [1395 1396 1397 1398 1399 1400 1401 1403 1404 1405 1406 1407 1408 1409]] [94 [1410 1412 1413 1416 1417 1418 1419 1420 1421 1422 1423 1424]] [95 [1425 1426 1427 1428 1429 1430 1431 1432 1433 1435 1436 1437 1438 1439]] [96 [1441 1442 1444 1445 1446 1447 1448 1449 1450 1451 1452 1453 1454]] [97 [1455 1456 1457 1458 1459 1466 1467 1468 1469]] [98 [1470 1471 1472 1474 1476 1477 1478 1479 1480 1481 1482 1483 1484]] [99 [1485 1486 1487 1488 1489 1491 1492 1493 1494 1496 1497 1498 1499]]]",,"[[{media 50} [[""A"" [4 4 4 4 4 4 4 4 4 4]]]] [{media 51} [[""A"" [3 3 3 3 3 3 3 3 3 3]]]] [{media 52} [[""A"" [4 4 4 4 4 4 4 4 4 4]]]] [{media 53} [[""A"" [3 3 3 3 3 3 3 3 3 3]]]] [{media 54} [[""A"" [4 4 4 4 4 4 4 4 4 4]]]] [{media 55} [[""A"" [5 5 5 5 5 5 5 5 5 5]]]] [{media 56} [[""A"" [3 3 3 3 3 3 3 3 3 3]]]] [{media 57} [[""A"" [3 3 3 3 3 3 3 3 3 3]]]] [{media 58} [[""A"" [4 4 4 4 4 4 4 4 4 4]]]] [{media 59} [[""A"" [2 2 2 2 2 2 2 2 2 2]]]] [{media 60} [[""A"" [5 5 5 5 5 5 5 5 5 5]]]] [{media 61} [[""A"" [3 3 3 3 3 3 3 3 3 3]]]] [{media 62} [[""A"" [2 2 2 2 2 2 2 2 2 2]]]] [{media 63} [[""A"" [4 4 4 4 4 4 4 4 4 4]]]] [{media 64} [[""A"" [2 2 2 2 2 2 2 2 2 2]]]] [{citizen 0} [[""A"" [3 2 5 4 3 2 3 3 3 4]]]] [{citizen 7} [[""A"" [4 5 3 2 2 3 3 4 4 4]]]] [{citizen 13} [[""A"" [4 3 2 2 3 4 2 3 4 4]]]] [{citizen 19} [[""A"" [4 3 4 3 2 2 3 4 4 4]]]] [{citizen 24} [[""A"" [3 2 2 2 3 3 4 3 3 4]]]] [{citizen 30} [[""A"" [4 3 3 2 2 3 3 4 4 4]]]] [{citizen 4} [[""A"" [3 5 3 2 3 3 4 3 4 4]]]] [{citizen 12} [[""A"" [4 3 5 2 3 3 4 3 3 4]]]] [{citizen 3} [[""A"" [2 4 2 5 5 3 3 3 3 4]]]] [{citizen 2} [[""A"" [3 3 5 2 3 3 4 3 2 4]]]] [{citizen 21} [[""A"" [5 4 2 2 3 3 3 4 4 4]]]] [{citizen 31} [[""A"" [5 3 2 4 3 3 4 2 3 4]]]] [{citizen 39} [[""A"" [3 3 2 5 3 2 3 4 2 4]]]] [{citizen 5} [[""A"" [3 4 4 4 5 3 2 3 3 4]]]] [{citizen 44} [[""A"" [4 2 5 3 2 3 3 4 3 4]]]] [{citizen 28} [[""A"" [4 2 3 5 3 2 2 3 4 4]]]] [{citizen 37} [[""A"" [3 5 3 2 2 3 4 4 3 4]]]] [{citizen 17} [[""A"" [4 4 4 3 2 3 2 3 5 4]]]] [{citizen 27} [[""A"" [3 4 3 2 3 3 3 3 3 4]]]] [{citizen 16} [[""A"" [3 5 4 5 3 3 4 3 4 4]]]] [{citizen 49} [[""A"" [2 4 3 4 3 3 3 4 3 4]]]] [{citizen 1} [[""A"" [4 5 2 3 3 3 4 3 4 4]]]] [{citizen 8} [[""A"" [3 3 5 4 3 3 3 3 3 4]]]] [{citizen 22} [[""A"" [3 3 3 4 3 2 2 3 4 4]]]] [{citizen 33} [[""A"" [4 3 2 2 3 3 4 2 4 4]]]] [{citizen 35} [[""A"" [3 2 3 4 3 2 2 3 4 4]]]] [{citizen 38} [[""A"" [5 4 5 2 2 3 3 4 2 4]]]] [{citizen 36} [[""A"" [2 3 3 2 3 3 4 3 5 4]]]] [{citizen 10} [[""A"" [3 5 2 2 2 3 3 4 3 4]]]] [{citizen 47} [[""A"" [3 2 4 4 2 3 3 3 3 4]]]] [{citizen 11} [[""A"" [3 4 5 2 2 3 4 2 3 4]]]] [{citizen 40} [[""A"" [4 4 2 4 3 3 2 3 3 4]]]] [{citizen 6} [[""A"" [4 5 3 2 3 3 4 3 2 4]]]] [{citizen 25} [[""A"" [3 4 2 5 4 3 2 3 3 4]]]] [{citizen 41} [[""A"" [3 5 4 5 2 3 4 2 3 4]]]] [{citizen 9} [[""A"" [5 3 2 2 4 3 3 2 3 4]]]] [{citizen 43} [[""A"" [5 3 3 2 2 3 4 3 4 4]]]] [{citizen 45} [[""A"" [4 2 2 5 4 2 2 3 4 4]]]] [{citizen 18} [[""A"" [3 4 3 4 5 3 2 3 3 4]]]] [{citizen 15} [[""A"" [5 5 3 2 2 3 3 4 2 4]]]] [{citizen 46} [[""A"" [3 4 3 2 3 3 2 3 4 4]]]] [{citizen 14} [[""A"" [3 4 3 2 4 3 3 3 4 4]]]] [{citizen 20} [[""A"" [2 4 3 2 3 3 4 3 3 4]]]] [{citizen 29} [[""A"" [5 4 2 3 3 4 3 2 3 4]]]] [{citizen 32} [[""A"" [5 4 5 2 3 3 4 3 4 4]]]] [{citizen 23} [[""A"" [5 2 2 4 3 4 3 2 3 4]]]] [{citizen 48} [[""A"" [4 3 5 4 3 2 3 4 3 4]]]] [{citizen 26} [[""A"" [3 3 3 2 2 3 3 3 4 4]]]] [{citizen 34} [[""A"" [5 3 3 2 3 3 4 2 3 4]]]]]"
"43","[85 0 170]","177.79591836734699","1.7533236276787003","-13.214693515739166","""circle""","""""","9.9","{breed citizens}","false","0.5","1","""up""",,"[[""ID"" 43] [""alpha"" 1] [""beta"" 1] [""malleable"" [""A""]] [""prior"" []] [""cont_tokens"" []] [""A"" 4]]","[[0 [0 1 2 3 4 5 6 7 8 9 10 11 12 13 14]] [1 [15 16 17 18 19 20 21 22 23 25 26 28 29]] [2 [30 31 32 33 34 35 36 37 38 39 40 41 42 43 44]] [3 [45 46 47 48 49 50 51 52 53 54 55 56 57 58 59]] [4 [60 61 62 63 64 65 66 67 68 69 70 71 72 73 74]] [5 [75 76 77 78 80 83 84 85 86 87 88 89]] [6 [90 91 92 93 94 95 96 97 98 99 100 101 102 103 104]] [7 [105 106 107 108 109 110 111 112 113 114 115 116 117 118 119]] [8 [120 121 122 123 124 125 126 127 128 129 130 131 132 133 134]] [9 [135 136 137 138 139 140 141 142 143 144 145 146 147 148 149]] [10 [150 151 152 153 154 155 156 157 158 159 160 161 162 163 164]] [11 [165 166 167 168 169 170 171 172 173 174 175 176 177 178 179]] [12 [180 181 182 183 184 185 186 187 188 189 190 191 192 193 194]] [13 [195 196 197 198 199 200 201 202 203 204 205 206 207 208 209]] [14 [210 211 212 213 214 215 216 217 218 219 220 221 222 223 224]] [15 [225 226 227 228 229 230 231 232 233 234 235 236 237 238 239]] [16 [240 241 242 243 244 245 246 247 248 249 250 251 252 253 254]] [17 [255 256 257 258 259 260 261 262 263 264 265 266 267 268 269]] [18 [270 271 272 273 274 275 276 277 278 279 280 281 282 283 284]] [19 [285 286 287 288 289 290 291 292 293 294 295 296 297 298 299]] [20 [300 301 302 303 304 305 306 307 309 310 311 312 313 314]] [21 [315 316 317 318 319 320 321 322 323 324 325 326 327 328 329]] [22 [330 331 332 333 334 335 336 337 338 339 340 341 342 343 344]] [23 [345 346 347 348 349 350 351 352 353 354 355 356 357 358 359]] [24 [360 361 362 363 364 365 366 367 368 369 370 371 372 373 374]] [25 [375 376 377 378 379 380 381 382 383 384 385 386 387 388 389]] [26 [390 391 392 393 394 395 396 397 398 399 400 401 402 403 404]] [27 [405 406 407 408 409 410 411 412 413 414 415 416 417 418 419]] [28 [420 421 422 423 424 425 426 427 428 429 430 431 432 433 434]] [29 [435 436 437 438 439 440 441 442 443 444 445 446 447 448 449]] [30 [450 451 452 453 454 455 456 457 458 459 460 461 462 463 464]] [31 [465 466 467 468 469 470 471 472 473 474 475 476 477 478 479]] [32 [480 481 482 483 484 485 486 487 488 489 490 491 492 493 494]] [33 [495 496 497 498 499 500 501 502 503 504 505 506 507 508 509]] [34 [510 511 512 513 514 515 516 517 519 520 521 522 523 524]] [35 [525 526 527 528 529 530 531 532 533 534 535 536 537 538 539]] [36 [540 541 542 543 544 545 546 547 548 549 550 551 552 553 554]] [37 [555 556 557 558 559 560 561 562 563 564 565 566 567 568 569]] [38 [570 571 572 573 574 575 576 577 578 579 580 581 582 583 584]] [39 [585 586 587 588 589 590 591 592 593 594 595 596 597 598 599]] [40 [600 601 602 603 604 605 606 607 608 609 610 611 612 613 614]] [41 [615 616 617 618 619 620 621 622 623 624 625 626 627 628 629]] [42 [630 631 632 633 634 635 636 637 638 639 640 641 642 643 644]] [43 [645 646 647 648 649 650 651 652 653 654 656 657 658 659]] [44 [660 661 662 663 664 665 666 667 668 669 670 671 672 673 674]] [45 [675 676 677 678 679 680 681 682 683 684 685 686 687 688 689]] [46 [690 691 692 693 694 695 696 697 698 699 700 701 702 703 704]] [47 [705 706 707 708 709 710 711 712 713 714 715 716 717 718 719]] [48 [720 721 722 723 724 725 726 727 728 729 730 731 732 733 734]] [49 [735 736 737 738 739 740 741 742 743 744 745 746 747 748 749]] [50 [750 751 752 753 754 755 756 757 758 759 760 761 762 763 764]] [51 [765 766 767 768 769 770 771 772 773 774 775 776 777 778 779]] [52 [780 781 782 783 784 785 786 787 788 789 790 791 792 793 794]] [53 [795 796 797 798 799 800 801 802 803 804 805 806 807 808 809]] [54 [810 811 812 813 814 815 816 817 818 819 820 821 822 823 824]] [55 [825 826 827 828 829 830 831 832 833 834 835 836 837 838 839]] [56 [840 841 842 843 844 845 846 847 848 849 850 851 852 853 854]] [57 [855 856 857 858 859 860 861 862 863 864 865 866 867 868 869]] [58 [870 871 872 873 874 875 876 877 878 879 880 881 882 883 884]] [59 [885 886 887 888 889 890 891 892 893 894 895 896 897 898 899]] [60 [900 901 902 903 904 905 906 907 908 909 910 911 912 913 914]] [61 [915 916 917 918 919 920 921 922 923 924 925 926 927 928 929]] [62 [930 931 932 933 934 935 936 937 938 939 940 941 942 943 944]] [63 [945 946 947 948 949 950 951 952 953 954 955 956 957 958 959]] [64 [960 961 962 963 964 965 966 967 968 969 970 971 972 973 974]] [65 [975 976 977 978 979 980 981 984 985 986 987 988 989]] [66 [990 991 992 993 994 996 997 998 999 1000 1001 1002 1003 1004]] [67 [1005 1006 1007 1008 1009 1010 1011 1012 1013 1014 1015 1016 1017 1018 1019]] [68 [1020 1022 1023 1024 1025 1026 1027 1028 1029 1030 1031 1032 1034]] [69 [1035 1036 1037 1038 1039 1040 1041 1042 1043 1044 1045 1046 1047 1048 1049]] [70 [1050 1051 1052 1053 1054 1055 1056 1057 1058 1059 1060 1061 1062 1063 1064]] [71 [1065 1066 1067 1068 1069 1070 1071 1072 1073 1074 1075 1076 1077 1078 1079]] [72 [1080 1081 1082 1083 1084 1085 1086 1087 1088 1089 1090 1091 1092 1093 1094]] [73 [1095 1096 1097 1098 1099 1100 1101 1102 1103 1104 1105 1106 1107 1108 1109]] [74 [1110 1111 1112 1113 1114 1115 1116 1117 1118 1119 1120 1121 1122 1123 1124]] [75 [1125 1126 1127 1128 1129 1130 1131 1132 1133 1134 1135 1136 1137 1138 1139]] [76 [1140 1141 1142 1143 1144 1145 1146 1147 1148 1149 1150 1151 1152 1153 1154]] [77 [1155 1156 1157 1159 1161 1162 1163 1164 1165 1166 1167 1168 1169]] [78 [1170 1171 1172 1173 1174 1175 1176 1177 1178 1179 1180 1181 1182 1183 1184]] [79 [1185 1186 1187 1188 1189 1190 1191 1192 1193 1194 1195 1196 1197 1198 1199]] [80 [1200 1201 1202 1203 1204 1205 1206 1207 1208 1209 1210 1211 1212 1213 1214]] [81 [1215 1216 1217 1218 1219 1220 1221 1222 1223 1224 1225 1226 1227 1229]] [82 [1230 1231 1232 1233 1234 1235 1236 1237 1238 1239 1240 1241 1242 1243 1244]] [83 [1245 1246 1247 1248 1249 1250 1251 1252 1253 1254 1255 1256 1257 1258 1259]] [84 [1260 1262 1263 1264 1265 1266 1267 1269 1270 1271 1272 1273 1274]] [85 [1275 1276 1277 1278 1279 1280 1281 1282 1283 1284 1285 1286 1287 1288 1289]] [86 [1290 1291 1292 1293 1294 1295 1296 1297 1299 1300 1301 1302 1303 1304]] [87 [1305 1306 1307 1308 1309 1310 1311 1312 1313 1314 1315 1316 1317 1318 1319]] [88 [1320 1321 1322 1323 1324 1325 1326 1327 1328 1329 1330 1331 1332 1333 1334]] [89 [1335 1336 1337 1338 1339 1340 1341 1342 1343 1344 1345 1346 1347 1348 1349]] [90 [1350 1351 1352 1353 1354 1355 1356 1357 1358 1359 1360 1361 1362 1363 1364]] [91 [1365 1366 1367 1368 1369 1370 1371 1372 1373 1374 1375 1376 1377 1378 1379]] [92 [1380 1381 1382 1383 1384 1385 1386 1387 1388 1389 1390 1391 1392 1393 1394]] [93 [1395 1396 1397 1398 1399 1400 1401 1402 1403 1404 1405 1406 1407 1408 1409]] [94 [1410 1411 1412 1413 1414 1415 1416 1417 1418 1419 1420 1421 1422 1423 1424]] [95 [1425 1426 1427 1428 1429 1430 1431 1432 1433 1434 1435 1436 1437 1438 1439]] [96 [1440 1441 1442 1443 1444 1445 1446 1447 1448 1449 1450 1451 1452 1453 1454]] [97 [1455 1456 1457 1458 1459 1461 1462 1463 1464 1465 1466 1467 1468 1469]] [98 [1470 1471 1472 1473 1474 1475 1476 1477 1478 1479 1480 1481 1482 1483 1484]] [99 [1485 1486 1487 1488 1489 1491 1492 1493 1494 1495 1496 1497 1498 1499]]]","[[0 [1 2 3 4 5 7 8 9 11 12 13 14]] [1 [15 16 17 18 19 20 21 22 23 25 26 28 29]] [2 [30 32 33 34 35 36 37 38 39 41 42 43 44]] [3 [45 46 47 48 49 50 51 52 53 55 56 57 58]] [4 [60 62 63 64 65 66 67 68 69 70 71 72 73 74]] [5 [75 76 77 78 80 83 84 86 87 88 89]] [6 [90 91 93 94 95 98 99 100 102 103 104]] [7 [105 106 107 108 109 110 112 114 116 118]] [8 [120 121 122 123 124 125 126 127 128 131 132 133]] [9 [135 136 137 139 142 143 144 145 146 147]] [10 [150 151 153 154 155 156 157 158 159 161 163 164]] [11 [165 167 168 169 170 171 172 173 174 177 178 179]] [12 [180 181 182 183 186 187 188 189 190 191 193 194]] [13 [195 196 197 199 200 201 202 206 207 208 209]] [14 [210 215 216 217 218 219 220 221 222 223 224]] [15 [225 226 227 228 229 230 231 232 233 235 237 238 239]] [16 [240 241 242 243 244 245 247 248 249 250 251 252 253 254]] [17 [255 256 257 258 259 260 261 262 263 264 265 266 267 268]] [18 [270 271 272 273 274 275 277 278 279 281 282 284]] [19 [285 287 288 289 290 291 292 293 294 297 299]] [20 [300 301 302 303 304 305 306 307 309 311 312 313 314]] [21 [316 317 318 319 320 321 323 324 325 326 327 328 329]] [22 [330 331 332 333 335 336 337 338 339 340 341 342 343]] [23 [346 347 348 350 351 355 356 357 358 359]] [24 [360 361 362 363 364 367 368 370 372 373]] [25 [376 380 381 382 383 384 385 387 388 389]] [26 [390 391 392 393 395 398 399 400 401 402]] [27 [405 406 407 408 409 410 411 413 414 415 416 417 418 419]] [28 [420 421 422 424 425 426 427 429 430 431 432 433 434]] [29 [435 436 437 440 441 442 443 444 445 446 447 448]] [30 [450 451 452 453 454 455 456 457 458 459 460 461 462]] [31 [466 467 468 469 470 471 472 473 476 478 479]] [32 [480 481 482 485 486 488 489 490 491 492 493 494]] [33 [495 496 498 499 501 502 503 504 505 506 507 508]] [34 [510 511 512 513 514 515 516 517 520 521 523]] [35 [525 526 527 528 529 532 534 535 536 538 539]] [36 [540 542 543 544 545 546 547 548 549 550 551 552 553 554]] [37 [555 556 557 558 560 561 563 564 565 566 567 568 569]] [38 [570 572 573 574 575 577 578 579 581 582 583 584]] [39 [585 586 587 588 589 590 591 592 593 594 596 597 598 599]] [40 [600 601 602 603 604 605 606 609 610 611 612 613]] [41 [615 616 617 618 619 620 622 623 625 626 627 629]] [42 [630 632 633 634 635 637 638 639 640 642 643 644]] [43 [647 648 650 651 652 653 654 656 657 658 659]] [44 [660 661 663 665 666 667 669 670 671 672 674]] [45 [675 676 677 678 679 680 681 682 684 685 689]] [46 [690 691 692 693 694 695 696 697 698 699 700 701 703]] [47 [705 706 707 708 711 712 713 715 716 717 718 719]] [48 [720 722 724 725 726 729 730 731 732 733 734]] [49 [735 736 737 738 739 740 741 742 743 744 745 746 748]] [50 [750 751 752 753 754 755 756 757 761 762 763 764]] [51 [765 767 769 770 771 772 773 774 775 776 777 778 779]] [52 [780 781 782 785 786 789 790 791 792 793 794]] [53 [795 796 797 798 799 800 801 802 803 804 805 806 807 808 809]] [54 [810 811 812 813 814 815 816 817 820 821 823 824]] [55 [825 826 827 828 829 830 831 832 833 835 836 837 838 839]] [56 [840 843 844 845 847 848 849 851 852 853 854]] [57 [855 856 857 858 859 860 861 862 863 864 865 866 867 868 869]] [58 [870 871 872 873 874 875 877 878 879 880 881 882 883]] [59 [885 886 887 888 889 890 891 892 893 895 896 897 899]] [60 [902 903 904 905 906 909 910 911 912 914]] [61 [915 916 917 919 920 921 922 924 925 926 928 929]] [62 [931 932 933 934 935 936 937 938 939 940 941 942 944]] [63 [946 947 948 949 950 951 952 953 954 955 957 958 959]] [64 [960 963 966 967 968 969 970 971 972 973 974]] [65 [975 976 977 978 979 980 981 984 985 986 987 988 989]] [66 [991 992 993 994 996 997 998 999 1000 1001 1002 1003]] [67 [1005 1006 1007 1008 1009 1010 1011 1012 1013 1014 1015 1016 1018 1019]] [68 [1020 1022 1023 1024 1025 1026 1027 1028 1029 1030 1031 1032 1034]] [69 [1035 1036 1037 1038 1039 1040 1041 1042 1043 1044 1045 1048 1049]] [70 [1050 1051 1052 1053 1054 1055 1056 1057 1059 1060 1061 1062 1063]] [71 [1065 1066 1068 1069 1070 1072 1073 1074 1075 1077 1078 1079]] [72 [1081 1082 1084 1085 1088 1089 1090 1092 1093 1094]] [73 [1095 1096 1097 1098 1100 1101 1103 1104 1105 1106 1107 1108 1109]] [74 [1110 1111 1112 1115 1116 1117 1119 1121 1122 1123 1124]] [75 [1125 1126 1127 1128 1129 1130 1131 1132 1133 1134 1135 1136 1137 1138 1139]] [76 [1142 1143 1144 1145 1146 1147 1148 1149 1150 1153 1154]] [77 [1156 1157 1159 1161 1162 1163 1164 1165 1166 1167 1168 1169]] [78 [1170 1171 1172 1173 1174 1175 1176 1177 1178 1179 1180 1182 1183 1184]] [79 [1185 1186 1187 1189 1190 1192 1193 1194 1195 1196 1197 1198 1199]] [80 [1200 1201 1202 1203 1205 1206 1207 1208 1209 1211 1212 1214]] [81 [1215 1216 1217 1221 1222 1224 1225 1226 1227 1229]] [82 [1230 1231 1232 1233 1234 1235 1237 1238 1239 1242 1243 1244]] [83 [1245 1246 1247 1248 1249 1250 1251 1252 1254 1255 1256 1257 1258 1259]] [84 [1260 1262 1263 1264 1265 1266 1267 1270 1271 1272 1273 1274]] [85 [1275 1276 1277 1278 1279 1282 1283 1284 1285 1286 1287 1288 1289]] [86 [1290 1291 1292 1293 1294 1295 1296 1297 1299 1300 1301 1304]] [87 [1305 1307 1308 1309 1310 1311 1313 1315 1316 1317 1318 1319]] [88 [1320 1321 1323 1324 1326 1327 1328 1329 1330 1331 1333 1334]] [89 [1336 1337 1338 1339 1340 1341 1342 1343 1344 1345 1346 1347 1348 1349]] [90 [1350 1352 1353 1354 1355 1356 1357 1358 1359 1360 1361 1362 1363]] [91 [1366 1367 1368 1369 1370 1371 1372 1373 1374 1375 1376 1378]] [92 [1382 1383 1385 1388 1389 1390 1391 1392 1393 1394]] [93 [1395 1396 1397 1398 1399 1400 1401 1402 1403 1404 1406 1407 1408 1409]] [94 [1410 1411 1412 1413 1415 1416 1417 1418 1419 1420 1421 1422 1423 1424]] [95 [1425 1426 1427 1428 1429 1430 1431 1432 1433 1435 1436 1437 1438 1439]] [96 [1440 1442 1443 1445 1446 1447 1448 1449 1450 1451 1452 1453 1454]] [97 [1455 1457 1458 1459 1461 1462 1463 1464 1465 1466 1467 1468 1469]] [98 [1470 1471 1472 1473 1474 1476 1477 1478 1479 1480 1481 1482 1483 1484]] [99 [1485 1486 1488 1489 1491 1492 1493 1494 1496 1497 1498 1499]]]",,"[[{citizen 45} [[""A"" [4 2 4 3 4 5 4 2 3 4]]]] [{media 50} [[""A"" [4 4 4 4 4 4 4 4 4 4]]]] [{media 51} [[""A"" [3 3 3 3 3 3 3 3 3 3]]]] [{media 52} [[""A"" [4 4 4 4 4 4 4 4 4 4]]]] [{media 53} [[""A"" [3 3 3 3 3 3 3 3 3 3]]]] [{media 54} [[""A"" [4 4 4 4 4 4 4 4 4 4]]]] [{media 55} [[""A"" [5 5 5 5 5 5 5 5 5 5]]]] [{media 56} [[""A"" [3 3 3 3 3 3 3 3 3 3]]]] [{media 57} [[""A"" [3 3 3 3 3 3 3 3 3 3]]]] [{media 58} [[""A"" [4 4 4 4 4 4 4 4 4 4]]]] [{media 59} [[""A"" [2 2 2 2 2 2 2 2 2 2]]]] [{media 60} [[""A"" [5 5 5 5 5 5 5 5 5 5]]]] [{media 61} [[""A"" [3 3 3 3 3 3 3 3 3 3]]]] [{media 62} [[""A"" [2 2 2 2 2 2 2 2 2 2]]]] [{media 63} [[""A"" [4 4 4 4 4 4 4 4 4 4]]]] [{media 64} [[""A"" [2 2 2 2 2 2 2 2 2 2]]]] [{citizen 9} [[""A"" [4 3 3 2 4 3 3 3 2 3]]]] [{citizen 29} [[""A"" [4 4 3 4 4 2 3 3 3 5]]]] [{citizen 1} [[""A"" [4 5 4 2 3 3 3 4 3 4]]]] [{citizen 0} [[""A"" [2 4 5 4 3 2 3 3 3 5]]]] [{citizen 2} [[""A"" [4 5 4 2 3 3 4 3 5 4]]]] [{citizen 4} [[""A"" [3 2 4 4 3 2 3 3 3 4]]]] [{citizen 3} [[""A"" [2 5 4 5 3 2 3 3 3 5]]]] [{citizen 13} [[""A"" [2 4 4 3 3 2 3 3 2 3]]]] [{citizen 21} [[""A"" [4 4 5 4 2 2 3 3 3 5]]]] [{citizen 7} [[""A"" [4 5 4 5 2 3 3 4 4 5]]]] [{citizen 31} [[""A"" [4 2 4 5 2 2 4 3 2 3]]]] [{citizen 39} [[""A"" [4 5 4 3 2 2 3 4 5 4]]]] [{citizen 5} [[""A"" [4 4 4 4 5 3 2 3 3 3]]]] [{citizen 44} [[""A"" [4 3 2 2 3 3 4 3 5 4]]]] [{citizen 28} [[""A"" [4 5 4 3 2 2 3 3 4 4]]]] [{citizen 24} [[""A"" [4 5 4 5 2 3 3 3 3 5]]]] [{citizen 37} [[""A"" [3 5 3 2 2 3 4 4 3 5]]]] [{citizen 17} [[""A"" [4 3 3 2 3 3 3 3 5 4]]]] [{citizen 30} [[""A"" [4 4 4 4 3 2 2 3 3 5]]]] [{citizen 27} [[""A"" [4 2 3 4 4 3 3 3 3 3]]]] [{citizen 12} [[""A"" [5 4 3 5 2 3 3 3 3 5]]]] [{citizen 16} [[""A"" [5 4 5 3 3 4 3 4 5 4]]]] [{citizen 49} [[""A"" [4 4 4 4 3 2 3 3 3 5]]]] [{citizen 8} [[""A"" [4 4 3 4 5 4 3 3 3 5]]]] [{citizen 22} [[""A"" [4 3 2 4 4 3 4 4 2 4]]]] [{citizen 33} [[""A"" [4 4 4 3 2 2 2 3 3 5]]]] [{citizen 35} [[""A"" [3 3 4 4 2 2 3 3 5 4]]]] [{citizen 19} [[""A"" [4 4 3 2 2 3 3 4 5 4]]]] [{citizen 25} [[""A"" [4 3 4 4 4 4 4 3 3 3]]]] [{citizen 41} [[""A"" [3 2 4 5 4 2 3 4 3 4]]]] [{citizen 10} [[""A"" [3 3 5 4 3 2 3 4 3 5]]]] [{citizen 46} [[""A"" [3 4 4 4 3 2 3 3 5 4]]]] [{citizen 11} [[""A"" [4 4 3 5 2 2 3 4 3 5]]]] [{citizen 38} [[""A"" [5 4 3 5 3 3 3 2 5 4]]]] [{citizen 36} [[""A"" [4 4 2 2 3 3 4 3 5 4]]]] [{citizen 47} [[""A"" [4 4 4 3 2 2 3 3 3 5]]]] [{citizen 40} [[""A"" [3 4 4 4 4 4 3 3 3 4]]]] [{citizen 6} [[""A"" [4 3 4 4 2 3 3 4 3 5]]]] [{citizen 42} [[""A"" [4 4 4 3 2 3 3 3 4 5]]]] [{citizen 32} [[""A"" [3 4 4 5 2 3 3 4 3 5]]]] [{citizen 23} [[""A"" [4 4 3 5 2 3 3 2 3 5]]]] [{citizen 15} [[""A"" [4 5 4 5 2 2 2 3 3 5]]]] [{citizen 18} [[""A"" [4 3 4 4 4 3 3 2 2 3]]]] [{citizen 14} [[""A"" [4 2 4 4 2 2 4 3 3 3]]]] [{citizen 20} [[""A"" [4 4 3 3 2 3 3 3 3 5]]]] [{citizen 48} [[""A"" [4 4 5 4 3 2 4 3 5 4]]]] [{citizen 26} [[""A"" [4 5 4 3 3 2 3 3 3 5]]]] [{citizen 34} [[""A"" [4 3 3 2 3 3 4 3 5 4]]]]]"
"44","[85 0 170]","242.44897959183677","-12.677123060855013","-6.221832341622162","""circle""","""""","9.9","{breed citizens}","false","0.5","1","""up""",,"[[""ID"" 44] [""alpha"" 1] [""beta"" 1] [""malleable"" [""A""]] [""prior"" []] [""cont_tokens"" []] [""A"" 4]]","[[0 [0 1 2 3 4 5 6 7 8 9 10 11 12 13 14]] [1 [15 16 17 18 19 20 21 22 23 25 26 28 29]] [2 [30 31 32 33 34 35 36 37 38 39 40 41 42 43 44]] [3 [45 46 47 48 49 50 51 52 53 54 55 56 57 58 59]] [4 [60 61 62 63 64 65 66 67 68 69 70 71 72 73 74]] [5 [75 76 77 78 80 83 84 85 86 87 88 89]] [6 [90 91 92 93 94 95 96 97 98 99 100 101 102 103 104]] [7 [105 106 107 108 109 110 111 112 113 114 115 116 117 118 119]] [8 [120 121 122 123 124 125 126 127 128 129 130 131 132 133 134]] [9 [135 136 137 138 139 140 141 142 143 144 145 146 147 148 149]] [10 [150 151 152 153 154 155 156 157 158 159 160 161 162 163 164]] [11 [165 166 167 168 169 170 171 172 173 174 175 176 177 178 179]] [12 [180 181 182 183 184 185 186 187 188 189 190 191 192 193 194]] [13 [195 196 197 198 199 200 201 202 203 204 205 206 207 208 209]] [14 [210 211 212 213 214 215 216 217 218 219 220 221 222 223 224]] [15 [225 226 227 228 229 230 231 232 233 234 235 236 237 238 239]] [16 [240 241 242 243 244 245 246 247 248 249 250 251 252 253 254]] [17 [255 256 257 258 259 260 261 262 263 264 265 266 267 268 269]] [18 [270 271 272 273 274 275 276 277 278 279 280 281 282 283 284]] [19 [285 286 287 288 289 290 291 292 293 294 295 296 297 298 299]] [20 [300 301 302 303 304 305 306 307 309 310 311 312 313 314]] [21 [315 316 317 318 319 320 321 322 323 324 325 326 327 328 329]] [22 [330 331 332 333 334 335 336 337 338 339 340 341 342 343 344]] [23 [345 346 347 348 349 350 351 352 353 354 355 356 357 358 359]] [24 [360 361 362 363 364 365 366 367 368 369 370 371 372 373 374]] [25 [375 376 377 378 379 380 381 382 383 384 385 386 387 388 389]] [26 [390 391 392 393 394 395 396 397 398 399 400 401 402 403 404]] [27 [405 406 407 408 409 410 411 412 413 414 415 416 417 418 419]] [28 [420 421 422 423 424 425 426 427 428 429 430 431 432 433 434]] [29 [435 436 437 438 439 440 441 442 443 444 445 446 447 448 449]] [30 [450 451 452 453 454 455 456 457 458 459 460 461 462 463 464]] [31 [465 466 467 468 469 470 471 472 473 474 475 476 477 478 479]] [32 [480 481 482 483 484 485 486 487 488 489 490 491 492 493 494]] [33 [495 496 497 498 499 500 501 502 503 504 505 506 507 508 509]] [34 [510 511 512 513 514 515 516 517 519 520 521 522 523 524]] [35 [525 526 527 528 529 530 531 532 533 534 535 536 537 538 539]] [36 [540 541 542 543 544 545 546 547 548 549 550 551 552 553 554]] [37 [555 556 557 558 559 560 561 562 563 564 565 566 567 568 569]] [38 [570 571 572 573 574 575 576 577 578 579 580 581 582 583 584]] [39 [585 586 587 588 589 590 591 592 593 594 595 596 597 598 599]] [40 [600 601 602 603 604 605 606 607 608 609 610 611 612 613 614]] [41 [615 616 617 618 619 620 621 622 623 624 625 626 627 628 629]] [42 [630 631 632 633 634 635 636 637 638 639 640 641 642 643 644]] [43 [645 646 647 648 649 650 651 652 653 654 656 657 658 659]] [44 [660 661 662 663 664 665 666 667 668 669 670 671 672 673 674]] [45 [675 676 677 678 679 680 681 682 683 684 685 686 687 688 689]] [46 [690 691 692 693 694 695 696 697 698 699 700 701 702 703 704]] [47 [705 706 707 708 709 710 711 712 713 714 715 716 717 718 719]] [48 [720 721 722 723 724 725 726 727 728 729 730 731 732 733 734]] [49 [735 736 737 738 739 740 741 742 743 744 745 746 747 748 749]] [50 [750 751 752 753 754 755 756 757 758 759 760 761 762 763 764]] [51 [765 766 767 768 769 770 771 772 773 774 775 776 777 778 779]] [52 [780 781 782 783 784 785 786 787 788 789 790 791 792 793 794]] [53 [795 796 797 798 799 800 801 802 803 804 805 806 807 808 809]] [54 [810 811 812 813 814 815 816 817 818 819 820 821 822 823 824]] [55 [825 826 827 828 829 830 831 832 833 834 835 836 837 838 839]] [56 [840 841 842 843 844 845 846 847 848 849 850 851 852 853 854]] [57 [855 856 857 858 859 860 861 862 863 864 865 866 867 868 869]] [58 [870 871 872 873 874 875 876 877 878 879 880 881 882 883 884]] [59 [885 886 887 888 889 890 891 892 893 894 895 896 897 898 899]] [60 [900 901 902 903 904 905 906 907 908 909 910 911 912 913 914]] [61 [915 916 917 918 919 920 921 922 923 924 925 926 927 928 929]] [62 [930 931 932 933 934 935 936 937 938 939 940 941 942 943 944]] [63 [945 946 947 948 949 950 951 952 953 954 955 956 957 958 959]] [64 [960 961 962 963 964 965 966 967 968 969 970 971 972 973 974]] [65 [975 976 977 978 979 980 981 984 985 986 987 988 989]] [66 [990 991 992 993 994 996 997 998 999 1000 1001 1002 1003 1004]] [67 [1005 1006 1007 1008 1009 1010 1011 1012 1013 1014 1015 1016 1017 1018 1019]] [68 [1020 1021 1022 1023 1024 1025 1026 1027 1028 1029 1030 1031 1032 1033 1034]] [69 [1035 1036 1037 1038 1039 1040 1041 1042 1043 1044 1045 1046 1047 1048 1049]] [70 [1050 1051 1052 1053 1054 1055 1056 1057 1058 1059 1060 1061 1062 1063 1064]] [71 [1065 1066 1067 1068 1069 1070 1071 1072 1073 1074 1075 1076 1077 1078 1079]] [72 [1080 1081 1082 1083 1084 1085 1086 1087 1088 1089 1090 1091 1092 1093 1094]] [73 [1095 1096 1097 1098 1099 1100 1101 1102 1103 1104 1105 1106 1107 1108 1109]] [74 [1110 1111 1112 1113 1114 1115 1116 1117 1118 1119 1120 1121 1122 1123 1124]] [75 [1125 1126 1127 1128 1129 1130 1131 1132 1133 1134 1135 1136 1137 1138 1139]] [76 [1140 1141 1142 1143 1144 1145 1146 1147 1148 1149 1150 1151 1152 1153 1154]] [77 [1155 1156 1157 1159 1161 1162 1163 1164 1165 1166 1167 1168 1169]] [78 [1170 1171 1172 1173 1174 1175 1176 1177 1178 1179 1180 1181 1182 1183 1184]] [79 [1185 1186 1187 1188 1189 1190 1191 1192 1193 1194 1195 1196 1197 1198 1199]] [80 [1200 1201 1202 1203 1204 1205 1206 1207 1208 1209 1210 1211 1212 1213 1214]] [81 [1215 1216 1217 1218 1219 1220 1221 1222 1223 1224 1225 1226 1227 1229]] [82 [1230 1231 1232 1233 1234 1235 1236 1237 1238 1239 1240 1241 1242 1243 1244]] [83 [1245 1246 1247 1248 1249 1250 1251 1252 1253 1254 1255 1256 1257 1258 1259]] [84 [1260 1262 1263 1264 1265 1266 1267 1269 1270 1271 1272 1273 1274]] [85 [1275 1276 1277 1278 1279 1280 1281 1282 1283 1284 1285 1286 1287 1288 1289]] [86 [1290 1291 1292 1293 1294 1295 1296 1297 1299 1300 1301 1302 1303 1304]] [87 [1305 1306 1307 1308 1309 1310 1311 1312 1313 1314 1315 1316 1317 1318 1319]] [88 [1320 1321 1322 1323 1324 1325 1326 1327 1328 1329 1330 1331 1332 1333 1334]] [89 [1335 1336 1337 1338 1339 1340 1341 1342 1343 1344 1345 1346 1347 1348 1349]] [90 [1350 1351 1352 1353 1354 1355 1356 1357 1358 1359 1360 1361 1362 1363 1364]] [91 [1365 1366 1367 1368 1369 1370 1371 1372 1373 1374 1375 1376 1377 1378 1379]] [92 [1380 1381 1382 1383 1384 1385 1386 1387 1388 1389 1390 1391 1392 1393 1394]] [93 [1395 1396 1397 1398 1399 1400 1401 1402 1403 1404 1405 1406 1407 1408 1409]] [94 [1410 1411 1412 1413 1414 1415 1416 1417 1418 1419 1420 1421 1422 1423 1424]] [95 [1425 1426 1427 1428 1429 1430 1431 1432 1433 1434 1435 1436 1437 1438 1439]] [96 [1440 1441 1442 1443 1444 1445 1446 1447 1448 1449 1450 1451 1452 1453 1454]] [97 [1455 1456 1457 1458 1459 1461 1462 1463 1464 1465 1466 1467 1468 1469]] [98 [1470 1471 1472 1473 1474 1475 1476 1477 1478 1479 1480 1481 1482 1483 1484]] [99 [1485 1486 1487 1488 1489 1491 1492 1493 1494 1495 1496 1497 1498 1499]]]","[[0 [0 1 2 3 4 5 7 8 9 10 11 12 13 14]] [1 [15 16 17 18 19 20 21 22 23 25 26 28 29]] [2 [31 33 34 35 37 38 39 41 42 43 44]] [3 [45 46 47 48 49 50 51 52 54 56 57 58]] [4 [60 61 62 63 64 65 66 67 68 69 70 71 72 73 74]] [5 [75 76 77 78 80 83 84 85 86 87 88 89]] [6 [90 91 93 94 95 97 98 99 100 102 103 104]] [7 [105 106 107 108 109 110 112 114 116 117 118]] [8 [120 121 122 123 124 125 126 127 128 131 132 133]] [9 [136 137 140 141 142 143 144 145 146 147 148 149]] [10 [150 151 152 153 154 156 157 158 159 160 162 163 164]] [11 [165 167 168 169 170 171 172 173 174 177 178 179]] [12 [180 181 182 188 189 191 192 193 194]] [13 [195 197 198 199 200 201 202 204 205 208 209]] [14 [211 212 213 214 216 217 219 220 221 222 223 224]] [15 [225 226 227 228 230 231 232 233 235 237 238 239]] [16 [240 241 242 244 245 246 247 248 253 254]] [17 [255 256 257 258 259 260 261 262 263 264 265 266 267 268]] [18 [270 271 272 273 274 275 277 278 279 281 282 284]] [19 [285 286 289 290 291 292 295 296 298 299]] [20 [300 301 302 303 304 305 306 307 309 311 312 313]] [21 [315 316 317 319 321 324 325 326 327 328 329]] [22 [330 331 332 333 334 336 337 339 340 341 342 343 344]] [23 [345 346 347 348 350 351 354 355 356 357 358 359]] [24 [360 361 362 363 364 366 367 368 370 371 372 373]] [25 [375 377 378 379 381 382 383 384 385 387 388 389]] [26 [390 391 392 393 394 396 397 398 399 400 401 402 404]] [27 [405 406 407 408 409 410 411 413 414 415 416 417 418]] [28 [421 422 423 424 425 426 427 429 430 431 432 433 434]] [29 [435 436 437 438 439 440 441 442 443 444 445 447 448 449]] [30 [450 451 452 453 455 457 458 459 461 462]] [31 [465 466 467 468 469 470 471 472 473 476 478 479]] [32 [480 483 484 485 486 488 489 490 492 493 494]] [33 [495 496 498 499 501 502 503 504 505 506 507 508]] [34 [510 511 512 513 514 515 516 517 519 520 521 522 524]] [35 [526 527 528 529 530 531 532 533 534 536 537 538 539]] [36 [541 542 543 544 546 547 548 549 550 551 552 553 554]] [37 [555 556 557 558 560 561 563 564 565 566 567 568 569]] [38 [570 571 572 573 574 575 576 577 578 579 581 582 583 584]] [39 [585 586 587 588 589 590 591 592 593 594 595 596 597 598 599]] [40 [600 601 605 606 608 609 610 611 612 614]] [41 [615 616 617 618 619 620 622 623 628 629]] [42 [630 632 633 634 635 636 637 639 640 641 642 643 644]] [43 [647 648 649 650 651 652 653 654 656 657 658 659]] [44 [660 661 662 663 664 665 667 669 670 671 672 674]] [45 [675 676 677 678 679 680 681 682 684 685 686 687 688 689]] [46 [690 691 692 693 694 695 696 697 698 699 700 701 703 704]] [47 [707 708 709 710 712 713 714 715 716 717 718 719]] [48 [720 722 724 726 729 730 731 732 733 734]] [49 [735 736 737 738 739 740 741 742 743 744 745 746 747 749]] [50 [751 752 753 754 755 757 759 760 761 762 763 764]] [51 [765 767 769 770 771 772 773 774 775 776 777 778 779]] [52 [780 782 784 785 786 789 790 791 792 793 794]] [53 [795 796 797 798 799 800 801 802 803 804 805 806 807 808 809]] [54 [810 811 812 813 814 815 817 818 819 821 822 824]] [55 [825 826 827 829 830 831 832 833 835 836 837 838 839]] [56 [840 844 845 846 847 848 849 851 852 853 854]] [57 [855 857 858 859 860 861 862 863 864 865 866 867 868 869]] [58 [870 871 872 873 874 875 877 878 880 881 882 883]] [59 [885 886 887 888 889 890 891 892 893 894 895 896 898]] [60 [900 901 902 903 904 905 906 907 908 909 910 911 912 914]] [61 [915 916 917 918 919 920 921 922 924 925 926 928 929]] [62 [931 932 933 934 935 936 937 938 939 940 941 942 944]] [63 [946 948 949 950 951 952 953 954 955 957 958 959]] [64 [960 962 963 964 965 968 969 971 972 973 974]] [65 [975 976 977 979 980 981 985 986 987 988 989]] [66 [990 991 992 993 994 996 997 998 999 1003 1004]] [67 [1005 1006 1007 1008 1009 1010 1011 1013 1014 1015 1016 1018]] [68 [1020 1022 1023 1024 1026 1028 1029 1030 1031 1032 1034]] [69 [1035 1036 1037 1038 1039 1040 1042 1043 1044 1045 1048 1049]] [70 [1050 1051 1052 1053 1054 1055 1056 1057 1058 1064]] [71 [1065 1066 1067 1068 1069 1070 1071 1072 1073 1074 1075 1077 1078 1079]] [72 [1080 1081 1082 1084 1085 1087 1088 1089 1090 1092 1093 1094]] [73 [1095 1096 1097 1099 1101 1103 1104 1105 1106 1107 1108 1109]] [74 [1110 1111 1112 1115 1116 1117 1119 1121 1122 1123 1124]] [75 [1125 1126 1127 1128 1129 1130 1131 1132 1133 1134 1136 1137 1138 1139]] [76 [1141 1142 1143 1144 1145 1146 1147 1148 1149 1150 1152 1153 1154]] [77 [1156 1157 1159 1161 1162 1163 1164 1165 1166 1167 1168 1169]] [78 [1170 1171 1172 1174 1175 1176 1177 1179 1180 1182 1183 1184]] [79 [1185 1186 1187 1189 1190 1191 1192 1193 1194 1195 1196 1197 1198 1199]] [80 [1200 1201 1202 1203 1204 1205 1206 1207 1208 1209 1210 1211 1212 1214]] [81 [1215 1216 1217 1220 1221 1222 1223 1225 1226 1227 1229]] [82 [1230 1231 1232 1233 1234 1235 1236 1237 1238 1239 1242 1243 1244]] [83 [1246 1247 1249 1250 1251 1252 1254 1255 1256 1257 1258 1259]] [84 [1260 1263 1264 1265 1266 1267 1269 1270 1271 1272 1273 1274]] [85 [1275 1276 1277 1278 1279 1281 1282 1283 1284 1287 1288 1289]] [86 [1290 1291 1292 1294 1295 1296 1297 1300 1301 1303 1304]] [87 [1305 1310 1311 1312 1314 1316 1317 1318 1319]] [88 [1320 1321 1322 1323 1324 1325 1326 1327 1328 1329 1330 1331 1332 1333 1334]] [89 [1336 1337 1338 1339 1340 1341 1342 1343 1346 1347 1348 1349]] [90 [1350 1352 1353 1355 1356 1357 1358 1359 1360 1361 1362 1363]] [91 [1366 1367 1368 1369 1370 1371 1372 1373 1374 1375 1376 1377 1378]] [92 [1382 1383 1385 1388 1389 1390 1391 1392 1393 1394]] [93 [1395 1396 1397 1398 1402 1404 1406 1408 1409]] [94 [1410 1412 1413 1414 1416 1417 1418 1419 1420 1421 1422 1424]] [95 [1425 1426 1428 1429 1430 1431 1432 1433 1435 1436 1437 1438 1439]] [96 [1441 1442 1443 1445 1446 1447 1448 1449 1450 1451 1452 1453 1454]] [97 [1455 1457 1458 1459 1461 1462 1463 1464 1465 1466 1467 1468 1469]] [98 [1470 1471 1472 1474 1475 1476 1477 1478 1479 1480 1481 1482 1483 1484]] [99 [1485 1486 1488 1489 1491 1492 1493 1494 1496 1497 1498 1499]]]",,"[[{media 50} [[""A"" [4 4 4 4 4 4 4 4 4 4]]]] [{media 51} [[""A"" [3 3 3 3 3 3 3 3 3 3]]]] [{media 52} [[""A"" [4 4 4 4 4 4 4 4 4 4]]]] [{media 53} [[""A"" [3 3 3 3 3 3 3 3 3 3]]]] [{media 54} [[""A"" [4 4 4 4 4 4 4 4 4 4]]]] [{media 55} [[""A"" [5 5 5 5 5 5 5 5 5 5]]]] [{media 56} [[""A"" [3 3 3 3 3 3 3 3 3 3]]]] [{media 57} [[""A"" [3 3 3 3 3 3 3 3 3 3]]]] [{media 58} [[""A"" [4 4 4 4 4 4 4 4 4 4]]]] [{media 59} [[""A"" [2 2 2 2 2 2 2 2 2 2]]]] [{media 60} [[""A"" [5 5 5 5 5 5 5 5 5 5]]]] [{media 61} [[""A"" [3 3 3 3 3 3 3 3 3 3]]]] [{media 62} [[""A"" [2 2 2 2 2 2 2 2 2 2]]]] [{media 63} [[""A"" [4 4 4 4 4 4 4 4 4 4]]]] [{media 64} [[""A"" [2 2 2 2 2 2 2 2 2 2]]]] [{citizen 10} [[""A"" [3 3 5 3 3 2 2 3 4 5]]]] [{citizen 32} [[""A"" [4 4 3 5 3 2 2 3 3 4]]]] [{citizen 1} [[""A"" [3 2 2 3 3 3 4 3 4 4]]]] [{citizen 6} [[""A"" [3 4 4 5 3 2 3 4 3 2]]]] [{citizen 0} [[""A"" [3 3 3 2 2 3 3 4 3 4]]]] [{citizen 17} [[""A"" [4 4 3 3 2 3 3 2 5 4]]]] [{citizen 19} [[""A"" [4 3 2 2 2 3 3 4 4 4]]]] [{citizen 24} [[""A"" [4 3 5 3 2 2 3 3 3 4]]]] [{citizen 28} [[""A"" [4 3 3 2 2 2 3 3 4 4]]]] [{citizen 13} [[""A"" [2 4 4 3 3 2 3 3 2 4]]]] [{citizen 2} [[""A"" [4 3 3 3 2 2 3 3 2 4]]]] [{citizen 4} [[""A"" [3 3 2 2 3 3 3 3 4 4]]]] [{citizen 12} [[""A"" [5 4 3 5 2 3 3 3 4 4]]]] [{citizen 5} [[""A"" [4 5 3 3 2 3 3 4 3 4]]]] [{citizen 21} [[""A"" [4 5 4 3 2 2 3 3 3 4]]]] [{citizen 7} [[""A"" [4 3 5 3 2 2 3 3 4 4]]]] [{citizen 31} [[""A"" [5 3 2 2 3 3 4 2 3 4]]]] [{citizen 39} [[""A"" [4 3 3 2 2 3 4 4 4 4]]]] [{citizen 38} [[""A"" [3 5 3 2 3 3 4 2 4 4]]]] [{citizen 36} [[""A"" [3 2 2 3 3 3 4 4 5 4]]]] [{citizen 49} [[""A"" [3 4 3 4 3 2 3 3 4 5]]]] [{citizen 37} [[""A"" [3 5 3 2 2 2 3 4 3 4]]]] [{citizen 11} [[""A"" [4 3 5 2 2 3 3 4 3 4]]]] [{citizen 41} [[""A"" [5 4 5 2 3 4 2 3 4 4]]]] [{citizen 3} [[""A"" [5 3 2 2 3 3 3 4 3 4]]]] [{citizen 43} [[""A"" [4 3 3 5 3 2 3 3 4 4]]]] [{citizen 45} [[""A"" [5 4 3 3 2 2 3 3 4 4]]]] [{citizen 9} [[""A"" [3 5 3 3 2 3 3 4 2 4]]]] [{citizen 8} [[""A"" [4 4 3 3 4 3 3 2 3 4]]]] [{citizen 33} [[""A"" [4 4 3 3 2 2 3 3 2 4]]]] [{citizen 30} [[""A"" [3 4 3 3 2 2 3 3 3 4]]]] [{citizen 42} [[""A"" [3 5 3 2 2 3 3 4 4 5]]]] [{citizen 25} [[""A"" [3 4 3 3 2 3 3 4 3 4]]]] [{citizen 27} [[""A"" [3 4 4 3 2 3 3 3 3 4]]]] [{citizen 22} [[""A"" [3 3 4 3 2 2 3 3 4 4]]]] [{citizen 15} [[""A"" [4 3 5 3 2 2 3 3 2 4]]]] [{citizen 47} [[""A"" [4 3 3 2 2 2 3 3 3 4]]]] [{citizen 23} [[""A"" [3 5 2 2 3 3 4 2 4 5]]]] [{citizen 16} [[""A"" [4 3 3 4 4 3 5 3 4 4]]]] [{citizen 18} [[""A"" [3 4 3 4 3 5 3 2 2 3]]]] [{citizen 46} [[""A"" [4 3 2 2 3 3 3 3 4 4]]]] [{citizen 20} [[""A"" [4 3 3 4 4 3 2 3 3 4]]]] [{citizen 14} [[""A"" [4 3 3 2 2 2 3 3 3 4]]]] [{citizen 35} [[""A"" [4 3 3 2 2 3 4 3 4 4]]]] [{citizen 40} [[""A"" [3 4 4 3 3 2 3 3 4 4]]]] [{citizen 48} [[""A"" [5 4 3 3 2 2 3 3 4 4]]]] [{citizen 26} [[""A"" [3 4 4 3 3 2 2 3 3 4]]]] [{citizen 29} [[""A"" [4 4 4 3 3 2 3 3 4 2]]]] [{citizen 34} [[""A"" [3 5 3 2 3 3 3 2 3 4]]]]]"
"45","[85 0 170]","68.69387755102039","12.46599762207189","4.064984254637579","""circle""","""""","9.9","{breed citizens}","false","0.5","1","""up""",,"[[""ID"" 45] [""alpha"" 1] [""beta"" 1] [""malleable"" [""A""]] [""prior"" []] [""cont_tokens"" []] [""A"" 4]]","[[0 [0 1 2 3 4 5 6 7 8 9 10 11 12 13 14]] [1 [15 16 17 18 19 20 21 22 23 25 26 28 29]] [2 [30 31 32 33 34 35 36 37 38 39 40 41 42 43 44]] [3 [45 46 47 48 49 50 51 52 53 54 55 56 57 58 59]] [4 [60 61 62 63 64 65 66 67 68 69 70 71 72 73 74]] [5 [75 76 77 78 80 83 84 85 86 87 88 89]] [6 [90 91 92 93 94 95 96 97 98 99 100 101 102 103 104]] [7 [105 106 107 108 109 110 111 112 113 114 115 116 117 118 119]] [8 [120 121 122 123 124 125 126 127 128 129 130 131 132 133 134]] [9 [135 136 137 138 139 140 141 142 143 144 145 146 147 148 149]] [10 [150 151 152 153 154 155 156 157 158 159 160 161 162 163 164]] [11 [165 166 167 168 169 170 171 172 173 174 175 176 177 178 179]] [12 [180 181 182 183 184 185 186 187 188 189 190 191 192 193 194]] [13 [195 196 197 198 199 200 201 202 203 204 205 206 207 208 209]] [14 [210 211 212 213 214 215 216 217 218 219 220 221 222 223 224]] [15 [225 226 227 228 229 230 231 232 233 234 235 236 237 238 239]] [16 [240 241 242 243 244 245 246 247 248 249 250 251 252 253 254]] [17 [255 256 257 258 259 260 261 262 263 264 265 266 267 268 269]] [18 [270 271 272 273 274 275 276 277 278 279 280 281 282 283 284]] [19 [285 286 287 288 289 290 291 292 293 294 295 296 297 298 299]] [20 [300 301 302 303 304 305 306 307 309 310 311 312 313 314]] [21 [315 316 317 318 319 320 321 322 323 324 325 326 327 328 329]] [22 [330 331 332 333 334 335 336 337 338 339 340 341 342 343 344]] [23 [345 346 347 348 349 350 351 352 353 354 355 356 357 358 359]] [24 [360 361 362 363 364 365 366 367 368 369 370 371 372 373 374]] [25 [375 376 377 378 379 380 381 382 383 384 385 386 387 388 389]] [26 [390 391 392 393 394 395 396 397 398 399 400 401 402 403 404]] [27 [405 406 407 408 409 410 411 412 413 414 415 416 417 418 419]] [28 [420 421 422 423 424 425 426 427 428 429 430 431 432 433 434]] [29 [435 436 437 438 439 440 441 442 443 444 445 446 447 448 449]] [30 [450 451 452 453 454 455 456 457 458 459 460 461 462 463 464]] [31 [465 466 467 468 469 470 471 472 473 474 475 476 477 478 479]] [32 [480 481 482 483 484 485 486 487 488 489 490 491 492 493 494]] [33 [495 496 497 498 499 500 501 502 503 504 505 506 507 508 509]] [34 [510 511 512 513 514 515 516 517 519 520 521 522 523 524]] [35 [525 526 527 528 529 530 531 532 533 534 535 536 537 538 539]] [36 [540 541 542 543 544 545 546 547 548 549 550 551 552 553 554]] [37 [555 556 557 558 559 560 561 562 563 564 565 566 567 568 569]] [38 [570 571 572 573 574 575 576 577 578 579 580 581 582 583 584]] [39 [585 586 587 588 589 590 591 592 593 594 595 596 597 598 599]] [40 [600 601 602 603 604 605 606 607 608 609 610 611 612 613 614]] [41 [615 616 617 618 619 620 621 622 623 624 625 626 627 628 629]] [42 [630 631 632 633 634 635 636 637 638 639 640 641 642 643 644]] [43 [645 646 647 648 649 650 651 652 653 654 656 657 658 659]] [44 [660 661 662 663 664 665 666 667 668 669 670 671 672 673 674]] [45 [675 676 677 678 679 680 681 682 683 684 685 686 687 688 689]] [46 [690 691 692 693 694 695 696 697 698 699 700 701 702 703 704]] [47 [705 706 707 708 709 710 711 712 713 714 715 716 717 718 719]] [48 [720 721 722 723 724 725 726 727 728 729 730 731 732 733 734]] [49 [735 736 737 738 739 740 741 742 743 744 745 746 747 748 749]] [50 [750 751 752 753 754 755 756 757 758 759 760 761 762 763 764]] [51 [765 766 767 768 769 770 771 772 773 774 775 776 777 778 779]] [52 [780 781 782 783 784 785 786 787 788 789 790 791 792 793 794]] [53 [795 796 797 798 799 800 801 802 803 804 805 806 807 808 809]] [54 [810 811 812 813 814 815 816 817 818 819 820 821 822 823 824]] [55 [825 826 827 828 829 830 831 832 833 834 835 836 837 838 839]] [56 [840 841 842 843 844 845 846 847 848 849 850 851 852 853 854]] [57 [855 856 857 858 859 860 861 862 863 864 865 866 867 868 869]] [58 [870 871 872 873 874 875 876 877 878 879 880 881 882 883 884]] [59 [885 886 887 888 889 890 891 892 893 894 895 896 897 898 899]] [60 [900 901 902 903 904 905 906 907 908 909 910 911 912 913 914]] [61 [915 916 917 918 919 920 921 922 923 924 925 926 927 928 929]] [62 [930 931 932 933 934 935 936 937 938 939 940 941 942 943 944]] [63 [945 946 947 948 949 950 951 952 953 954 955 956 957 958 959]] [64 [960 961 962 963 964 965 966 967 968 969 970 971 972 973 974]] [65 [975 976 977 978 979 980 981 984 985 986 987 988 989]] [66 [990 991 992 993 994 996 997 998 999 1000 1001 1002 1003 1004]] [67 [1005 1006 1007 1008 1009 1010 1011 1012 1013 1014 1015 1016 1017 1018 1019]] [68 [1020 1022 1023 1024 1025 1026 1027 1028 1029 1030 1031 1032 1034]] [69 [1035 1036 1037 1038 1039 1040 1041 1042 1043 1044 1045 1046 1047 1048 1049]] [70 [1050 1051 1052 1053 1054 1055 1056 1057 1058 1059 1060 1061 1062 1063 1064]] [71 [1065 1066 1067 1068 1069 1070 1071 1072 1073 1074 1075 1076 1077 1078 1079]] [72 [1080 1081 1082 1083 1084 1085 1086 1087 1088 1089 1090 1091 1092 1093 1094]] [73 [1095 1096 1097 1098 1099 1100 1101 1102 1103 1104 1105 1106 1107 1108 1109]] [74 [1110 1111 1112 1113 1114 1115 1116 1117 1118 1119 1120 1121 1122 1123 1124]] [75 [1125 1126 1127 1128 1129 1130 1131 1132 1133 1134 1135 1136 1137 1138 1139]] [76 [1140 1141 1142 1143 1144 1145 1146 1147 1148 1149 1150 1151 1152 1153 1154]] [77 [1155 1156 1157 1159 1161 1162 1163 1164 1165 1166 1167 1168 1169]] [78 [1170 1171 1172 1173 1174 1175 1176 1177 1178 1179 1180 1181 1182 1183 1184]] [79 [1185 1186 1187 1188 1189 1190 1191 1192 1193 1194 1195 1196 1197 1198 1199]] [80 [1200 1201 1202 1203 1204 1205 1206 1207 1208 1209 1210 1211 1212 1213 1214]] [81 [1215 1216 1217 1218 1219 1220 1221 1222 1223 1224 1225 1226 1227 1229]] [82 [1230 1231 1232 1233 1234 1235 1236 1237 1238 1239 1240 1241 1242 1243 1244]] [83 [1245 1246 1247 1248 1249 1250 1251 1252 1253 1254 1255 1256 1257 1258 1259]] [84 [1260 1262 1263 1264 1265 1266 1267 1269 1270 1271 1272 1273 1274]] [85 [1275 1276 1277 1278 1279 1280 1281 1282 1283 1284 1285 1286 1287 1288 1289]] [86 [1290 1291 1292 1293 1294 1295 1296 1297 1299 1300 1301 1302 1303 1304]] [87 [1305 1306 1307 1308 1309 1310 1311 1312 1313 1314 1315 1316 1317 1318 1319]] [88 [1320 1321 1322 1323 1324 1325 1326 1327 1328 1329 1330 1331 1332 1333 1334]] [89 [1335 1336 1337 1338 1339 1340 1341 1342 1343 1344 1345 1346 1347 1348 1349]] [90 [1350 1351 1352 1353 1354 1355 1356 1357 1358 1359 1360 1361 1362 1363 1364]] [91 [1365 1366 1367 1368 1369 1370 1371 1372 1373 1374 1375 1376 1377 1378 1379]] [92 [1380 1381 1382 1383 1384 1385 1386 1387 1388 1389 1390 1391 1392 1393 1394]] [93 [1395 1396 1397 1398 1399 1400 1401 1402 1403 1404 1405 1406 1407 1408 1409]] [94 [1410 1411 1412 1413 1414 1415 1416 1417 1418 1419 1420 1421 1422 1423 1424]] [95 [1425 1426 1427 1428 1429 1430 1431 1432 1433 1434 1435 1436 1437 1438 1439]] [96 [1440 1441 1442 1443 1444 1445 1446 1447 1448 1449 1450 1451 1452 1453 1454]] [97 [1455 1456 1457 1458 1459 1461 1462 1463 1464 1465 1466 1467 1468 1469]] [98 [1470 1471 1472 1473 1474 1475 1476 1477 1478 1479 1480 1481 1482 1483 1484]] [99 [1485 1486 1487 1488 1489 1491 1492 1493 1494 1495 1496 1497 1498 1499]]]","[[0 [2 3 4 6 7 8 9 10 11 12 13 14]] [1 [15 16 17 18 21 22 23 25 26 28 29]] [2 [30 32 34 35 36 37 38 39 40 41 42 43 44]] [3 [45 46 47 48 49 50 51 52 54 55 58]] [4 [60 62 63 64 65 66 67 68 69 70 71 72 73 74]] [5 [75 76 77 78 80 83 84 85 86 87 88 89]] [6 [90 91 93 94 95 97 98 99 100 102 103 104]] [7 [105 106 107 108 109 110 111 113 114 116 118]] [8 [120 121 122 123 125 126 127 128 131 132 134]] [9 [135 136 137 140 141 143 145 146 147]] [10 [152 153 154 155 156 157 158 159 161 163 164]] [11 [165 167 168 169 170 171 172 173 174 175 176 179]] [12 [180 181 182 183 186 187 188 189 190 191 193 194]] [13 [195 198 199 200 201 202 204 205 208 209]] [14 [210 211 212 213 214 216 217 219 220 221 222 223 224]] [15 [225 226 227 228 230 231 232 233 235 237 238 239]] [16 [240 241 242 243 246 247 248 249 250 251 252 253 254]] [17 [255 256 257 258 259 260 262 263 264 265 266 267 268]] [18 [272 273 275 278 279 281 282 284]] [19 [285 286 287 288 291 292 293 294 295 296 298 299]] [20 [300 301 302 303 304 305 306 309 311 312 313]] [21 [315 316 317 318 319 320 321 325 326 327 328 329]] [22 [330 331 332 333 335 336 337 338 339 340 341 342 343]] [23 [345 346 347 348 350 351 354 355 356 357 358 359]] [24 [360 361 362 363 364 365 366 367 368 370 371 372 373 374]] [25 [375 377 378 379 381 383 384 385 386 387 388 389]] [26 [391 392 393 395 398 399 400 401 402 404]] [27 [405 406 407 408 409 410 411 412 413 414 415 416 417 418 419]] [28 [420 421 422 424 425 426 427 429 430 431 432 433 434]] [29 [435 436 437 439 440 441 442 443 444 445 446 447 448 449]] [30 [450 451 452 453 456 457 458 459 461 463 464]] [31 [465 466 467 468 469 470 471 472 473 475 477]] [32 [481 482 485 486 487 488 489 490 491 492 493 494]] [33 [495 496 498 499 501 502 503 504 505 506 507 508]] [34 [510 511 512 513 514 515 516 517 520 521 523]] [35 [525 526 527 528 529 530 531 532 533 534 536 537 538 539]] [36 [540 541 542 543 544 546 547 548 549 550 551 552 553 554]] [37 [555 556 557 558 559 560 561 563 564 565 566 567 568 569]] [38 [570 572 573 574 575 576 577 578 579 581 582 583 584]] [39 [585 586 587 588 589 590 591 592 593 594 595 596 597 598 599]] [40 [600 601 602 603 604 605 607 608 609 610 613 614]] [41 [615 616 617 618 619 620 622 623 624 625 626 627 628 629]] [42 [630 632 633 634 635 636 637 638 640 641 642 643 644]] [43 [647 648 650 651 652 653 654 656 657 658 659]] [44 [660 661 663 664 666 667 668 669 670 671 672 674]] [45 [675 676 677 678 679 680 681 682 683 684 685 686 687 688 689]] [46 [690 691 692 693 694 695 696 697 698 699 700 701 702 703 704]] [47 [707 708 709 710 714 715 716 717 718 719]] [48 [720 722 724 725 726 727 728 729 730 731 732 733 734]] [49 [735 736 737 738 739 740 741 742 743 744 745 746 748 749]] [50 [750 752 753 754 755 757 759 760 761 762 763 764]] [51 [765 766 767 769 770 771 772 773 774 775 776 777 778 779]] [52 [780 781 782 785 786 787 788 789 790 791 792 793 794]] [53 [795 796 797 798 799 800 801 802 804 805 806]] [54 [811 812 813 814 815 816 817 819 820 821 823 824]] [55 [826 827 834 836 837 838 839]] [56 [840 843 844 845 847 848 849 851 852 853]] [57 [855 857 858 859 861 862 863 864 865 866 867 868 869]] [58 [870 871 872 873 874 876 878 880 881 882 884]] [59 [885 886 887 888 889 890 891 892 893 896 898]] [60 [900 901 902 903 904 905 906 909 910 911 913]] [61 [915 916 917 918 919 920 921 922 924 925 926 927]] [62 [930 931 932 933 934 935 936 937 938 939 940 941 942 944]] [63 [946 947 948 949 950 951 952 953 954 955 956 957 958 959]] [64 [960 961 962 963 964 965 966 967 968 969 971 972 973 974]] [65 [975 976 977 978 979 980 981 984 985 986 987 988 989]] [66 [990 991 992 993 994 996 997 998 999 1001 1002 1003]] [67 [1005 1006 1007 1008 1009 1010 1011 1012 1013 1014 1015 1016 1018 1019]] [68 [1020 1022 1023 1024 1025 1026 1027 1028 1029 1034]] [69 [1035 1036 1037 1038 1039 1040 1041 1042 1043 1044 1045 1048 1049]] [70 [1050 1051 1052 1053 1054 1055 1056 1057 1059 1060 1061 1062 1063 1064]] [71 [1066 1067 1068 1069 1070 1072 1073 1074 1075 1076 1078]] [72 [1080 1081 1082 1083 1084 1085 1087 1088 1089 1091 1092 1093 1094]] [73 [1095 1096 1097 1098 1100 1101 1103 1104 1106 1107 1108 1109]] [74 [1110 1111 1112 1115 1116 1118 1119 1122 1123 1124]] [75 [1125 1126 1127 1128 1129 1130 1131 1132 1133 1134 1135 1136 1137 1138 1139]] [76 [1141 1142 1143 1144 1145 1146 1147 1148 1149 1150 1152 1153 1154]] [77 [1155 1156 1157 1159 1161 1162 1163 1164 1165 1166 1167 1168]] [78 [1170 1171 1172 1173 1174 1175 1176 1177 1181 1182 1183 1184]] [79 [1185 1186 1187 1191 1195 1196 1197 1198 1199]] [80 [1200 1201 1202 1203 1204 1205 1206 1207 1208 1209 1210 1211 1212 1214]] [81 [1215 1216 1217 1218 1219 1220 1221 1222 1224 1225 1226 1227 1229]] [82 [1230 1231 1232 1233 1234 1235 1236 1237 1238 1239 1242 1243]] [83 [1245 1246 1247 1249 1250 1251 1252 1254 1255 1256 1257 1258 1259]] [84 [1260 1264 1265 1266 1267 1270 1271 1272 1273 1274]] [85 [1275 1276 1277 1278 1279 1282 1283 1284 1285 1286 1287 1288 1289]] [86 [1290 1291 1292 1294 1295 1296 1297 1299 1300 1301]] [87 [1306 1307 1308 1309 1310 1311 1313 1315 1316 1317 1318 1319]] [88 [1320 1321 1323 1324 1325 1326 1327 1328 1329 1330 1331 1332 1333 1334]] [89 [1336 1337 1338 1339 1340 1341 1342 1343 1344 1345 1346 1347 1348 1349]] [90 [1350 1351 1352 1353 1355 1356 1357 1358 1359 1360 1361 1362 1363 1364]] [91 [1365 1366 1367 1369 1370 1371 1372 1373 1374 1376 1377 1378]] [92 [1380 1381 1383 1385 1388 1389 1390 1391 1392 1393 1394]] [93 [1395 1396 1397 1398 1402 1403 1404 1406 1407 1408 1409]] [94 [1410 1412 1413 1414 1417 1418 1419 1420 1421 1422 1423 1424]] [95 [1425 1426 1427 1428 1429 1430 1434 1437 1438 1439]] [96 [1441 1442 1444 1445 1446 1447 1448 1449 1450 1451 1452 1453 1454]] [97 [1455 1456 1457 1458 1459 1461 1462 1463 1464 1465 1466 1467 1468 1469]] [98 [1470 1471 1472 1473 1475 1476 1477 1478 1479 1480 1482 1483 1484]] [99 [1485 1486 1489 1491 1492 1493 1494 1495 1496 1497 1499]]]",,"[[{media 50} [[""A"" [4 4 4 4 4 4 4 4 4 4]]]] [{media 51} [[""A"" [3 3 3 3 3 3 3 3 3 3]]]] [{media 52} [[""A"" [4 4 4 4 4 4 4 4 4 4]]]] [{media 53} [[""A"" [3 3 3 3 3 3 3 3 3 3]]]] [{media 54} [[""A"" [4 4 4 4 4 4 4 4 4 4]]]] [{media 56} [[""A"" [3 3 3 3 3 3 3 3 3 3]]]] [{media 57} [[""A"" [3 3 3 3 3 3 3 3 3 3]]]] [{media 58} [[""A"" [4 4 4 4 4 4 4 4 4 4]]]] [{media 59} [[""A"" [2 2 2 2 2 2 2 2 2 2]]]] [{media 61} [[""A"" [3 3 3 3 3 3 3 3 3 3]]]] [{media 62} [[""A"" [2 2 2 2 2 2 2 2 2 2]]]] [{media 63} [[""A"" [4 4 4 4 4 4 4 4 4 4]]]] [{media 64} [[""A"" [2 2 2 2 2 2 2 2 2 2]]]] [{media 60} [[""A"" [5 5 5 5 5 5 5 5 5 5]]]] [{citizen 11} [[""A"" [4 4 3 5 2 2 3 4 4 2]]]] [{citizen 10} [[""A"" [4 2 3 5 3 3 2 3 4 3]]]] [{citizen 0} [[""A"" [4 3 3 3 2 3 3 4 3 4]]]] [{citizen 1} [[""A"" [3 4 3 3 2 2 3 3 4 4]]]] [{citizen 9} [[""A"" [5 3 3 2 4 3 4 3 4 2]]]] [{citizen 43} [[""A"" [3 3 2 2 3 3 4 3 4 4]]]] [{media 55} [[""A"" [5 5 5 5 5 5 5 5 5 5]]]] [{citizen 2} [[""A"" [4 3 4 3 2 3 3 4 3 2]]]] [{citizen 29} [[""A"" [4 4 3 3 2 3 4 3 4 2]]]] [{citizen 4} [[""A"" [2 3 4 3 2 3 3 4 3 4]]]] [{citizen 3} [[""A"" [3 5 3 3 3 3 4 3 4 2]]]] [{citizen 13} [[""A"" [4 3 3 2 2 3 3 4 4 2]]]] [{citizen 21} [[""A"" [2 4 4 2 2 3 3 3 4 4]]]] [{citizen 7} [[""A"" [5 3 2 2 2 3 3 4 4 4]]]] [{citizen 31} [[""A"" [4 5 5 3 2 4 3 4 4 2]]]] [{citizen 39} [[""A"" [3 3 3 2 2 3 3 4 4 2]]]] [{citizen 5} [[""A"" [3 4 5 3 3 2 3 4 3 4]]]] [{citizen 44} [[""A"" [4 2 4 3 2 3 3 3 4 4]]]] [{citizen 28} [[""A"" [2 3 4 3 3 3 2 3 3 4]]]] [{citizen 24} [[""A"" [4 5 3 3 2 2 3 3 4 3]]]] [{citizen 37} [[""A"" [4 5 3 5 3 3 2 3 4 4]]]] [{citizen 17} [[""A"" [3 3 3 3 3 4 3 4 2 5]]]] [{citizen 30} [[""A"" [3 4 3 3 2 2 3 3 4 3]]]] [{citizen 27} [[""A"" [4 4 2 3 4 3 3 3 4 3]]]] [{citizen 12} [[""A"" [3 5 3 2 3 3 4 3 4 2]]]] [{citizen 16} [[""A"" [4 3 3 4 5 3 3 3 4 4]]]] [{citizen 49} [[""A"" [4 4 3 4 3 3 3 3 4 3]]]] [{citizen 8} [[""A"" [3 4 3 3 2 3 3 4 3 4]]]] [{citizen 22} [[""A"" [4 3 3 2 2 2 3 4 3 4]]]] [{citizen 33} [[""A"" [2 4 4 3 2 2 3 4 2 4]]]] [{citizen 35} [[""A"" [3 4 4 3 3 2 2 3 4 2]]]] [{citizen 19} [[""A"" [3 4 4 3 3 2 3 4 3 4]]]] [{citizen 25} [[""A"" [4 3 3 3 3 3 4 3 4 2]]]] [{citizen 41} [[""A"" [2 3 4 5 4 2 3 4 4 2]]]] [{citizen 46} [[""A"" [3 4 4 3 2 2 3 3 4 2]]]] [{citizen 38} [[""A"" [3 4 3 5 2 3 4 3 4 2]]]] [{citizen 36} [[""A"" [4 3 4 3 2 3 3 4 4 5]]]] [{citizen 47} [[""A"" [4 3 4 4 3 2 3 3 4 3]]]] [{citizen 40} [[""A"" [3 4 4 3 4 3 3 3 2 3]]]] [{citizen 6} [[""A"" [4 4 3 4 3 3 4 3 4 2]]]] [{citizen 42} [[""A"" [4 3 3 3 2 3 3 4 3 4]]]] [{citizen 32} [[""A"" [3 4 3 5 3 2 3 3 4 3]]]] [{citizen 23} [[""A"" [5 3 2 2 2 3 4 3 4 2]]]] [{citizen 15} [[""A"" [4 3 5 3 3 2 2 3 4 2]]]] [{citizen 18} [[""A"" [4 3 4 3 4 3 3 2 3 3]]]] [{citizen 14} [[""A"" [4 3 3 2 2 4 3 4 4 4]]]] [{citizen 20} [[""A"" [3 4 3 3 3 3 4 3 4 2]]]] [{citizen 48} [[""A"" [4 4 3 3 3 3 2 3 4 3]]]] [{citizen 26} [[""A"" [4 4 3 3 3 2 2 3 4 3]]]] [{citizen 34} [[""A"" [3 3 3 2 3 3 3 4 3 2]]]]]"
"46","[85 0 170]","186.61224489795927","-1.8070278999335456","-14.183645854398836","""circle""","""""","9.9","{breed citizens}","false","0.5","1","""up""",,"[[""ID"" 46] [""alpha"" 1] [""beta"" 1] [""malleable"" [""A""]] [""prior"" []] [""cont_tokens"" []] [""A"" 4]]","[[0 [0 1 2 3 4 5 6 7 8 9 10 11 12 13 14]] [1 [15 16 17 18 19 20 21 22 23 25 26 28 29]] [2 [30 31 32 33 34 35 36 37 38 39 40 41 42 43 44]] [3 [45 46 47 48 49 50 51 52 53 54 55 56 57 58 59]] [4 [60 61 62 63 64 65 66 67 68 69 70 71 72 73 74]] [5 [75 76 77 78 80 83 84 85 86 87 88 89]] [6 [90 91 92 93 94 95 96 97 98 99 100 101 102 103 104]] [7 [105 106 107 108 109 110 111 112 113 114 115 116 117 118 119]] [8 [120 121 122 123 124 125 126 127 128 129 130 131 132 133 134]] [9 [135 136 137 138 139 140 141 142 143 144 145 146 147 148 149]] [10 [150 151 152 153 154 155 156 157 158 159 160 161 162 163 164]] [11 [165 166 167 168 169 170 171 172 173 174 175 176 177 178 179]] [12 [180 181 182 183 184 185 186 187 188 189 190 191 192 193 194]] [13 [195 196 197 198 199 200 201 202 203 204 205 206 207 208 209]] [14 [210 211 212 213 214 215 216 217 218 219 220 221 222 223 224]] [15 [225 226 227 228 229 230 231 232 233 234 235 236 237 238 239]] [16 [240 241 242 243 244 245 246 247 248 249 250 251 252 253 254]] [17 [255 256 257 258 259 260 261 262 263 264 265 266 267 268 269]] [18 [270 271 272 273 274 275 276 277 278 279 280 281 282 283 284]] [19 [285 286 287 288 289 290 291 292 293 294 295 296 297 298 299]] [20 [300 301 302 303 304 305 306 307 309 310 311 312 313 314]] [21 [315 316 317 318 319 320 321 322 323 324 325 326 327 328 329]] [22 [330 331 332 333 334 335 336 337 338 339 340 341 342 343 344]] [23 [345 346 347 348 349 350 351 352 353 354 355 356 357 358 359]] [24 [360 361 362 363 364 365 366 367 368 369 370 371 372 373 374]] [25 [375 376 377 378 379 380 381 382 383 384 385 386 387 388 389]] [26 [390 391 392 393 394 395 396 397 398 399 400 401 402 403 404]] [27 [405 406 407 408 409 410 411 412 413 414 415 416 417 418 419]] [28 [420 421 422 423 424 425 426 427 428 429 430 431 432 433 434]] [29 [435 436 437 438 439 440 441 442 443 444 445 446 447 448 449]] [30 [450 451 452 453 454 455 456 457 458 459 460 461 462 463 464]] [31 [465 466 467 468 469 470 471 472 473 474 475 476 477 478 479]] [32 [480 481 482 483 484 485 486 487 488 489 490 491 492 493 494]] [33 [495 496 497 498 499 500 501 502 503 504 505 506 507 508 509]] [34 [510 511 512 513 514 515 516 517 519 520 521 522 523 524]] [35 [525 526 527 528 529 530 531 532 533 534 535 536 537 538 539]] [36 [540 541 542 543 544 545 546 547 548 549 550 551 552 553 554]] [37 [555 556 557 558 559 560 561 562 563 564 565 566 567 568 569]] [38 [570 571 572 573 574 575 576 577 578 579 580 581 582 583 584]] [39 [585 586 587 588 589 590 591 592 593 594 595 596 597 598 599]] [40 [600 601 602 603 604 605 606 607 608 609 610 611 612 613 614]] [41 [615 616 617 618 619 620 621 622 623 624 625 626 627 628 629]] [42 [630 631 632 633 634 635 636 637 638 639 640 641 642 643 644]] [43 [645 646 647 648 649 650 651 652 653 654 656 657 658 659]] [44 [660 661 662 663 664 665 666 667 668 669 670 671 672 673 674]] [45 [675 676 677 678 679 680 681 682 683 684 685 686 687 688 689]] [46 [690 691 692 693 694 695 696 697 698 699 700 701 702 703 704]] [47 [705 706 707 708 709 710 711 712 713 714 715 716 717 718 719]] [48 [720 721 722 723 724 725 726 727 728 729 730 731 732 733 734]] [49 [735 736 737 738 739 740 741 742 743 744 745 746 747 748 749]] [50 [750 751 752 753 754 755 756 757 758 759 760 761 762 763 764]] [51 [765 766 767 768 769 770 771 772 773 774 775 776 777 778 779]] [52 [780 781 782 783 784 785 786 787 788 789 790 791 792 793 794]] [53 [795 796 797 798 799 800 801 802 803 804 805 806 807 808 809]] [54 [810 811 812 813 814 815 816 817 818 819 820 821 822 823 824]] [55 [825 826 827 828 829 830 831 832 833 834 835 836 837 838 839]] [56 [840 841 842 843 844 845 846 847 848 849 850 851 852 853 854]] [57 [855 856 857 858 859 860 861 862 863 864 865 866 867 868 869]] [58 [870 871 872 873 874 875 876 877 878 879 880 881 882 883 884]] [59 [885 886 887 888 889 890 891 892 893 894 895 896 897 898 899]] [60 [900 901 902 903 904 905 906 907 908 909 910 911 912 913 914]] [61 [915 916 917 918 919 920 921 922 923 924 925 926 927 928 929]] [62 [930 931 932 933 934 935 936 937 938 939 940 941 942 943 944]] [63 [945 946 947 948 949 950 951 952 953 954 955 956 957 958 959]] [64 [960 961 962 963 964 965 966 967 968 969 970 971 972 973 974]] [65 [975 976 977 978 979 980 981 984 985 986 987 988 989]] [66 [990 991 992 993 994 996 997 998 999 1000 1001 1002 1003 1004]] [67 [1005 1006 1007 1008 1009 1010 1011 1012 1013 1014 1015 1016 1017 1018 1019]] [68 [1020 1022 1023 1024 1025 1026 1027 1028 1029 1030 1031 1032 1034]] [69 [1035 1036 1037 1038 1039 1040 1041 1042 1043 1044 1045 1046 1047 1048 1049]] [70 [1050 1051 1052 1053 1054 1055 1056 1057 1058 1059 1060 1061 1062 1063 1064]] [71 [1065 1066 1067 1068 1069 1070 1071 1072 1073 1074 1075 1076 1077 1078 1079]] [72 [1080 1081 1082 1083 1084 1085 1086 1087 1088 1089 1090 1091 1092 1093 1094]] [73 [1095 1096 1097 1098 1099 1100 1101 1102 1103 1104 1105 1106 1107 1108 1109]] [74 [1110 1111 1112 1113 1114 1115 1116 1117 1118 1119 1120 1121 1122 1123 1124]] [75 [1125 1126 1127 1128 1129 1130 1131 1132 1133 1134 1135 1136 1137 1138 1139]] [76 [1140 1141 1142 1143 1144 1145 1146 1147 1148 1149 1150 1151 1152 1153 1154]] [77 [1155 1156 1157 1159 1161 1162 1163 1164 1165 1166 1167 1168 1169]] [78 [1170 1171 1172 1173 1174 1175 1176 1177 1178 1179 1180 1181 1182 1183 1184]] [79 [1185 1186 1187 1188 1189 1190 1191 1192 1193 1194 1195 1196 1197 1198 1199]] [80 [1200 1201 1202 1203 1204 1205 1206 1207 1208 1209 1210 1211 1212 1213 1214]] [81 [1215 1216 1217 1218 1219 1220 1221 1222 1223 1224 1225 1226 1227 1228 1229]] [82 [1230 1231 1232 1233 1234 1235 1236 1237 1238 1239 1240 1241 1242 1243 1244]] [83 [1245 1246 1247 1248 1249 1250 1251 1252 1253 1254 1255 1256 1257 1258 1259]] [84 [1260 1262 1263 1264 1265 1266 1267 1269 1270 1271 1272 1273 1274]] [85 [1275 1276 1277 1278 1279 1280 1281 1282 1283 1284 1285 1286 1287 1288 1289]] [86 [1290 1291 1292 1293 1294 1295 1296 1297 1299 1300 1301 1302 1303 1304]] [87 [1305 1306 1307 1308 1309 1310 1311 1312 1313 1314 1315 1316 1317 1318 1319]] [88 [1320 1321 1322 1323 1324 1325 1326 1327 1328 1329 1330 1331 1332 1333 1334]] [89 [1335 1336 1337 1338 1339 1340 1341 1342 1343 1344 1345 1346 1347 1348 1349]] [90 [1350 1351 1352 1353 1354 1355 1356 1357 1358 1359 1360 1361 1362 1363 1364]] [91 [1365 1366 1367 1368 1369 1370 1371 1372 1373 1374 1375 1376 1377 1378 1379]] [92 [1380 1381 1382 1383 1384 1385 1386 1387 1388 1389 1390 1391 1392 1393 1394]] [93 [1395 1396 1397 1398 1399 1400 1401 1402 1403 1404 1405 1406 1407 1408 1409]] [94 [1410 1411 1412 1413 1414 1415 1416 1417 1418 1419 1420 1421 1422 1423 1424]] [95 [1425 1426 1427 1428 1429 1430 1431 1432 1433 1434 1435 1436 1437 1438 1439]] [96 [1440 1441 1442 1443 1444 1445 1446 1447 1448 1449 1450 1451 1452 1453 1454]] [97 [1455 1456 1457 1458 1459 1460 1461 1462 1463 1464 1465 1466 1467 1468 1469]] [98 [1470 1471 1472 1473 1474 1475 1476 1477 1478 1479 1480 1481 1482 1483 1484]] [99 [1485 1486 1487 1488 1489 1491 1492 1493 1494 1495 1496 1497 1498 1499]]]","[[0 [1 2 3 4 6 7 8 9 11 12 13 14]] [1 [15 16 17 18 20 21 22 23 25 26 28 29]] [2 [30 32 33 34 35 36 38 40 41 42 43 44]] [3 [45 46 47 49 50 51 52 53 55 56 57 58]] [4 [60 61 62 64 65 66 67 68 69 70 71 73 74]] [5 [75 76 77 78 80 83 84 86 87 88 89]] [6 [90 91 92 93 94 95 97 99 100 101 104]] [7 [105 106 107 108 109 110 111 113 114 116 117 118]] [8 [120 121 122 123 124 125 126 127 128 131 132 133]] [9 [135 136 137 138 139 142 143 144 145 146 147]] [10 [150 151 152 154 156 157 158 159 160 161 163 164]] [11 [165 167 168 169 170 171 172 173 174 177 178 179]] [12 [180 181 182 183 184 185 186 187 188 189 191 193 194]] [13 [195 196 197 198 199 200 202 204 205 208 209]] [14 [210 215 216 217 218 219 220 221 222 223 224]] [15 [225 226 227 228 229 230 231 232 233 234 236 238 239]] [16 [241 242 244 245 247 248 250 251 252 253 254]] [17 [255 256 257 258 259 260 261 262 263 264 265 266 267 268]] [18 [270 271 272 273 275 279 280 283 284]] [19 [285 286 287 288 290 291 292 293 294 295 296 297 298 299]] [20 [301 302 303 304 305 306 310 311 312 313]] [21 [315 316 317 318 319 320 321 325 326 327 328 329]] [22 [330 331 332 333 335 336 337 339 340 341 342 343 344]] [23 [345 346 347 348 349 350 351 355 356 357 358 359]] [24 [360 361 362 363 364 367 368 369 370 371 372 373 374]] [25 [375 377 378 379 381 382 383 384 385 387 388 389]] [26 [390 391 392 393 394 396 397 398 399 400 401 402 403 404]] [27 [405 406 407 408 409 410 411 413 414 415 416 417 418 419]] [28 [420 421 422 424 425 426 427 429 430 431 432 433 434]] [29 [435 436 437 440 441 442 443 444 445 446 447 448 449]] [30 [450 451 452 453 454 455 457 458 459 460 461 462]] [31 [466 467 468 469 470 471 472 473 474 475 477 478 479]] [32 [480 483 484 485 486 487 490 492 493 494]] [33 [495 496 498 499 501 502 503 504 505 506 507 508]] [34 [510 511 512 513 514 515 516 517 520 521 522 523 524]] [35 [526 527 528 529 530 531 532 534 535 536 538 539]] [36 [540 542 544 545 546 547 548 549 550 551 552 554]] [37 [555 556 557 558 559 560 561 563 564 565 566 567 568 569]] [38 [570 572 573 574 575 577 578 579 581 582 583 584]] [39 [585 586 587 588 589 590 592 593 594 596 597 598 599]] [40 [600 601 602 603 604 605 607 608 609 610 613 614]] [41 [615 616 617 618 619 620 621 622 623 624 625 626 627 628]] [42 [630 632 633 634 635 636 637 638 640 642 643 644]] [43 [645 646 647 648 649 651 652 653 654 657 658 659]] [44 [660 661 662 663 664 666 667 669 670 671 672]] [45 [675 676 677 678 679 680 681 682 684 685]] [46 [690 691 692 693 694 695 696 697 699 700 701 703 704]] [47 [707 708 711 712 713 715 716 717 718 719]] [48 [720 722 724 725 726 727 728 729 730 731 732 733 734]] [49 [735 736 737 738 739 740 741 742 743 744 745 746 747 749]] [50 [750 751 752 753 754 755 756 757 761 762 763 764]] [51 [765 766 767 772 773 774 775 776 777 778 779]] [52 [780 781 782 784 785 786 787 788 789 790 791 792 793 794]] [53 [795 796 797 798 799 800 801 802 803 804 805 806 807 808 809]] [54 [810 811 812 813 814 815 816 817 818 819 820 821 823 824]] [55 [825 826 827 829 830 831 832 833 835 836 837 838 839]] [56 [840 844 846 847 848 849 850 851 852 853]] [57 [855 856 857 858 859 860 861 862 863 864 865 866 867 868 869]] [58 [870 871 872 873 874 876 879 880 881 882 884]] [59 [887 888 889 890 891 892 893 894 895 896 898]] [60 [900 901 902 903 904 905 906 909 910 911 913]] [61 [915 916 917 918 919 920 921 922 924 925 926 927 928 929]] [62 [930 931 932 933 934 935 936 937 938 939 943]] [63 [945 947 948 949 950 951 952 953 954 955 956 957 958 959]] [64 [960 962 963 964 965 966 967 968 969 971 972 973 974]] [65 [975 976 977 978 979 980 981 984 985 986 987 988 989]] [66 [990 991 992 993 994 996 997 998 999 1000 1001 1002 1003 1004]] [67 [1005 1006 1007 1008 1009 1010 1011 1013 1014 1015 1016 1018 1019]] [68 [1020 1022 1023 1024 1025 1026 1027 1028 1029 1030 1031 1032 1034]] [69 [1035 1036 1037 1039 1040 1042 1043 1044 1046 1047 1049]] [70 [1050 1051 1052 1053 1054 1055 1056 1057 1059 1060 1061 1062 1063]] [71 [1065 1066 1067 1068 1069 1070 1072 1073 1074 1075 1077 1078]] [72 [1080 1081 1082 1083 1086 1087 1088 1089 1090 1091 1092 1093 1094]] [73 [1095 1096 1097 1098 1100 1101 1102 1105 1106 1107 1108 1109]] [74 [1110 1111 1112 1114 1115 1116 1117 1118 1120 1121 1122 1123 1124]] [75 [1125 1126 1127 1128 1129 1130 1131 1132 1133 1134 1136 1137 1138 1139]] [76 [1142 1143 1144 1145 1146 1147 1148 1149 1150 1152 1153 1154]] [77 [1156 1157 1159 1161 1162 1163 1164 1165 1166 1167 1168 1169]] [78 [1170 1171 1172 1175 1177 1178 1179 1180 1182 1183 1184]] [79 [1185 1186 1187 1190 1192 1193 1194 1198 1199]] [80 [1200 1201 1202 1203 1205 1206 1207 1208 1209 1211 1213]] [81 [1215 1216 1217 1218 1219 1220 1221 1222 1224 1225 1226 1227 1229]] [82 [1230 1231 1232 1233 1234 1235 1236 1237 1238 1239 1242 1243]] [83 [1245 1246 1247 1248 1250 1251 1252 1254 1255 1256 1257 1258 1259]] [84 [1262 1263 1264 1265 1266 1267 1269 1271 1272 1273 1274]] [85 [1275 1276 1277 1278 1279 1282 1283 1284 1286 1287 1288 1289]] [86 [1292 1294 1295 1296 1297 1299 1300 1301]] [87 [1306 1307 1308 1309 1310 1311 1313 1315 1316 1317 1318 1319]] [88 [1320 1321 1322 1323 1324 1325 1326 1327 1328 1329 1330 1331 1332 1333 1334]] [89 [1336 1337 1338 1339 1340 1341 1342 1343 1346 1347 1348 1349]] [90 [1350 1351 1352 1353 1354 1355 1356 1357 1358 1359 1360 1361 1362 1364]] [91 [1365 1366 1367 1368 1369 1370 1372 1373 1374 1376 1377 1378]] [92 [1380 1381 1382 1383 1384 1386 1387 1388 1389 1390 1391 1392 1393 1394]] [93 [1395 1396 1397 1398 1399 1400 1401 1402 1404 1405 1406 1408 1409]] [94 [1410 1412 1413 1415 1416 1417 1418 1419 1420 1421 1422 1424]] [95 [1425 1426 1427 1429 1430 1432 1433 1435 1436 1437 1438 1439]] [96 [1440 1443 1445 1446 1447 1448 1449 1451 1452 1453]] [97 [1455 1456 1457 1458 1459 1461 1462 1463 1464 1465 1466 1467 1468 1469]] [98 [1470 1471 1472 1474 1476 1477 1478 1479 1480 1482 1483 1484]] [99 [1485 1486 1488 1489 1491 1492 1493 1494 1495 1496 1497 1498 1499]]]",,"[[{media 50} [[""A"" [4 4 4 4 4 4 4 4 4 4]]]] [{media 51} [[""A"" [3 3 3 3 3 3 3 3 3 3]]]] [{media 52} [[""A"" [4 4 4 4 4 4 4 4 4 4]]]] [{media 53} [[""A"" [3 3 3 3 3 3 3 3 3 3]]]] [{media 54} [[""A"" [4 4 4 4 4 4 4 4 4 4]]]] [{media 56} [[""A"" [3 3 3 3 3 3 3 3 3 3]]]] [{media 57} [[""A"" [3 3 3 3 3 3 3 3 3 3]]]] [{media 58} [[""A"" [4 4 4 4 4 4 4 4 4 4]]]] [{media 59} [[""A"" [2 2 2 2 2 2 2 2 2 2]]]] [{media 61} [[""A"" [3 3 3 3 3 3 3 3 3 3]]]] [{media 62} [[""A"" [2 2 2 2 2 2 2 2 2 2]]]] [{media 63} [[""A"" [4 4 4 4 4 4 4 4 4 4]]]] [{media 64} [[""A"" [2 2 2 2 2 2 2 2 2 2]]]] [{media 60} [[""A"" [5 5 5 5 5 5 5 5 5 5]]]] [{citizen 40} [[""A"" [4 4 4 4 3 3 3 2 3 4]]]] [{citizen 10} [[""A"" [3 5 3 3 2 2 3 4 3 5]]]] [{citizen 11} [[""A"" [3 2 2 3 3 4 4 2 3 5]]]] [{citizen 0} [[""A"" [4 5 3 3 2 3 3 4 3 5]]]] [{citizen 1} [[""A"" [5 3 2 2 3 3 4 4 3 4]]]] [{citizen 9} [[""A"" [3 3 2 2 4 3 3 3 4 2]]]] [{citizen 14} [[""A"" [4 3 3 2 4 3 3 4 3 4]]]] [{media 55} [[""A"" [5 5 5 5 5 5 5 5 5 5]]]] [{citizen 2} [[""A"" [3 3 2 2 3 3 4 3 2 5]]]] [{citizen 4} [[""A"" [4 5 3 3 2 3 4 3 3 4]]]] [{citizen 13} [[""A"" [5 3 3 2 2 3 4 3 4 2]]]] [{citizen 21} [[""A"" [5 4 3 2 2 3 3 4 4 5]]]] [{citizen 7} [[""A"" [5 3 2 2 2 3 4 4 4 5]]]] [{citizen 31} [[""A"" [5 3 2 4 3 3 4 4 2 3]]]] [{citizen 39} [[""A"" [5 3 3 2 2 3 4 4 2 4]]]] [{citizen 5} [[""A"" [4 5 3 3 2 3 3 3 4 3]]]] [{citizen 44} [[""A"" [4 5 5 3 3 2 3 4 4 5]]]] [{citizen 28} [[""A"" [4 5 3 3 2 3 3 4 4 4]]]] [{citizen 24} [[""A"" [3 3 2 2 2 3 4 3 3 5]]]] [{citizen 37} [[""A"" [3 5 3 3 2 3 4 4 3 5]]]] [{citizen 17} [[""A"" [3 3 2 3 3 3 4 2 5 4]]]] [{citizen 30} [[""A"" [4 4 3 2 2 3 3 4 3 5]]]] [{citizen 3} [[""A"" [2 5 5 3 2 3 3 4 3 5]]]] [{citizen 27} [[""A"" [2 3 4 3 3 2 3 3 3 3]]]] [{citizen 12} [[""A"" [3 3 2 2 3 3 4 3 4 5]]]] [{citizen 16} [[""A"" [4 5 5 3 4 3 4 4 5 4]]]] [{citizen 49} [[""A"" [4 5 3 3 2 3 4 3 4 5]]]] [{citizen 8} [[""A"" [3 4 5 3 3 2 2 3 3 4]]]] [{citizen 22} [[""A"" [4 3 3 2 2 2 3 4 3 4]]]] [{citizen 33} [[""A"" [4 3 3 2 2 3 4 2 4 5]]]] [{citizen 35} [[""A"" [3 3 2 2 2 4 3 4 5 4]]]] [{citizen 19} [[""A"" [3 3 2 3 3 4 3 4 5 4]]]] [{citizen 25} [[""A"" [4 5 3 3 3 2 3 3 4 3]]]] [{citizen 41} [[""A"" [5 4 5 3 2 4 4 2 3 4]]]] [{citizen 38} [[""A"" [3 2 2 3 4 3 4 2 5 4]]]] [{citizen 36} [[""A"" [3 3 2 3 3 4 3 4 5 4]]]] [{citizen 47} [[""A"" [4 4 3 3 2 3 3 4 3 5]]]] [{citizen 6} [[""A"" [4 5 3 2 3 3 4 3 4 2]]]] [{citizen 43} [[""A"" [3 3 2 2 3 3 4 3 4 4]]]] [{citizen 45} [[""A"" [5 3 3 2 3 3 4 3 4 4]]]] [{citizen 42} [[""A"" [5 3 3 2 2 3 4 3 4 5]]]] [{citizen 15} [[""A"" [5 3 3 2 2 3 4 3 2 5]]]] [{citizen 32} [[""A"" [3 4 5 5 3 2 3 4 3 5]]]] [{citizen 23} [[""A"" [3 2 2 3 3 4 3 4 2 5]]]] [{citizen 18} [[""A"" [4 3 4 4 3 5 3 3 2 3]]]] [{citizen 20} [[""A"" [4 3 3 2 3 3 4 3 4 5]]]] [{citizen 48} [[""A"" [3 2 2 3 4 3 4 3 5 4]]]] [{citizen 26} [[""A"" [5 4 3 3 3 2 2 3 3 4]]]] [{citizen 29} [[""A"" [3 3 2 3 3 4 3 4 2 5]]]] [{citizen 34} [[""A"" [3 2 3 3 3 4 3 2 3 5]]]]]"
"47","[85 0 170]","348.97959183673447","-0.7480628883488584","6.538353910668438","""circle""","""""","9.9","{breed citizens}","false","0.5","1","""up""",,"[[""ID"" 47] [""alpha"" 1] [""beta"" 1] [""malleable"" [""A""]] [""prior"" []] [""cont_tokens"" []] [""A"" 4]]","[[0 [0 1 2 3 4 5 6 7 8 9 10 11 12 13 14]] [1 [15 16 17 18 19 20 21 22 23 25 26 28 29]] [2 [30 31 32 33 34 35 36 37 38 39 40 41 42 43 44]] [3 [45 46 47 48 49 50 51 52 53 54 55 56 57 58 59]] [4 [60 61 62 63 64 65 66 67 68 69 70 71 72 73 74]] [5 [75 76 77 78 80 83 84 85 86 87 88 89]] [6 [90 91 92 93 94 95 96 97 98 99 100 101 102 103 104]] [7 [105 106 107 108 109 110 111 112 113 114 115 116 117 118 119]] [8 [120 121 122 123 124 125 126 127 128 129 130 131 132 133 134]] [9 [135 136 137 138 139 140 141 142 143 144 145 146 147 148 149]] [10 [150 151 152 153 154 155 156 157 158 159 160 161 162 163 164]] [11 [165 166 167 168 169 170 171 172 173 174 175 176 177 178 179]] [12 [180 181 182 183 184 185 186 187 188 189 190 191 192 193 194]] [13 [195 196 197 198 199 200 201 202 203 204 205 206 207 208 209]] [14 [210 211 212 213 214 215 216 217 218 219 220 221 222 223 224]] [15 [225 226 227 228 229 230 231 232 233 234 235 236 237 238 239]] [16 [240 241 242 243 244 245 246 247 248 249 250 251 252 253 254]] [17 [255 256 257 258 259 260 261 262 263 264 265 266 267 268 269]] [18 [270 271 272 273 274 275 276 277 278 279 280 281 282 283 284]] [19 [285 286 287 288 289 290 291 292 293 294 295 296 297 298 299]] [20 [300 301 302 303 304 305 306 307 309 310 311 312 313 314]] [21 [315 316 317 318 319 320 321 322 323 324 325 326 327 328 329]] [22 [330 331 332 333 334 335 336 337 338 339 340 341 342 343 344]] [23 [345 346 347 348 349 350 351 352 353 354 355 356 357 358 359]] [24 [360 361 362 363 364 365 366 367 368 369 370 371 372 373 374]] [25 [375 376 377 378 379 380 381 382 383 384 385 386 387 388 389]] [26 [390 391 392 393 394 395 396 397 398 399 400 401 402 403 404]] [27 [405 406 407 408 409 410 411 412 413 414 415 416 417 418 419]] [28 [420 421 422 423 424 425 426 427 428 429 430 431 432 433 434]] [29 [435 436 437 438 439 440 441 442 443 444 445 446 447 448 449]] [30 [450 451 452 453 454 455 456 457 458 459 460 461 462 463 464]] [31 [465 466 467 468 469 470 471 472 473 474 475 476 477 478 479]] [32 [480 481 482 483 484 485 486 487 488 489 490 491 492 493 494]] [33 [495 496 497 498 499 500 501 502 503 504 505 506 507 508 509]] [34 [510 511 512 513 514 515 516 517 519 520 521 522 523 524]] [35 [525 526 527 528 529 530 531 532 533 534 535 536 537 538 539]] [36 [540 541 542 543 544 545 546 547 548 549 550 551 552 553 554]] [37 [555 556 557 558 559 560 561 562 563 564 565 566 567 568 569]] [38 [570 571 572 573 574 575 576 577 578 579 580 581 582 583 584]] [39 [585 586 587 588 589 590 591 592 593 594 595 596 597 598 599]] [40 [600 601 602 603 604 605 606 607 608 609 610 611 612 613 614]] [41 [615 616 617 618 619 620 621 622 623 624 625 626 627 628 629]] [42 [630 631 632 633 634 635 636 637 638 639 640 641 642 643 644]] [43 [645 646 647 648 649 650 651 652 653 654 656 657 658 659]] [44 [660 661 662 663 664 665 666 667 668 669 670 671 672 673 674]] [45 [675 676 677 678 679 680 681 682 683 684 685 686 687 688 689]] [46 [690 691 692 693 694 695 696 697 698 699 700 701 702 703 704]] [47 [705 706 707 708 709 710 711 712 713 714 715 716 717 718 719]] [48 [720 721 722 723 724 725 726 727 728 729 730 731 732 733 734]] [49 [735 736 737 738 739 740 741 742 743 744 745 746 747 748 749]] [50 [750 751 752 753 754 755 756 757 758 759 760 761 762 763 764]] [51 [765 766 767 768 769 770 771 772 773 774 775 776 777 778 779]] [52 [780 781 782 783 784 785 786 787 788 789 790 791 792 793 794]] [53 [795 796 797 798 799 800 801 802 803 804 805 806 807 808 809]] [54 [810 811 812 813 814 815 816 817 818 819 820 821 822 823 824]] [55 [825 826 827 828 829 830 831 832 833 834 835 836 837 838 839]] [56 [840 841 842 843 844 845 846 847 848 849 850 851 852 853 854]] [57 [855 856 857 858 859 860 861 862 863 864 865 866 867 868 869]] [58 [870 871 872 873 874 875 876 877 878 879 880 881 882 883 884]] [59 [885 886 887 888 889 890 891 892 893 894 895 896 897 898 899]] [60 [900 901 902 903 904 905 906 907 908 909 910 911 912 913 914]] [61 [915 916 917 918 919 920 921 922 923 924 925 926 927 928 929]] [62 [930 931 932 933 934 935 936 937 938 939 940 941 942 943 944]] [63 [945 946 947 948 949 950 951 952 953 954 955 956 957 958 959]] [64 [960 961 962 963 964 965 966 967 968 969 970 971 972 973 974]] [65 [975 976 977 978 979 980 981 984 985 986 987 988 989]] [66 [990 991 992 993 994 996 997 998 999 1000 1001 1002 1003 1004]] [67 [1005 1006 1007 1008 1009 1010 1011 1012 1013 1014 1015 1016 1017 1018 1019]] [68 [1020 1022 1023 1024 1025 1026 1027 1028 1029 1030 1031 1032 1034]] [69 [1035 1036 1037 1038 1039 1040 1041 1042 1043 1044 1045 1046 1047 1048 1049]] [70 [1050 1051 1052 1053 1054 1055 1056 1057 1058 1059 1060 1061 1062 1063 1064]] [71 [1065 1066 1067 1068 1069 1070 1071 1072 1073 1074 1075 1076 1077 1078 1079]] [72 [1080 1081 1082 1083 1084 1085 1086 1087 1088 1089 1090 1091 1092 1093 1094]] [73 [1095 1096 1097 1098 1099 1100 1101 1102 1103 1104 1105 1106 1107 1108 1109]] [74 [1110 1111 1112 1113 1114 1115 1116 1117 1118 1119 1120 1121 1122 1123 1124]] [75 [1125 1126 1127 1128 1129 1130 1131 1132 1133 1134 1135 1136 1137 1138 1139]] [76 [1140 1141 1142 1143 1144 1145 1146 1147 1148 1149 1150 1151 1152 1153 1154]] [77 [1155 1156 1157 1159 1161 1162 1163 1164 1165 1166 1167 1168 1169]] [78 [1170 1171 1172 1173 1174 1175 1176 1177 1178 1179 1180 1181 1182 1183 1184]] [79 [1185 1186 1187 1188 1189 1190 1191 1192 1193 1194 1195 1196 1197 1198 1199]] [80 [1200 1201 1202 1203 1204 1205 1206 1207 1208 1209 1210 1211 1212 1213 1214]] [81 [1215 1216 1217 1218 1219 1220 1221 1222 1223 1224 1225 1226 1227 1229]] [82 [1230 1231 1232 1233 1234 1235 1236 1237 1238 1239 1240 1241 1242 1243 1244]] [83 [1245 1246 1247 1248 1249 1250 1251 1252 1253 1254 1255 1256 1257 1258 1259]] [84 [1260 1262 1263 1264 1265 1266 1267 1269 1270 1271 1272 1273 1274]] [85 [1275 1276 1277 1278 1279 1280 1281 1282 1283 1284 1285 1286 1287 1288 1289]] [86 [1290 1291 1292 1293 1294 1295 1296 1297 1299 1300 1301 1302 1303 1304]] [87 [1305 1306 1307 1308 1309 1310 1311 1312 1313 1314 1315 1316 1317 1318 1319]] [88 [1320 1321 1322 1323 1324 1325 1326 1327 1328 1329 1330 1331 1332 1333 1334]] [89 [1335 1336 1337 1338 1339 1340 1341 1342 1343 1344 1345 1346 1347 1348 1349]] [90 [1350 1351 1352 1353 1354 1355 1356 1357 1358 1359 1360 1361 1362 1363 1364]] [91 [1365 1366 1367 1368 1369 1370 1371 1372 1373 1374 1375 1376 1377 1378 1379]] [92 [1380 1381 1382 1383 1384 1385 1386 1387 1388 1389 1390 1391 1392 1393 1394]] [93 [1395 1396 1397 1398 1399 1400 1401 1402 1403 1404 1405 1406 1407 1408 1409]] [94 [1410 1411 1412 1413 1414 1415 1416 1417 1418 1419 1420 1421 1422 1423 1424]] [95 [1425 1426 1427 1428 1429 1430 1431 1432 1433 1434 1435 1436 1437 1438 1439]] [96 [1440 1441 1442 1443 1444 1445 1446 1447 1448 1449 1450 1451 1452 1453 1454]] [97 [1455 1456 1457 1458 1459 1461 1462 1463 1464 1465 1466 1467 1468 1469]] [98 [1470 1471 1472 1473 1474 1475 1476 1477 1478 1479 1480 1481 1482 1483 1484]] [99 [1485 1486 1487 1488 1489 1491 1492 1493 1494 1495 1496 1497 1498 1499]]]","[[0 [0 1 2 3 4 6 7 8 9 11 12 13 14]] [1 [15 16 17 18 19 20 21 22 23 25 26 28 29]] [2 [31 33 34 35 36 37 38 40 41 42 43 44]] [3 [45 46 47 48 49 50 51 52 54 55 58]] [4 [60 62 63 64 65 66 67 68 69 70 71 73 74]] [5 [75 76 77 78 80 83 84 86 87 88 89]] [6 [91 92 94 95 98 99 100 102 103 104]] [7 [105 106 107 108 109 110 112 114 115 117 118 119]] [8 [120 121 122 123 124 125 126 127 128 131 132 133]] [9 [136 137 138 139 140 141 143 144 145 146 147]] [10 [150 151 153 154 156 157 158 159 160 161]] [11 [165 167 168 170 171 172 173 174 177 178 179]] [12 [180 181 182 183 184 185 186 187 188 189 191 192 193 194]] [13 [195 198 199 200 201 203 204 205 208 209]] [14 [211 212 213 214 216 217 219 220 222 223 224]] [15 [225 226 227 228 230 231 232 233 234 236 239]] [16 [240 241 242 244 245 246 247 248 249 250 251 252 253 254]] [17 [255 256 257 258 259 260 262 263 264 265 266 267 268]] [18 [270 271 274 275 276 277 278 279 280 283 284]] [19 [285 286 290 291 292 293 294 295 296 298 299]] [20 [300 301 302 303 304 305 306 307 309 310 311 312 313]] [21 [315 316 317 318 319 320 321 324 325 326 327 328 329]] [22 [330 331 332 333 335 336 337 338 339 340 341 342 343]] [23 [345 346 347 348 350 351 355 356 357 358 359]] [24 [360 361 362 363 364 365 366 367 368 369 370 371 372 373]] [25 [376 378 379 380 381 382 383 384 385 387 388 389]] [26 [391 392 393 394 396 397 398 399 400 401 402]] [27 [405 406 407 408 409 410 411 412 413 414 415 416 417 418 419]] [28 [420 421 422 423 424 425 426 427 429 430 431 432 433 434]] [29 [435 437 439 440 441 442 443 444 445 446 447 448]] [30 [450 451 452 453 454 455 457 458 459 461 462]] [31 [466 467 468 469 470 471 472 473 474 475 477 478 479]] [32 [480 481 482 484 485 486 487 490 492 493 494]] [33 [495 497 499 500 501 502 503 504 505 506 507 508]] [34 [510 511 512 513 514 515 516 517 520 521 523]] [35 [525 526 527 528 529 530 531 532 534 535 536 537 538 539]] [36 [540 543 544 545 546 547 548 549 550 551 552 554]] [37 [555 556 557 558 559 560 561 562 563 564 565 566 567 568 569]] [38 [570 572 573 574 575 576 577 578 579 581 582 583 584]] [39 [585 586 587 588 589 590 592 593 594 596 597 598 599]] [40 [600 601 602 603 604 605 606 609 610 613 614]] [41 [615 616 617 618 619 620 622 623 625 626 627 628 629]] [42 [630 632 633 634 635 636 637 639 640 642 643 644]] [43 [645 646 647 648 650 651 652 653 654 656 657]] [44 [660 661 662 663 664 665 668 669 670 671 672 674]] [45 [675 676 677 678 679 680 681 682 683 686 687 688 689]] [46 [690 691 692 693 694 695 696 697 700 701 702 703 704]] [47 [705 706 707 708 709 710 714 716 717 718 719]] [48 [720 721 722 724 725 726 727 728 730 731 732 733 734]] [49 [735 736 737 738 739 740 741 742 743 744 745 746 747 749]] [50 [750 751 752 753 754 755 757 762 763 764]] [51 [765 768 769 770 771 772 773 774 775 776 777 778 779]] [52 [780 781 782 785 786 787 788 789 790 791 792 793 794]] [53 [795 796 797 798 799 800 801 802 803 804 805 806 807 808 809]] [54 [810 811 812 813 814 815 817 819 821 822 824]] [55 [825 826 827 829 830 831 832 833 835 837 838 839]] [56 [840 841 842 843 844 845 846 847 848 849 850 851 852 853]] [57 [855 856 857 858 859 860 861 862 863 864 865 866 867 868 869]] [58 [870 871 872 873 874 876 879 880 881 882 883]] [59 [885 886 887 888 889 890 891 892 894 895 896 897 899]] [60 [902 903 904 905 906 907 908 909 910 911 912 914]] [61 [915 916 917 918 919 920 921 922 924 925 926 928 929]] [62 [930 931 932 933 934 935 936 937 938 939 941 942 944]] [63 [946 948 949 950 951 952 953 954 955 956 957 958 959]] [64 [960 961 962 963 964 965 966 967 968 969 970 973 974]] [65 [975 976 977 978 979 980 981 985 986 987 988 989]] [66 [990 991 992 993 994 996 997 998 999 1000 1001 1002 1003 1004]] [67 [1005 1006 1007 1008 1009 1010 1011 1012 1013 1014 1015 1016 1018 1019]] [68 [1020 1022 1023 1024 1025 1026 1027 1028 1029 1030 1031 1032 1034]] [69 [1035 1036 1037 1039 1040 1041 1042 1043 1044 1045 1048 1049]] [70 [1050 1051 1052 1053 1054 1055 1056 1057 1058 1059 1060 1061 1062 1063 1064]] [71 [1066 1067 1068 1069 1070 1072 1073 1074 1075 1078 1079]] [72 [1080 1081 1082 1084 1085 1089 1091 1092 1093 1094]] [73 [1095 1096 1097 1099 1100 1101 1103 1104 1105 1106 1107 1108 1109]] [74 [1110 1111 1112 1114 1115 1116 1117 1118 1119 1121 1122 1123 1124]] [75 [1125 1126 1127 1128 1129 1130 1131 1132 1133 1134 1135 1136 1137 1138 1139]] [76 [1141 1142 1143 1144 1145 1146 1147 1148 1149 1150 1153 1154]] [77 [1156 1157 1159 1161 1162 1163 1164 1165 1166 1167 1168]] [78 [1170 1171 1172 1173 1174 1178 1179 1180 1182 1183 1184]] [79 [1185 1186 1187 1189 1190 1191 1195 1196 1197 1198 1199]] [80 [1200 1201 1202 1203 1204 1205 1206 1207 1208 1209 1211 1212 1214]] [81 [1215 1216 1217 1221 1222 1224 1225 1226 1227 1229]] [82 [1230 1231 1232 1233 1234 1235 1237 1238 1239 1242 1243]] [83 [1245 1246 1247 1249 1250 1251 1252 1253 1254 1255 1256 1257 1258 1259]] [84 [1262 1263 1265 1266 1267 1270 1271 1272 1273 1274]] [85 [1275 1276 1277 1278 1279 1281 1282 1283 1284 1286 1287 1288 1289]] [86 [1292 1294 1295 1296 1297 1299 1300 1301 1303 1304]] [87 [1305 1307 1308 1309 1310 1311 1313 1315 1316 1317 1318 1319]] [88 [1320 1321 1323 1324 1325 1326 1327 1328 1329 1330 1331 1332 1333]] [89 [1335 1337 1338 1339 1340 1341 1342 1343 1344 1345 1347 1348 1349]] [90 [1350 1351 1352 1353 1355 1356 1357 1358 1359 1360 1361 1362 1363 1364]] [91 [1365 1366 1367 1369 1370 1371 1372 1373 1374 1375 1376 1377 1378]] [92 [1381 1382 1383 1385 1388 1389 1390 1391 1392 1393 1394]] [93 [1395 1396 1397 1398 1399 1400 1401 1402 1404 1406 1407 1408 1409]] [94 [1410 1411 1412 1413 1414 1416 1417 1418 1419 1420 1421 1422 1423 1424]] [95 [1425 1426 1427 1428 1429 1430 1433 1435 1436 1437 1438 1439]] [96 [1440 1443 1445 1446 1447 1448 1449 1451 1452 1453 1454]] [97 [1455 1457 1458 1459 1461 1462 1463 1464 1465 1466 1467 1468 1469]] [98 [1470 1471 1472 1473 1474 1476 1477 1478 1479 1480 1482 1483 1484]] [99 [1485 1486 1487 1488 1489 1491 1492 1493 1494 1496 1497 1498 1499]]]",,"[[{media 50} [[""A"" [4 4 4 4 4 4 4 4 4 4]]]] [{media 51} [[""A"" [3 3 3 3 3 3 3 3 3 3]]]] [{media 52} [[""A"" [4 4 4 4 4 4 4 4 4 4]]]] [{media 53} [[""A"" [3 3 3 3 3 3 3 3 3 3]]]] [{media 54} [[""A"" [4 4 4 4 4 4 4 4 4 4]]]] [{media 55} [[""A"" [5 5 5 5 5 5 5 5 5 5]]]] [{media 56} [[""A"" [3 3 3 3 3 3 3 3 3 3]]]] [{media 57} [[""A"" [3 3 3 3 3 3 3 3 3 3]]]] [{media 58} [[""A"" [4 4 4 4 4 4 4 4 4 4]]]] [{media 59} [[""A"" [2 2 2 2 2 2 2 2 2 2]]]] [{media 60} [[""A"" [5 5 5 5 5 5 5 5 5 5]]]] [{media 61} [[""A"" [3 3 3 3 3 3 3 3 3 3]]]] [{media 62} [[""A"" [2 2 2 2 2 2 2 2 2 2]]]] [{media 63} [[""A"" [4 4 4 4 4 4 4 4 4 4]]]] [{media 64} [[""A"" [2 2 2 2 2 2 2 2 2 2]]]] [{citizen 39} [[""A"" [4 5 3 3 3 2 3 4 4 4]]]] [{citizen 11} [[""A"" [2 2 3 3 4 4 3 4 5 4]]]] [{citizen 31} [[""A"" [5 3 2 4 3 3 4 4 3 4]]]] [{citizen 0} [[""A"" [2 5 3 3 2 3 4 4 3 5]]]] [{citizen 7} [[""A"" [5 3 2 2 3 3 4 4 4 4]]]] [{citizen 8} [[""A"" [4 4 3 5 3 3 2 3 4 4]]]] [{citizen 13} [[""A"" [4 5 3 3 2 3 4 4 4 4]]]] [{citizen 19} [[""A"" [5 3 2 2 3 3 4 4 4 4]]]] [{citizen 4} [[""A"" [3 5 3 2 3 3 4 3 4 4]]]] [{citizen 5} [[""A"" [5 3 3 3 2 3 3 4 4 4]]]] [{citizen 17} [[""A"" [5 3 3 2 3 3 4 4 5 4]]]] [{citizen 3} [[""A"" [2 2 3 5 5 3 3 4 4 4]]]] [{citizen 2} [[""A"" [3 3 2 2 3 3 4 3 5 4]]]] [{citizen 21} [[""A"" [5 4 3 2 3 3 4 4 4 4]]]] [{citizen 44} [[""A"" [4 2 5 3 3 3 4 4 5 4]]]] [{citizen 28} [[""A"" [3 3 2 2 2 3 3 4 4 4]]]] [{citizen 24} [[""A"" [3 5 3 3 2 2 3 4 3 4]]]] [{citizen 37} [[""A"" [3 3 2 2 3 3 4 4 3 4]]]] [{citizen 30} [[""A"" [3 5 3 2 2 3 3 4 4 4]]]] [{citizen 27} [[""A"" [5 3 3 3 3 4 3 3 4 4]]]] [{citizen 12} [[""A"" [5 3 5 3 2 3 3 4 3 4]]]] [{citizen 16} [[""A"" [3 4 3 5 3 4 4 4 5 4]]]] [{citizen 49} [[""A"" [3 4 5 3 3 3 3 4 4 5]]]] [{citizen 1} [[""A"" [3 2 2 3 3 4 4 3 4 4]]]] [{citizen 22} [[""A"" [3 3 2 2 3 3 4 4 4 4]]]] [{citizen 33} [[""A"" [2 5 3 3 2 3 3 4 4 4]]]] [{citizen 35} [[""A"" [3 3 2 2 3 4 3 4 5 4]]]] [{citizen 25} [[""A"" [3 5 3 3 3 2 3 4 3 4]]]] [{citizen 9} [[""A"" [3 5 3 2 4 3 3 4 4 4]]]] [{citizen 41} [[""A"" [4 2 3 5 4 3 4 4 3 4]]]] [{citizen 10} [[""A"" [3 5 3 3 2 2 3 4 5 4]]]] [{citizen 46} [[""A"" [3 5 3 2 2 3 3 4 4 4]]]] [{citizen 40} [[""A"" [4 3 5 3 3 3 3 3 4 4]]]] [{citizen 6} [[""A"" [4 3 5 3 2 3 3 4 4 4]]]] [{citizen 38} [[""A"" [2 3 5 3 5 2 3 4 4 4]]]] [{citizen 36} [[""A"" [3 5 3 2 3 3 4 4 5 4]]]] [{citizen 43} [[""A"" [5 3 3 2 3 3 4 4 4 4]]]] [{citizen 45} [[""A"" [5 3 3 2 2 3 4 3 4 4]]]] [{citizen 42} [[""A"" [3 3 2 2 4 3 4 4 4 5]]]] [{citizen 18} [[""A"" [2 3 4 3 5 3 2 3 3 4]]]] [{citizen 15} [[""A"" [5 3 3 2 2 3 3 4 4 4]]]] [{citizen 14} [[""A"" [3 2 2 4 3 3 4 3 4 4]]]] [{citizen 20} [[""A"" [3 3 2 3 3 4 3 4 4 5]]]] [{citizen 32} [[""A"" [3 5 3 2 3 3 4 3 4 4]]]] [{citizen 48} [[""A"" [3 3 3 2 3 4 4 3 4 4]]]] [{citizen 26} [[""A"" [5 4 3 3 3 2 3 3 3 4]]]] [{citizen 29} [[""A"" [3 3 2 3 3 4 3 4 5 4]]]] [{citizen 34} [[""A"" [3 3 2 4 3 3 3 4 3 4]]]] [{citizen 23} [[""A"" [2 2 4 3 3 4 3 4 5 4]]]]]"
"48","[85 0 170]","356.3265306122447","0.024667647737859177","7.284825491108566","""circle""","""""","9.9","{breed citizens}","false","0.5","1","""up""",,"[[""ID"" 48] [""alpha"" 1] [""beta"" 1] [""malleable"" [""A""]] [""prior"" []] [""cont_tokens"" []] [""A"" 4]]","[[0 [0 1 2 3 4 5 6 7 8 9 10 11 12 13 14]] [1 [15 16 17 18 19 20 21 22 23 25 26 28 29]] [2 [30 31 32 33 34 35 36 37 38 39 40 41 42 43 44]] [3 [45 46 47 48 49 50 51 52 53 54 55 56 57 58 59]] [4 [60 61 62 63 64 65 66 67 68 69 70 71 72 73 74]] [5 [75 76 77 78 80 83 84 85 86 87 88 89]] [6 [90 91 92 93 94 95 96 97 98 99 100 101 102 103 104]] [7 [105 106 107 108 109 110 111 112 113 114 115 116 117 118 119]] [8 [120 121 122 123 124 125 126 127 128 129 130 131 132 133 134]] [9 [135 136 137 138 139 140 141 142 143 144 145 146 147 148 149]] [10 [150 151 152 153 154 155 156 157 158 159 160 161 162 163 164]] [11 [165 166 167 168 169 170 171 172 173 174 175 176 177 178 179]] [12 [180 181 182 183 184 185 186 187 188 189 190 191 192 193 194]] [13 [195 196 197 198 199 200 201 202 203 204 205 206 207 208 209]] [14 [210 211 212 213 214 215 216 217 218 219 220 221 222 223 224]] [15 [225 226 227 228 229 230 231 232 233 234 235 236 237 238 239]] [16 [240 241 242 243 244 245 246 247 248 249 250 251 252 253 254]] [17 [255 256 257 258 259 260 261 262 263 264 265 266 267 268 269]] [18 [270 271 272 273 274 275 276 277 278 279 280 281 282 283 284]] [19 [285 286 287 288 289 290 291 292 293 294 295 296 297 298 299]] [20 [300 301 302 303 304 305 306 307 309 310 311 312 313 314]] [21 [315 316 317 318 319 320 321 322 323 324 325 326 327 328 329]] [22 [330 331 332 333 334 335 336 337 338 339 340 341 342 343 344]] [23 [345 346 347 348 349 350 351 352 353 354 355 356 357 358 359]] [24 [360 361 362 363 364 365 366 367 368 369 370 371 372 373 374]] [25 [375 376 377 378 379 380 381 382 383 384 385 386 387 388 389]] [26 [390 391 392 393 394 395 396 397 398 399 400 401 402 403 404]] [27 [405 406 407 408 409 410 411 412 413 414 415 416 417 418 419]] [28 [420 421 422 423 424 425 426 427 428 429 430 431 432 433 434]] [29 [435 436 437 438 439 440 441 442 443 444 445 446 447 448 449]] [30 [450 451 452 453 454 455 456 457 458 459 460 461 462 463 464]] [31 [465 466 467 468 469 470 471 472 473 474 475 476 477 478 479]] [32 [480 481 482 483 484 485 486 487 488 489 490 491 492 493 494]] [33 [495 496 497 498 499 500 501 502 503 504 505 506 507 508 509]] [34 [510 511 512 513 514 515 516 517 519 520 521 522 523 524]] [35 [525 526 527 528 529 530 531 532 533 534 535 536 537 538 539]] [36 [540 541 542 543 544 545 546 547 548 549 550 551 552 553 554]] [37 [555 556 557 558 559 560 561 562 563 564 565 566 567 568 569]] [38 [570 571 572 573 574 575 576 577 578 579 580 581 582 583 584]] [39 [585 586 587 588 589 590 591 592 593 594 595 596 597 598 599]] [40 [600 601 602 603 604 605 606 607 608 609 610 611 612 613 614]] [41 [615 616 617 618 619 620 621 622 623 624 625 626 627 628 629]] [42 [630 631 632 633 634 635 636 637 638 639 640 641 642 643 644]] [43 [645 646 647 648 649 650 651 652 653 654 656 657 658 659]] [44 [660 661 662 663 664 665 666 667 668 669 670 671 672 673 674]] [45 [675 676 677 678 679 680 681 682 683 684 685 686 687 688 689]] [46 [690 691 692 693 694 695 696 697 698 699 700 701 702 703 704]] [47 [705 706 707 708 709 710 711 712 713 714 715 716 717 718 719]] [48 [720 721 722 723 724 725 726 727 728 729 730 731 732 733 734]] [49 [735 736 737 738 739 740 741 742 743 744 745 746 747 748 749]] [50 [750 751 752 753 754 755 756 757 758 759 760 761 762 763 764]] [51 [765 766 767 768 769 770 771 772 773 774 775 776 777 778 779]] [52 [780 781 782 783 784 785 786 787 788 789 790 791 792 793 794]] [53 [795 796 797 798 799 800 801 802 803 804 805 806 807 808 809]] [54 [810 811 812 813 814 815 816 817 818 819 820 821 822 823 824]] [55 [825 826 827 828 829 830 831 832 833 834 835 836 837 838 839]] [56 [840 841 842 843 844 845 846 847 848 849 850 851 852 853 854]] [57 [855 856 857 858 859 860 861 862 863 864 865 866 867 868 869]] [58 [870 871 872 873 874 875 876 877 878 879 880 881 882 883 884]] [59 [885 886 887 888 889 890 891 892 893 894 895 896 897 898 899]] [60 [900 901 902 903 904 905 906 907 908 909 910 911 912 913 914]] [61 [915 916 917 918 919 920 921 922 923 924 925 926 927 928 929]] [62 [930 931 932 933 934 935 936 937 938 939 940 941 942 943 944]] [63 [945 946 947 948 949 950 951 952 953 954 955 956 957 958 959]] [64 [960 961 962 963 964 965 966 967 968 969 970 971 972 973 974]] [65 [975 976 977 978 979 980 981 982 983 984 985 986 987 988 989]] [66 [990 991 992 993 994 996 997 998 999 1000 1001 1002 1003 1004]] [67 [1005 1006 1007 1008 1009 1010 1011 1012 1013 1014 1015 1016 1017 1018 1019]] [68 [1020 1022 1023 1024 1025 1026 1027 1028 1029 1030 1031 1032 1034]] [69 [1035 1036 1037 1038 1039 1040 1041 1042 1043 1044 1045 1046 1047 1048 1049]] [70 [1050 1051 1052 1053 1054 1055 1056 1057 1058 1059 1060 1061 1062 1063 1064]] [71 [1065 1066 1067 1068 1069 1070 1071 1072 1073 1074 1075 1076 1077 1078 1079]] [72 [1080 1081 1082 1083 1084 1085 1086 1087 1088 1089 1090 1091 1092 1093 1094]] [73 [1095 1096 1097 1098 1099 1100 1101 1102 1103 1104 1105 1106 1107 1108 1109]] [74 [1110 1111 1112 1113 1114 1115 1116 1117 1118 1119 1120 1121 1122 1123 1124]] [75 [1125 1126 1127 1128 1129 1130 1131 1132 1133 1134 1135 1136 1137 1138 1139]] [76 [1140 1141 1142 1143 1144 1145 1146 1147 1148 1149 1150 1151 1152 1153 1154]] [77 [1155 1156 1157 1159 1161 1162 1163 1164 1165 1166 1167 1168 1169]] [78 [1170 1171 1172 1173 1174 1175 1176 1177 1178 1179 1180 1181 1182 1183 1184]] [79 [1185 1186 1187 1188 1189 1190 1191 1192 1193 1194 1195 1196 1197 1198 1199]] [80 [1200 1201 1202 1203 1204 1205 1206 1207 1208 1209 1210 1211 1212 1213 1214]] [81 [1215 1216 1217 1218 1219 1220 1221 1222 1223 1224 1225 1226 1227 1228 1229]] [82 [1230 1231 1232 1233 1234 1235 1236 1237 1238 1239 1240 1241 1242 1243 1244]] [83 [1245 1246 1247 1248 1249 1250 1251 1252 1253 1254 1255 1256 1257 1258 1259]] [84 [1260 1262 1263 1264 1265 1266 1267 1269 1270 1271 1272 1273 1274]] [85 [1275 1276 1277 1278 1279 1280 1281 1282 1283 1284 1285 1286 1287 1288 1289]] [86 [1290 1291 1292 1293 1294 1295 1296 1297 1299 1300 1301 1302 1303 1304]] [87 [1305 1306 1307 1308 1309 1310 1311 1312 1313 1314 1315 1316 1317 1318 1319]] [88 [1320 1321 1322 1323 1324 1325 1326 1327 1328 1329 1330 1331 1332 1333 1334]] [89 [1335 1336 1337 1338 1339 1340 1341 1342 1343 1344 1345 1346 1347 1348 1349]] [90 [1350 1351 1352 1353 1354 1355 1356 1357 1358 1359 1360 1361 1362 1363 1364]] [91 [1365 1366 1367 1368 1369 1370 1371 1372 1373 1374 1375 1376 1377 1378 1379]] [92 [1380 1381 1382 1383 1384 1385 1386 1387 1388 1389 1390 1391 1392 1393 1394]] [93 [1395 1396 1397 1398 1399 1400 1401 1402 1403 1404 1405 1406 1407 1408 1409]] [94 [1410 1411 1412 1413 1414 1415 1416 1417 1418 1419 1420 1421 1422 1423 1424]] [95 [1425 1426 1427 1428 1429 1430 1431 1432 1433 1434 1435 1436 1437 1438 1439]] [96 [1440 1441 1442 1443 1444 1445 1446 1447 1448 1449 1450 1451 1452 1453 1454]] [97 [1455 1456 1457 1458 1459 1461 1462 1463 1464 1465 1466 1467 1468 1469]] [98 [1470 1471 1472 1473 1474 1475 1476 1477 1478 1479 1480 1481 1482 1483 1484]] [99 [1485 1486 1487 1488 1489 1491 1492 1493 1494 1495 1496 1497 1498 1499]]]","[[0 [6 7 8 9 11 12 13 14]] [1 [15 16 17 18 19 20 21 22 23 25 26 28 29]] [2 [31 33 34 35 37 38 40 41 42 43 44]] [3 [45 46 47 48 49 50 51 52 54 56 57 58 59]] [4 [61 62 63 64 65 66 67 68 69 70 71 72 73 74]] [5 [75 76 77 78 80 83 84 85 86 87 88 89]] [6 [90 91 92 94 95 97 98 99 100 102 103 104]] [7 [105 106 107 108 109 110 112 114 116 117 118]] [8 [120 121 122 123 124 125 126 127 128 131 132 133]] [9 [135 136 137 138 139 142 143 144 145 146 147 148 149]] [10 [150 151 153 154 156 157 158 159 161]] [11 [165 166 169 170 171 172 173 174 175 176 177 178 179]] [12 [180 181 182 183 185 186 187 188 189 192 193 194]] [13 [195 196 197 198 199 200 201 202 203 204 205 208 209]] [14 [210 211 212 213 214 216 217 218 219 220 221 222 223 224]] [15 [225 226 227 228 229 230 231 232 233 235 237 238 239]] [16 [241 242 243 246 247 248 253 254]] [17 [255 256 257 258 259 260 262 263 264 265 266 267 268]] [18 [270 271 272 273 275 276 277 278 279 281 282 283 284]] [19 [285 287 288 290 291 292 293 294 295 296 297 298 299]] [20 [300 302 303 304 305 306 309 310 313 314]] [21 [317 318 319 320 321 325 326 327 328 329]] [22 [330 331 332 333 334 336 337 339 340 341 342 343]] [23 [346 347 348 350 351 355 356 357 358 359]] [24 [360 361 362 363 364 365 366 367 368 369 370 373]] [25 [375 377 378 379 380 381 382 383 384 385 386 387 388 389]] [26 [391 392 393 395 396 397 398 399 400 401 402 404]] [27 [405 406 407 408 409 410 411 412 413 414 415 416 417 418]] [28 [421 422 423 424 425 426 427 429 430 431 432 433 434]] [29 [435 436 437 439 440 441 442 444 445 446 447 448 449]] [30 [450 451 452 453 456 457 458 459 461 462 464]] [31 [465 466 467 468 469 470 471 472 473 474 475 477]] [32 [481 482 485 486 488 489 490 491 493 494]] [33 [495 497 498 499 500 501 502 503 504 505 506 507 508]] [34 [510 511 512 513 514 515 516 517 520 521 523 524]] [35 [526 527 528 529 530 531 532 534 535 536 537 538 539]] [36 [540 543 544 545 546 547 548 549 550 551 552 553 554]] [37 [555 556 557 558 560 561 563 564 565 566 567 568 569]] [38 [570 572 573 574 575 576 577 578 579 581 582 583 584]] [39 [585 586 587 588 589 590 592 593 594 596 597 598 599]] [40 [600 601 603 604 605 607 608 609 610 611 612 614]] [41 [615 617 618 619 620 621 622 623 624 625 626 627 628 629]] [42 [630 632 633 634 635 636 637 639 640 641 642 643 644]] [43 [647 648 650 651 652 653 654 656 657]] [44 [660 661 663 664 665 666 667 669 670 671 672 673 674]] [45 [675 676 677 678 679 680 681 682 683 686 687 688 689]] [46 [690 691 692 693 694 695 696 697 699 700 701 703 704]] [47 [707 708 711 712 713 714 715 716 717 718]] [48 [720 722 723 725 726 728 730 731 732 733 734]] [49 [735 736 737 738 739 740 741 742 743 744 745 746 747 749]] [50 [751 752 753 754 755 756 757 759 760 761 762 763 764]] [51 [765 767 772 773 774 775 776 777 778 779]] [52 [780 781 782 783 784 785 786 789 790 791 792 793 794]] [53 [795 796 797 798 799 800 801 802 803 804 805 806 808 809]] [54 [810 811 812 813 814 815 816 817 818 819 820 821 823 824]] [55 [826 827 828 829 830 831 832 833 835 836 837 838 839]] [56 [841 842 843 844 845 846 847 848 849 850 851 852 853]] [57 [855 857 858 866 867 868]] [58 [870 871 872 873 874 875 877 878 879 880 881 882 883]] [59 [885 886 887 888 889 890 891 892 893 896 898]] [60 [900 901 902 903 904 905 906 909 910 911 912 914]] [61 [915 916 917 918 919 920 921 922 924 925 926 927]] [62 [930 931 932 933 934 935 937 938 939 940 941 942 944]] [63 [946 948 949 950 951 952 954 955 956 957 958 959]] [64 [960 962 963 964 965 966 967 968 969 971 972]] [65 [978 979 980 981 984 985 986 987 988 989]] [66 [990 991 992 993 994 996 997 998 999 1001 1002 1003]] [67 [1005 1006 1007 1008 1009 1010 1011 1012 1013 1014 1015 1016 1018 1019]] [68 [1020 1022 1023 1024 1025 1026 1028 1029 1030 1031 1032 1034]] [69 [1036 1037 1039 1040 1041 1042 1043 1044 1046 1047 1049]] [70 [1050 1051 1052 1053 1054 1055 1056 1057 1059 1060 1061 1062 1063]] [71 [1065 1066 1067 1068 1069 1070 1071 1074 1075 1076 1079]] [72 [1080 1081 1082 1083 1084 1085 1087 1088 1089 1090 1091 1092 1093 1094]] [73 [1095 1096 1097 1098 1100 1101 1102 1104 1106 1107 1108 1109]] [74 [1110 1111 1112 1114 1115 1116 1118 1120 1121 1122 1123 1124]] [75 [1125 1126 1127 1128 1129 1130 1131 1132 1133 1134 1136 1137 1138 1139]] [76 [1142 1143 1144 1145 1146 1147 1148 1149 1150 1152 1153 1154]] [77 [1156 1157 1159 1161 1162 1163 1164 1165 1166 1167 1168 1169]] [78 [1170 1171 1172 1173 1174 1175 1176 1177 1178 1179 1180 1182 1183 1184]] [79 [1185 1186 1187 1188 1189 1190 1192 1193 1194 1195 1196 1197 1198 1199]] [80 [1200 1201 1202 1203 1204 1205 1206 1207 1208 1209 1210 1211 1213]] [81 [1215 1216 1217 1218 1219 1220 1221 1222 1224 1225 1226 1227 1229]] [82 [1230 1231 1232 1233 1234 1235 1237 1238 1239 1242 1243 1244]] [83 [1246 1247 1249 1250 1251 1252 1254 1255 1256 1257 1258 1259]] [84 [1262 1263 1264 1265 1266 1267 1270 1271 1272 1273 1274]] [85 [1275 1276 1277 1278 1279 1281 1282 1283 1284 1285 1286 1287 1289]] [86 [1291 1292 1294 1295 1296 1297 1302 1303 1304]] [87 [1305 1309 1310 1311 1313 1315 1316 1317 1318 1319]] [88 [1320 1321 1322 1323 1324 1326 1327 1328 1329 1330 1331 1333]] [89 [1335 1341 1342 1343 1345 1346 1347 1348 1349]] [90 [1350 1351 1352 1353 1355 1356 1357 1358 1359 1360 1361 1362 1364]] [91 [1365 1366 1367 1369 1370 1371 1372 1373 1374 1375 1376 1377 1378]] [92 [1380 1381 1382 1383 1384 1386 1387 1391 1392 1393 1394]] [93 [1395 1396 1397 1398 1399 1400 1401 1403 1404 1406 1408 1409]] [94 [1410 1412 1413 1414 1417 1418 1419 1420 1421 1422 1423 1424]] [95 [1425 1426 1428 1429 1430 1432 1433 1435 1436 1437 1438 1439]] [96 [1441 1442 1443 1444 1445 1446 1447 1448 1449 1450 1451 1452 1453 1454]] [97 [1455 1456 1457 1458 1459 1462 1463 1464 1465 1466 1467 1469]] [98 [1470 1471 1472 1474 1476 1477 1478 1479 1480 1482 1483 1484]] [99 [1485 1486 1487 1488 1489 1491 1492 1493 1494 1496 1497 1498 1499]]]",,"[[{media 51} [[""A"" [3 3 3 3 3 3 3 3 3 3]]]] [{media 53} [[""A"" [3 3 3 3 3 3 3 3 3 3]]]] [{media 56} [[""A"" [3 3 3 3 3 3 3 3 3 3]]]] [{media 57} [[""A"" [3 3 3 3 3 3 3 3 3 3]]]] [{media 59} [[""A"" [2 2 2 2 2 2 2 2 2 2]]]] [{media 61} [[""A"" [3 3 3 3 3 3 3 3 3 3]]]] [{media 62} [[""A"" [2 2 2 2 2 2 2 2 2 2]]]] [{media 64} [[""A"" [2 2 2 2 2 2 2 2 2 2]]]] [{media 60} [[""A"" [5 5 5 5 5 5 5 5 5 5]]]] [{citizen 9} [[""A"" [5 3 2 2 4 3 3 3 4 2]]]] [{media 52} [[""A"" [4 4 4 4 4 4 4 4 4 4]]]] [{citizen 10} [[""A"" [2 3 5 3 2 2 3 3 3 5]]]] [{media 54} [[""A"" [4 4 4 4 4 4 4 4 4 4]]]] [{citizen 1} [[""A"" [3 2 2 3 3 3 4 4 3 4]]]] [{citizen 0} [[""A"" [3 3 2 2 3 3 3 4 3 5]]]] [{citizen 6} [[""A"" [3 4 3 2 2 3 3 4 3 4]]]] [{media 55} [[""A"" [5 5 5 5 5 5 5 5 5 5]]]] [{citizen 2} [[""A"" [3 2 2 2 3 3 3 4 3 5]]]] [{citizen 4} [[""A"" [2 4 3 2 2 3 3 3 4 4]]]] [{media 63} [[""A"" [4 4 4 4 4 4 4 4 4 4]]]] [{media 50} [[""A"" [4 4 4 4 4 4 4 4 4 4]]]] [{media 58} [[""A"" [4 4 4 4 4 4 4 4 4 4]]]] [{citizen 13} [[""A"" [4 4 3 2 2 3 3 4 2 4]]]] [{citizen 21} [[""A"" [4 5 4 2 2 3 3 3 4 4]]]] [{citizen 7} [[""A"" [3 2 2 2 3 3 4 4 4 5]]]] [{citizen 31} [[""A"" [5 5 3 2 2 4 3 3 4 3]]]] [{citizen 39} [[""A"" [3 2 4 3 3 2 2 3 4 4]]]] [{citizen 5} [[""A"" [4 4 5 3 2 2 3 3 3 4]]]] [{citizen 44} [[""A"" [2 4 3 2 3 3 3 4 4 5]]]] [{citizen 28} [[""A"" [2 3 4 3 3 2 2 3 3 4]]]] [{citizen 24} [[""A"" [5 3 3 2 2 2 3 3 3 5]]]] [{citizen 37} [[""A"" [3 5 3 3 2 2 3 3 4 4]]]] [{citizen 17} [[""A"" [2 3 3 4 3 3 3 3 4 5]]]] [{citizen 30} [[""A"" [4 3 4 3 2 2 3 3 3 4]]]] [{citizen 3} [[""A"" [4 5 5 3 2 2 3 3 3 4]]]] [{citizen 27} [[""A"" [2 2 3 4 2 2 3 3 3 3]]]] [{citizen 12} [[""A"" [4 5 4 5 3 2 3 3 3 4]]]] [{citizen 16} [[""A"" [2 3 4 5 3 3 3 4 4 5]]]] [{citizen 49} [[""A"" [3 3 4 3 4 3 3 3 3 5]]]] [{citizen 8} [[""A"" [4 3 3 2 2 3 3 3 3 4]]]] [{citizen 22} [[""A"" [4 3 3 2 2 2 3 4 3 4]]]] [{citizen 33} [[""A"" [2 4 4 3 2 2 4 3 3 4]]]] [{citizen 35} [[""A"" [4 4 3 3 2 2 3 4 4 5]]]] [{citizen 19} [[""A"" [3 2 2 3 3 4 3 4 4 5]]]] [{citizen 25} [[""A"" [4 4 4 3 3 2 2 3 3 4]]]] [{citizen 41} [[""A"" [3 4 5 4 2 2 3 4 4 3]]]] [{citizen 46} [[""A"" [3 4 4 3 4 4 2 3 3 4]]]] [{citizen 11} [[""A"" [3 4 4 5 2 2 3 4 4 5]]]] [{citizen 40} [[""A"" [3 4 2 4 3 3 2 2 3 3]]]] [{citizen 38} [[""A"" [4 4 5 2 2 3 3 3 4 2]]]] [{citizen 36} [[""A"" [2 4 3 2 2 3 3 4 4 5]]]] [{citizen 47} [[""A"" [4 4 4 2 2 4 3 3 3 5]]]] [{citizen 43} [[""A"" [3 3 2 2 3 3 3 3 4 4]]]] [{citizen 45} [[""A"" [4 5 4 2 2 3 4 3 4 4]]]] [{citizen 42} [[""A"" [3 2 2 4 3 3 3 4 4 5]]]] [{citizen 15} [[""A"" [2 4 5 3 3 2 2 4 3 3]]]] [{citizen 32} [[""A"" [4 5 3 2 2 3 3 4 3 4]]]] [{citizen 23} [[""A"" [3 2 2 2 4 3 3 3 4 5]]]] [{citizen 18} [[""A"" [4 3 4 3 4 3 2 2 3 3]]]] [{citizen 14} [[""A"" [4 3 3 2 2 4 3 3 4 4]]]] [{citizen 20} [[""A"" [4 3 2 2 4 3 3 3 4 5]]]] [{citizen 29} [[""A"" [4 3 4 3 2 3 3 3 4 5]]]] [{citizen 26} [[""A"" [3 4 4 3 3 2 2 3 3 4]]]] [{citizen 34} [[""A"" [3 2 2 4 3 3 3 4 3 3]]]]]"
"49","[85 0 170]","76.7755102040816","12.83972669795643","2.981827982199251","""circle""","""""","9.9","{breed citizens}","false","0.5","1","""up""",,"[[""ID"" 49] [""alpha"" 1] [""beta"" 1] [""malleable"" [""A""]] [""prior"" []] [""cont_tokens"" []] [""A"" 4]]","[[0 [0 1 2 3 4 5 6 7 8 9 10 11 12 13 14]] [1 [15 16 17 18 19 20 21 22 23 25 26 28 29]] [2 [30 31 32 33 34 35 36 37 38 39 40 41 42 43 44]] [3 [45 46 47 48 49 50 51 52 53 54 55 56 57 58 59]] [4 [60 61 62 63 64 65 66 67 68 69 70 71 72 73 74]] [5 [75 76 77 78 80 83 84 85 86 87 88 89]] [6 [90 91 92 93 94 95 96 97 98 99 100 101 102 103 104]] [7 [105 106 107 108 109 110 111 112 113 114 115 116 117 118 119]] [8 [120 121 122 123 124 125 126 127 128 129 130 131 132 133 134]] [9 [135 136 137 138 139 140 141 142 143 144 145 146 147 148 149]] [10 [150 151 152 153 154 155 156 157 158 159 160 161 162 163 164]] [11 [165 166 167 168 169 170 171 172 173 174 175 176 177 178 179]] [12 [180 181 182 183 184 185 186 187 188 189 190 191 192 193 194]] [13 [195 196 197 198 199 200 201 202 203 204 205 206 207 208 209]] [14 [210 211 212 213 214 215 216 217 218 219 220 221 222 223 224]] [15 [225 226 227 228 229 230 231 232 233 234 235 236 237 238 239]] [16 [240 241 242 243 244 245 246 247 248 249 250 251 252 253 254]] [17 [255 256 257 258 259 260 261 262 263 264 265 266 267 268 269]] [18 [270 271 272 273 274 275 276 277 278 279 280 281 282 283 284]] [19 [285 286 287 288 289 290 291 292 293 294 295 296 297 298 299]] [20 [300 301 302 303 304 305 306 307 309 310 311 312 313 314]] [21 [315 316 317 318 319 320 321 322 323 324 325 326 327 328 329]] [22 [330 331 332 333 334 335 336 337 338 339 340 341 342 343 344]] [23 [345 346 347 348 349 350 351 352 353 354 355 356 357 358 359]] [24 [360 361 362 363 364 365 366 367 368 369 370 371 372 373 374]] [25 [375 376 377 378 379 380 381 382 383 384 385 386 387 388 389]] [26 [390 391 392 393 394 395 396 397 398 399 400 401 402 403 404]] [27 [405 406 407 408 409 410 411 412 413 414 415 416 417 418 419]] [28 [420 421 422 423 424 425 426 427 428 429 430 431 432 433 434]] [29 [435 436 437 438 439 440 441 442 443 444 445 446 447 448 449]] [30 [450 451 452 453 454 455 456 457 458 459 460 461 462 463 464]] [31 [465 466 467 468 469 470 471 472 473 474 475 476 477 478 479]] [32 [480 481 482 483 484 485 486 487 488 489 490 491 492 493 494]] [33 [495 496 497 498 499 500 501 502 503 504 505 506 507 508 509]] [34 [510 511 512 513 514 515 516 517 519 520 521 522 523 524]] [35 [525 526 527 528 529 530 531 532 533 534 535 536 537 538 539]] [36 [540 541 542 543 544 545 546 547 548 549 550 551 552 553 554]] [37 [555 556 557 558 559 560 561 562 563 564 565 566 567 568 569]] [38 [570 571 572 573 574 575 576 577 578 579 580 581 582 583 584]] [39 [585 586 587 588 589 590 591 592 593 594 595 596 597 598 599]] [40 [600 601 602 603 604 605 606 607 608 609 610 611 612 613 614]] [41 [615 616 617 618 619 620 621 622 623 624 625 626 627 628 629]] [42 [630 631 632 633 634 635 636 637 638 639 640 641 642 643 644]] [43 [645 646 647 648 649 650 651 652 653 654 656 657 658 659]] [44 [660 661 662 663 664 665 666 667 668 669 670 671 672 673 674]] [45 [675 676 677 678 679 680 681 682 683 684 685 686 687 688 689]] [46 [690 691 692 693 694 695 696 697 698 699 700 701 702 703 704]] [47 [705 706 707 708 709 710 711 712 713 714 715 716 717 718 719]] [48 [720 721 722 723 724 725 726 727 728 729 730 731 732 733 734]] [49 [735 736 737 738 739 740 741 742 743 744 745 746 747 748 749]] [50 [750 751 752 753 754 755 756 757 758 759 760 761 762 763 764]] [51 [765 766 767 768 769 770 771 772 773 774 775 776 777 778 779]] [52 [780 781 782 783 784 785 786 787 788 789 790 791 792 793 794]] [53 [795 796 797 798 799 800 801 802 803 804 805 806 807 808 809]] [54 [810 811 812 813 814 815 816 817 818 819 820 821 822 823 824]] [55 [825 826 827 828 829 830 831 832 833 834 835 836 837 838 839]] [56 [840 841 842 843 844 845 846 847 848 849 850 851 852 853 854]] [57 [855 856 857 858 859 860 861 862 863 864 865 866 867 868 869]] [58 [870 871 872 873 874 875 876 877 878 879 880 881 882 883 884]] [59 [885 886 887 888 889 890 891 892 893 894 895 896 897 898 899]] [60 [900 901 902 903 904 905 906 907 908 909 910 911 912 913 914]] [61 [915 916 917 918 919 920 921 922 923 924 925 926 927 928 929]] [62 [930 931 932 933 934 935 936 937 938 939 940 941 942 943 944]] [63 [945 946 947 948 949 950 951 952 953 954 955 956 957 958 959]] [64 [960 961 962 963 964 965 966 967 968 969 970 971 972 973 974]] [65 [975 976 977 978 979 980 981 984 985 986 987 988 989]] [66 [990 991 992 993 994 996 997 998 999 1000 1001 1002 1003 1004]] [67 [1005 1006 1007 1008 1009 1010 1011 1012 1013 1014 1015 1016 1017 1018 1019]] [68 [1020 1022 1023 1024 1025 1026 1027 1028 1029 1030 1031 1032 1034]] [69 [1035 1036 1037 1038 1039 1040 1041 1042 1043 1044 1045 1046 1047 1048 1049]] [70 [1050 1051 1052 1053 1054 1055 1056 1057 1058 1059 1060 1061 1062 1063 1064]] [71 [1065 1066 1067 1068 1069 1070 1071 1072 1073 1074 1075 1076 1077 1078 1079]] [72 [1080 1081 1082 1083 1084 1085 1086 1087 1088 1089 1090 1091 1092 1093 1094]] [73 [1095 1096 1097 1098 1099 1100 1101 1102 1103 1104 1105 1106 1107 1108 1109]] [74 [1110 1111 1112 1113 1114 1115 1116 1117 1118 1119 1120 1121 1122 1123 1124]] [75 [1125 1126 1127 1128 1129 1130 1131 1132 1133 1134 1135 1136 1137 1138 1139]] [76 [1140 1141 1142 1143 1144 1145 1146 1147 1148 1149 1150 1151 1152 1153 1154]] [77 [1155 1156 1157 1159 1161 1162 1163 1164 1165 1166 1167 1168 1169]] [78 [1170 1171 1172 1173 1174 1175 1176 1177 1178 1179 1180 1181 1182 1183 1184]] [79 [1185 1186 1187 1188 1189 1190 1191 1192 1193 1194 1195 1196 1197 1198 1199]] [80 [1200 1201 1202 1203 1204 1205 1206 1207 1208 1209 1210 1211 1212 1213 1214]] [81 [1215 1216 1217 1218 1219 1220 1221 1222 1223 1224 1225 1226 1227 1229]] [82 [1230 1231 1232 1233 1234 1235 1236 1237 1238 1239 1240 1241 1242 1243 1244]] [83 [1245 1246 1247 1248 1249 1250 1251 1252 1253 1254 1255 1256 1257 1258 1259]] [84 [1260 1262 1263 1264 1265 1266 1267 1269 1270 1271 1272 1273 1274]] [85 [1275 1276 1277 1278 1279 1280 1281 1282 1283 1284 1285 1286 1287 1288 1289]] [86 [1290 1291 1292 1293 1294 1295 1296 1297 1298 1299 1300 1301 1302 1303 1304]] [87 [1305 1306 1307 1308 1309 1310 1311 1312 1313 1314 1315 1316 1317 1318 1319]] [88 [1320 1321 1322 1323 1324 1325 1326 1327 1328 1329 1330 1331 1332 1333 1334]] [89 [1335 1336 1337 1338 1339 1340 1341 1342 1343 1344 1345 1346 1347 1348 1349]] [90 [1350 1351 1352 1353 1354 1355 1356 1357 1358 1359 1360 1361 1362 1363 1364]] [91 [1365 1366 1367 1368 1369 1370 1371 1372 1373 1374 1375 1376 1377 1378 1379]] [92 [1380 1381 1382 1383 1384 1385 1386 1387 1388 1389 1390 1391 1392 1393 1394]] [93 [1395 1396 1397 1398 1399 1400 1401 1402 1403 1404 1405 1406 1407 1408 1409]] [94 [1410 1411 1412 1413 1414 1415 1416 1417 1418 1419 1420 1421 1422 1423 1424]] [95 [1425 1426 1427 1428 1429 1430 1431 1432 1433 1434 1435 1436 1437 1438 1439]] [96 [1440 1441 1442 1443 1444 1445 1446 1447 1448 1449 1450 1451 1452 1453 1454]] [97 [1455 1456 1457 1458 1459 1461 1462 1463 1464 1465 1466 1467 1468 1469]] [98 [1470 1471 1472 1473 1474 1475 1476 1477 1478 1479 1480 1481 1482 1483 1484]] [99 [1485 1486 1487 1488 1489 1491 1492 1493 1494 1495 1496 1497 1498 1499]]]","[[0 [0 1 2 3 4 6 7 8 9 10 12 13 14]] [1 [15 16 17 18 19 20 21 22 23 25 26 28 29]] [2 [30 32 33 34 35 37 38 40 41 42 43 44]] [3 [45 46 48 49 50 51 52 54 55 58]] [4 [60 62 63 64 65 66 67 68 69 70 71 73 74]] [5 [75 76 77 78 80 83 84 85 86 87 89]] [6 [90 91 93 94 95 98 99 100 102 103 104]] [7 [105 106 107 108 109 110 111 113 114 115 116 118 119]] [8 [122 123 124 125 126 127 128 131 132 133]] [9 [136 137 140 141 142 143 144 145 146 147]] [10 [150 151 152 153 154 156 157 158 159 160 162 163 164]] [11 [165 167 168 170 171 172 173 174 177 178 179]] [12 [180 181 182 183 186 187 188 189 190 191 193 194]] [13 [195 198 199 200 201 202 203 204 205 207 208 209]] [14 [211 212 213 214 216 217 218 219 220 221 222 223 224]] [15 [225 226 227 228 229 230 231 232 233 235 237 238 239]] [16 [240 241 242 244 245 246 247 248 250 251 252 253 254]] [17 [255 256 257 258 259 260 261 262 263 264 265 266 267 268 269]] [18 [270 271 274 275 276 277 278 279 281 282 284]] [19 [285 286 289 290 291 292 293 294 295 296 297 298 299]] [20 [301 302 303 304 305 306 309 311 312 313 314]] [21 [318 319 320 321 324 325 326 327 328 329]] [22 [330 331 332 333 335 338 339 340 341 342 343]] [23 [346 348 349 350 351 354 355 356 357 358 359]] [24 [360 361 362 363 364 365 366 367 368 369 370 371 372 373 374]] [25 [375 377 378 379 380 381 382 383 384 385 387 388 389]] [26 [391 392 393 394 396 397 398 399 400 401 402]] [27 [405 406 407 408 409 410 411 413 414 415 416 417 418 419]] [28 [420 421 422 424 425 426 427 429 430 431 432 433 434]] [29 [435 436 437 439 440 441 442 443 444 445 446 447 448]] [30 [450 451 452 453 456 457 458 459 460 461 462 464]] [31 [465 466 467 468 469 470 471 472 473 474 475 477 478 479]] [32 [480 481 482 485 487 489 490 492 493 494]] [33 [495 496 498 499 502 503 504 505 506 507 508]] [34 [510 511 512 513 514 515 516 517 520 521 522 523]] [35 [525 526 527 528 529 533 534 535 537 538 539]] [36 [541 542 543 544 546 548 549 550 551 552 553 554]] [37 [555 556 557 558 559 562 563 564 565 566 567 568 569]] [38 [570 571 572 573 574 575 577 578 579 581 582 583 584]] [39 [585 586 587 588 589 590 592 593 594 596 597 598 599]] [40 [600 601 602 603 604 605 607 608 609 610 613 614]] [41 [616 617 618 619 620 622 623 625 626 627 628 629]] [42 [631 632 633 634 635 636 637 639 640 641 642 643 644]] [43 [645 646 647 648 649 651 652 653 654 656 657 658 659]] [44 [660 661 662 663 664 666 667 669 670 671 672 673 674]] [45 [675 676 677 678 679 680 681 682 683 686 687 688 689]] [46 [690 691 692 693 694 695 696 697 700 701 703]] [47 [705 706 707 708 709 710 712 713 714 715 716 717 718 719]] [48 [720 721 722 724 726 728 729 730 731 732 733 734]] [49 [735 736 737 738 740 741 742 743 744 745 746 748]] [50 [750 751 752 753 754 755 756 757 759 760 761 762 763 764]] [51 [765 768 769 770 771 772 773 774 775 776 777 778 779]] [52 [780 781 782 785 786 788 789 790 791 792 793 794]] [53 [795 796 797 798 799 800 801 802 803 804 805 806 807 808 809]] [54 [810 811 812 813 814 815 817 820 821 823 824]] [55 [825 826 827 830 831 832 833 834 835 836 837 838 839]] [56 [841 842 843 844 845 847 848 849 850 851 852 853 854]] [57 [856 857 858 859 860 861 862 863 865 866 867 868 869]] [58 [870 871 872 873 874 876 877 878 880 881 882 884]] [59 [887 888 889 890 891 892 893 894 895 896 898]] [60 [900 901 902 903 904 905 906 907 908 909 910 911 913 914]] [61 [915 916 917 918 919 920 921 922 924 925 926 928 929]] [62 [931 932 933 934 935 936 937 938 939 943]] [63 [945 947 948 949 950 951 952 954 955 956 957 958 959]] [64 [960 962 963 964 965 966 967 968 969 971 972 973 974]] [65 [975 976 977 978 979 980 981 985 986 987 988 989]] [66 [991 992 993 994 996 997 998 999 1002 1003]] [67 [1005 1006 1007 1008 1009 1010 1011 1013 1014 1015 1016 1018 1019]] [68 [1020 1022 1023 1024 1025 1026 1027 1028 1029 1030 1031 1032 1034]] [69 [1035 1036 1038 1040 1042 1043 1044 1045 1048 1049]] [70 [1050 1051 1052 1053 1054 1055 1056 1057 1059 1060 1061 1062 1063 1064]] [71 [1066 1067 1068 1069 1070 1071 1072 1073 1074 1075 1076 1079]] [72 [1081 1082 1083 1084 1085 1087 1088 1089 1091 1092 1093 1094]] [73 [1095 1096 1097 1098 1100 1101 1103 1104 1105 1106 1107 1108 1109]] [74 [1111 1112 1114 1115 1116 1118 1120 1121 1122 1123 1124]] [75 [1125 1126 1127 1128 1129 1130 1131 1132 1133 1134 1136 1137 1138 1139]] [76 [1141 1142 1143 1144 1145 1146 1147 1148 1149 1150 1152 1153 1154]] [77 [1156 1157 1159 1161 1162 1163 1164 1165 1166 1167 1168 1169]] [78 [1170 1171 1172 1175 1178 1179 1180 1182 1183 1184]] [79 [1185 1186 1187 1188 1189 1190 1191 1195 1196 1197 1198 1199]] [80 [1200 1201 1202 1203 1207 1208 1209 1210 1211 1212 1214]] [81 [1218 1219 1220 1221 1222 1224 1225 1226 1227 1229]] [82 [1230 1231 1232 1233 1234 1235 1237 1238 1239 1242 1243 1244]] [83 [1245 1246 1247 1249 1250 1251 1252 1254 1255 1256 1257 1258 1259]] [84 [1262 1263 1264 1265 1266 1267 1269 1271 1272 1273 1274]] [85 [1275 1276 1277 1278 1279 1280 1281 1282 1283 1284 1285 1286 1287]] [86 [1290 1291 1292 1293 1295 1296 1297 1299 1300 1301 1303 1304]] [87 [1305 1309 1310 1311 1313 1315 1316 1317 1318 1319]] [88 [1320 1321 1322 1323 1324 1325 1326 1327 1328 1329 1330 1331 1333]] [89 [1335 1339 1340 1341 1342 1343 1344 1345 1347 1348 1349]] [90 [1350 1351 1352 1353 1354 1359 1360 1361 1362 1363]] [91 [1365 1366 1367 1368 1369 1370 1371 1372 1373 1374 1377 1378]] [92 [1381 1382 1383 1385 1386 1387 1389 1390 1391 1392 1393 1394]] [93 [1395 1396 1397 1398 1401 1403 1404 1406 1408 1409]] [94 [1410 1412 1413 1414 1417 1418 1419 1420 1421 1422 1423 1424]] [95 [1425 1426 1428 1429 1430 1433 1435 1436 1437 1438 1439]] [96 [1440 1442 1443 1444 1445 1446 1447 1448 1449 1450 1451 1452 1453 1454]] [97 [1455 1456 1457 1458 1459 1461 1462 1463 1464 1465 1466 1467 1468 1469]] [98 [1470 1471 1473 1474 1476 1477 1478 1479 1480 1481 1482 1483 1484]] [99 [1485 1486 1488 1489 1491 1492 1493 1494 1496 1497 1498 1499]]]",,"[[{media 50} [[""A"" [4 4 4 4 4 4 4 4 4 4]]]] [{media 51} [[""A"" [3 3 3 3 3 3 3 3 3 3]]]] [{media 52} [[""A"" [4 4 4 4 4 4 4 4 4 4]]]] [{media 53} [[""A"" [3 3 3 3 3 3 3 3 3 3]]]] [{media 54} [[""A"" [4 4 4 4 4 4 4 4 4 4]]]] [{media 55} [[""A"" [5 5 5 5 5 5 5 5 5 5]]]] [{media 56} [[""A"" [3 3 3 3 3 3 3 3 3 3]]]] [{media 57} [[""A"" [3 3 3 3 3 3 3 3 3 3]]]] [{media 58} [[""A"" [4 4 4 4 4 4 4 4 4 4]]]] [{media 59} [[""A"" [2 2 2 2 2 2 2 2 2 2]]]] [{media 60} [[""A"" [5 5 5 5 5 5 5 5 5 5]]]] [{media 61} [[""A"" [3 3 3 3 3 3 3 3 3 3]]]] [{media 62} [[""A"" [2 2 2 2 2 2 2 2 2 2]]]] [{media 63} [[""A"" [4 4 4 4 4 4 4 4 4 4]]]] [{media 64} [[""A"" [2 2 2 2 2 2 2 2 2 2]]]] [{citizen 10} [[""A"" [4 3 2 2 2 3 4 3 5 4]]]] [{citizen 11} [[""A"" [2 2 3 3 4 4 2 3 4 4]]]] [{citizen 0} [[""A"" [4 5 4 3 3 2 2 3 4 3]]]] [{citizen 1} [[""A"" [2 2 2 3 3 4 4 3 4 4]]]] [{citizen 6} [[""A"" [3 2 2 3 3 4 3 4 2 4]]]] [{citizen 12} [[""A"" [3 2 2 3 3 3 3 4 3 4]]]] [{citizen 16} [[""A"" [3 5 4 5 3 3 4 4 4 4]]]] [{citizen 4} [[""A"" [4 3 3 2 2 3 3 3 4 4]]]] [{citizen 2} [[""A"" [4 3 2 2 2 3 4 3 2 4]]]] [{citizen 13} [[""A"" [5 3 3 2 2 3 4 2 4 4]]]] [{citizen 21} [[""A"" [5 4 3 2 2 3 3 4 4 4]]]] [{citizen 7} [[""A"" [3 2 2 2 3 3 4 4 4 4]]]] [{citizen 31} [[""A"" [5 3 2 2 4 3 4 2 3 4]]]] [{citizen 39} [[""A"" [3 3 2 2 3 3 4 4 2 4]]]] [{citizen 5} [[""A"" [4 3 2 2 3 3 3 4 3 4]]]] [{citizen 44} [[""A"" [3 3 2 2 3 3 4 4 3 4]]]] [{citizen 28} [[""A"" [4 3 3 2 2 2 3 4 4 4]]]] [{citizen 24} [[""A"" [5 3 3 2 2 2 3 3 3 4]]]] [{citizen 37} [[""A"" [3 3 2 2 2 3 4 4 3 4]]]] [{citizen 17} [[""A"" [3 3 2 2 3 3 4 2 5 4]]]] [{citizen 30} [[""A"" [5 4 3 2 2 2 3 3 4 4]]]] [{citizen 3} [[""A"" [2 2 2 3 3 4 2 3 4 4]]]] [{citizen 27} [[""A"" [5 4 3 2 2 3 3 3 4 4]]]] [{citizen 38} [[""A"" [5 4 5 3 2 2 3 4 2 4]]]] [{citizen 22} [[""A"" [3 2 2 2 3 4 3 4 4 4]]]] [{citizen 36} [[""A"" [2 2 3 3 4 4 3 4 5 4]]]] [{citizen 42} [[""A"" [3 2 2 2 4 3 3 4 4 5]]]] [{citizen 19} [[""A"" [3 2 2 2 3 4 3 4 4 4]]]] [{citizen 47} [[""A"" [3 2 2 2 4 3 3 3 4 4]]]] [{citizen 8} [[""A"" [5 4 3 3 2 2 3 4 3 4]]]] [{citizen 33} [[""A"" [4 3 3 2 2 4 3 2 4 4]]]] [{citizen 25} [[""A"" [5 4 3 3 2 2 3 4 3 4]]]] [{citizen 9} [[""A"" [2 2 4 3 3 4 2 3 4 4]]]] [{citizen 32} [[""A"" [3 2 2 3 3 3 4 3 4 4]]]] [{citizen 23} [[""A"" [2 2 4 3 3 4 2 3 5 4]]]] [{citizen 15} [[""A"" [4 5 3 3 2 2 4 2 4 4]]]] [{citizen 18} [[""A"" [3 5 4 5 3 3 2 2 3 4]]]] [{citizen 43} [[""A"" [3 3 2 2 3 4 3 4 4 4]]]] [{citizen 45} [[""A"" [4 3 2 2 2 3 4 3 4 4]]]] [{citizen 46} [[""A"" [4 3 2 2 3 3 2 3 4 4]]]] [{citizen 20} [[""A"" [3 2 2 4 3 3 3 4 4 4]]]] [{citizen 14} [[""A"" [2 2 2 4 3 3 4 3 4 4]]]] [{citizen 35} [[""A"" [4 3 3 2 2 4 2 3 4 4]]]] [{citizen 48} [[""A"" [2 2 2 4 3 4 4 3 4 4]]]] [{citizen 40} [[""A"" [4 3 3 3 2 2 3 3 4 4]]]] [{citizen 41} [[""A"" [4 5 3 2 2 4 4 2 3 4]]]] [{citizen 26} [[""A"" [4 3 3 3 2 2 3 3 4 4]]]] [{citizen 29} [[""A"" [5 4 3 3 2 3 3 4 2 4]]]] [{citizen 34} [[""A"" [2 4 3 3 4 3 2 3 4 4]]]]]"
"50","[85 0 170]","355","-3.038920020398379","13.239907993947988","""box""","""""","9.9","{breed medias}","false","1","1","""up""","0","[[""ID"" 53] [""alpha"" 1] [""beta"" 1] [""malleable"" [""A""]] [""prior"" []] [""cont_tokens"" []] [""A"" 4]]","[]","[]","[[9 [[""A"" 4]]] [25 [[""A"" 4]]] [38 [[""A"" 4]]] [48 [[""A"" 4]]] [73 [[""A"" 4]]] [86 [[""A"" 4]]] [97 [[""A"" 4]]] [114 [[""A"" 4]]] [131 [[""A"" 4]]] [146 [[""A"" 4]]] [154 [[""A"" 4]]] [170 [[""A"" 4]]] [189 [[""A"" 4]]] [209 [[""A"" 4]]] [211 [[""A"" 4]]] [239 [[""A"" 4]]] [246 [[""A"" 4]]] [263 [[""A"" 4]]] [279 [[""A"" 4]]] [285 [[""A"" 4]]] [307 [[""A"" 4]]] [328 [[""A"" 4]]] [333 [[""A"" 4]]] [354 [[""A"" 4]]] [367 [[""A"" 4]]] [377 [[""A"" 4]]] [403 [[""A"" 4]]] [415 [[""A"" 4]]] [424 [[""A"" 4]]] [443 [[""A"" 4]]] [452 [[""A"" 4]]] [471 [[""A"" 4]]] [480 [[""A"" 4]]] [505 [[""A"" 4]]] [514 [[""A"" 4]]] [529 [[""A"" 4]]] [547 [[""A"" 4]]] [555 [[""A"" 4]]] [584 [[""A"" 4]]] [595 [[""A"" 4]]] [604 [[""A"" 4]]] [624 [[""A"" 4]]] [634 [[""A"" 4]]] [656 [[""A"" 4]]] [665 [[""A"" 4]]] [681 [[""A"" 4]]] [692 [[""A"" 4]]] [716 [[""A"" 4]]] [722 [[""A"" 4]]] [736 [[""A"" 4]]] [763 [[""A"" 4]]] [775 [[""A"" 4]]] [791 [[""A"" 4]]] [797 [[""A"" 4]]] [811 [[""A"" 4]]] [839 [[""A"" 4]]] [845 [[""A"" 4]]] [859 [[""A"" 4]]] [881 [[""A"" 4]]] [895 [[""A"" 4]]] [904 [[""A"" 4]]] [915 [[""A"" 4]]] [941 [[""A"" 4]]] [949 [[""A"" 4]]] [969 [[""A"" 4]]] [985 [[""A"" 4]]] [990 [[""A"" 4]]] [1012 [[""A"" 4]]] [1030 [[""A"" 4]]] [1048 [[""A"" 4]]] [1050 [[""A"" 4]]] [1078 [[""A"" 4]]] [1084 [[""A"" 4]]] [1107 [[""A"" 4]]] [1114 [[""A"" 4]]] [1136 [[""A"" 4]]] [1148 [[""A"" 4]]] [1161 [[""A"" 4]]] [1184 [[""A"" 4]]] [1185 [[""A"" 4]]] [1204 [[""A"" 4]]] [1221 [[""A"" 4]]] [1237 [[""A"" 4]]] [1247 [[""A"" 4]]] [1264 [[""A"" 4]]] [1277 [[""A"" 4]]] [1296 [[""A"" 4]]] [1310 [[""A"" 4]]] [1331 [[""A"" 4]]] [1345 [[""A"" 4]]] [1351 [[""A"" 4]]] [1371 [[""A"" 4]]] [1386 [[""A"" 4]]] [1403 [[""A"" 4]]] [1418 [[""A"" 4]]] [1432 [[""A"" 4]]] [1444 [[""A"" 4]]] [1457 [[""A"" 4]]] [1477 [[""A"" 4]]] [1499 [[""A"" 4]]]]",
"51","[128 0 127]","258","-4.607224355443908","-5.089315096891266","""box""","""""","9.9","{breed medias}","false","1","1","""up""","0","[[""ID"" 60] [""alpha"" 1] [""beta"" 1] [""malleable"" [""A""]] [""prior"" []] [""cont_tokens"" []] [""A"" 3]]","[]","[]","[[3 [[""A"" 3]]] [23 [[""A"" 3]]] [41 [[""A"" 3]]] [51 [[""A"" 3]]] [69 [[""A"" 3]]] [88 [[""A"" 3]]] [104 [[""A"" 3]]] [109 [[""A"" 3]]] [126 [[""A"" 3]]] [145 [[""A"" 3]]] [158 [[""A"" 3]]] [172 [[""A"" 3]]] [183 [[""A"" 3]]] [208 [[""A"" 3]]] [216 [[""A"" 3]]] [232 [[""A"" 3]]] [244 [[""A"" 3]]] [262 [[""A"" 3]]] [270 [[""A"" 3]]] [289 [[""A"" 3]]] [302 [[""A"" 3]]] [319 [[""A"" 3]]] [336 [[""A"" 3]]] [345 [[""A"" 3]]] [363 [[""A"" 3]]] [388 [[""A"" 3]]] [393 [[""A"" 3]]] [409 [[""A"" 3]]] [422 [[""A"" 3]]] [445 [[""A"" 3]]] [457 [[""A"" 3]]] [465 [[""A"" 3]]] [492 [[""A"" 3]]] [501 [[""A"" 3]]] [520 [[""A"" 3]]] [539 [[""A"" 3]]] [542 [[""A"" 3]]] [558 [[""A"" 3]]] [571 [[""A"" 3]]] [598 [[""A"" 3]]] [600 [[""A"" 3]]] [622 [[""A"" 3]]] [637 [[""A"" 3]]] [654 [[""A"" 3]]] [669 [[""A"" 3]]] [675 [[""A"" 3]]] [700 [[""A"" 3]]] [715 [[""A"" 3]]] [725 [[""A"" 3]]] [739 [[""A"" 3]]] [759 [[""A"" 3]]] [778 [[""A"" 3]]] [789 [[""A"" 3]]] [800 [[""A"" 3]]] [823 [[""A"" 3]]] [829 [[""A"" 3]]] [844 [[""A"" 3]]] [868 [[""A"" 3]]] [880 [[""A"" 3]]] [892 [[""A"" 3]]] [905 [[""A"" 3]]] [928 [[""A"" 3]]] [934 [[""A"" 3]]] [958 [[""A"" 3]]] [967 [[""A"" 3]]] [980 [[""A"" 3]]] [991 [[""A"" 3]]] [1013 [[""A"" 3]]] [1028 [[""A"" 3]]] [1039 [[""A"" 3]]] [1056 [[""A"" 3]]] [1072 [[""A"" 3]]] [1087 [[""A"" 3]]] [1105 [[""A"" 3]]] [1122 [[""A"" 3]]] [1134 [[""A"" 3]]] [1147 [[""A"" 3]]] [1156 [[""A"" 3]]] [1178 [[""A"" 3]]] [1188 [[""A"" 3]]] [1201 [[""A"" 3]]] [1220 [[""A"" 3]]] [1244 [[""A"" 3]]] [1250 [[""A"" 3]]] [1274 [[""A"" 3]]] [1286 [[""A"" 3]]] [1295 [[""A"" 3]]] [1316 [[""A"" 3]]] [1327 [[""A"" 3]]] [1347 [[""A"" 3]]] [1357 [[""A"" 3]]] [1369 [[""A"" 3]]] [1383 [[""A"" 3]]] [1404 [[""A"" 3]]] [1419 [[""A"" 3]]] [1437 [[""A"" 3]]] [1448 [[""A"" 3]]] [1463 [[""A"" 3]]] [1471 [[""A"" 3]]] [1489 [[""A"" 3]]]]",
"52","[85 0 170]","317","-11.285722778912193","9.868568487906675","""box""","""""","9.9","{breed medias}","false","1","1","""up""","0","[[""ID"" 55] [""alpha"" 1] [""beta"" 1] [""malleable"" [""A""]] [""prior"" []] [""cont_tokens"" []] [""A"" 4]]","[]","[]","[[1 [[""A"" 4]]] [16 [[""A"" 4]]] [43 [[""A"" 4]]] [45 [[""A"" 4]]] [61 [[""A"" 4]]] [87 [[""A"" 4]]] [91 [[""A"" 4]]] [108 [[""A"" 4]]] [127 [[""A"" 4]]] [143 [[""A"" 4]]] [163 [[""A"" 4]]] [178 [[""A"" 4]]] [187 [[""A"" 4]]] [207 [[""A"" 4]]] [223 [[""A"" 4]]] [227 [[""A"" 4]]] [252 [[""A"" 4]]] [256 [[""A"" 4]]] [282 [[""A"" 4]]] [291 [[""A"" 4]]] [300 [[""A"" 4]]] [324 [[""A"" 4]]] [342 [[""A"" 4]]] [359 [[""A"" 4]]] [360 [[""A"" 4]]] [381 [[""A"" 4]]] [396 [[""A"" 4]]] [418 [[""A"" 4]]] [434 [[""A"" 4]]] [448 [[""A"" 4]]] [460 [[""A"" 4]]] [472 [[""A"" 4]]] [486 [[""A"" 4]]] [504 [[""A"" 4]]] [512 [[""A"" 4]]] [525 [[""A"" 4]]] [543 [[""A"" 4]]] [556 [[""A"" 4]]] [572 [[""A"" 4]]] [592 [[""A"" 4]]] [603 [[""A"" 4]]] [621 [[""A"" 4]]] [640 [[""A"" 4]]] [657 [[""A"" 4]]] [668 [[""A"" 4]]] [682 [[""A"" 4]]] [703 [[""A"" 4]]] [714 [[""A"" 4]]] [729 [[""A"" 4]]] [744 [[""A"" 4]]] [754 [[""A"" 4]]] [779 [[""A"" 4]]] [785 [[""A"" 4]]] [796 [[""A"" 4]]] [820 [[""A"" 4]]] [826 [[""A"" 4]]] [852 [[""A"" 4]]] [866 [[""A"" 4]]] [882 [[""A"" 4]]] [888 [[""A"" 4]]] [903 [[""A"" 4]]] [925 [[""A"" 4]]] [940 [[""A"" 4]]] [956 [[""A"" 4]]] [961 [[""A"" 4]]] [979 [[""A"" 4]]] [998 [[""A"" 4]]] [1008 [[""A"" 4]]] [1031 [[""A"" 4]]] [1049 [[""A"" 4]]] [1055 [[""A"" 4]]] [1067 [[""A"" 4]]] [1082 [[""A"" 4]]] [1101 [[""A"" 4]]] [1110 [[""A"" 4]]] [1130 [[""A"" 4]]] [1152 [[""A"" 4]]] [1155 [[""A"" 4]]] [1183 [[""A"" 4]]] [1186 [[""A"" 4]]] [1200 [[""A"" 4]]] [1216 [[""A"" 4]]] [1235 [[""A"" 4]]] [1251 [[""A"" 4]]] [1260 [[""A"" 4]]] [1283 [[""A"" 4]]] [1303 [[""A"" 4]]] [1318 [[""A"" 4]]] [1322 [[""A"" 4]]] [1337 [[""A"" 4]]] [1364 [[""A"" 4]]] [1376 [[""A"" 4]]] [1380 [[""A"" 4]]] [1401 [[""A"" 4]]] [1422 [[""A"" 4]]] [1436 [[""A"" 4]]] [1442 [[""A"" 4]]] [1458 [[""A"" 4]]] [1470 [[""A"" 4]]] [1487 [[""A"" 4]]]]",
"53","[128 0 127]","285","6.446558646507086","-1.001575935130088","""box""","""""","9.9","{breed medias}","false","1","1","""up""","0","[[""ID"" 63] [""alpha"" 1] [""beta"" 1] [""malleable"" [""A""]] [""prior"" []] [""cont_tokens"" []] [""A"" 3]]","[]","[]","[[6 [[""A"" 3]]] [21 [[""A"" 3]]] [37 [[""A"" 3]]] [47 [[""A"" 3]]] [66 [[""A"" 3]]] [83 [[""A"" 3]]] [90 [[""A"" 3]]] [105 [[""A"" 3]]] [120 [[""A"" 3]]] [148 [[""A"" 3]]] [150 [[""A"" 3]]] [171 [[""A"" 3]]] [181 [[""A"" 3]]] [199 [[""A"" 3]]] [221 [[""A"" 3]]] [225 [[""A"" 3]]] [253 [[""A"" 3]]] [269 [[""A"" 3]]] [284 [[""A"" 3]]] [295 [[""A"" 3]]] [305 [[""A"" 3]]] [316 [[""A"" 3]]] [344 [[""A"" 3]]] [355 [[""A"" 3]]] [369 [[""A"" 3]]] [382 [[""A"" 3]]] [399 [[""A"" 3]]] [407 [[""A"" 3]]] [433 [[""A"" 3]]] [447 [[""A"" 3]]] [450 [[""A"" 3]]] [470 [[""A"" 3]]] [490 [[""A"" 3]]] [502 [[""A"" 3]]] [516 [[""A"" 3]]] [526 [[""A"" 3]]] [549 [[""A"" 3]]] [564 [[""A"" 3]]] [581 [[""A"" 3]]] [586 [[""A"" 3]]] [605 [[""A"" 3]]] [628 [[""A"" 3]]] [639 [[""A"" 3]]] [658 [[""A"" 3]]] [672 [[""A"" 3]]] [686 [[""A"" 3]]] [701 [[""A"" 3]]] [707 [[""A"" 3]]] [734 [[""A"" 3]]] [746 [[""A"" 3]]] [752 [[""A"" 3]]] [765 [[""A"" 3]]] [790 [[""A"" 3]]] [808 [[""A"" 3]]] [813 [[""A"" 3]]] [838 [[""A"" 3]]] [853 [[""A"" 3]]] [863 [[""A"" 3]]] [870 [[""A"" 3]]] [885 [[""A"" 3]]] [909 [[""A"" 3]]] [926 [[""A"" 3]]] [932 [[""A"" 3]]] [954 [[""A"" 3]]] [973 [[""A"" 3]]] [976 [[""A"" 3]]] [994 [[""A"" 3]]] [1007 [[""A"" 3]]] [1023 [[""A"" 3]]] [1042 [[""A"" 3]]] [1057 [[""A"" 3]]] [1066 [[""A"" 3]]] [1093 [[""A"" 3]]] [1109 [[""A"" 3]]] [1123 [[""A"" 3]]] [1129 [[""A"" 3]]] [1141 [[""A"" 3]]] [1163 [[""A"" 3]]] [1170 [[""A"" 3]]] [1198 [[""A"" 3]]] [1202 [[""A"" 3]]] [1218 [[""A"" 3]]] [1234 [[""A"" 3]]] [1255 [[""A"" 3]]] [1271 [[""A"" 3]]] [1275 [[""A"" 3]]] [1291 [[""A"" 3]]] [1319 [[""A"" 3]]] [1333 [[""A"" 3]]] [1342 [[""A"" 3]]] [1358 [[""A"" 3]]] [1366 [[""A"" 3]]] [1393 [[""A"" 3]]] [1397 [[""A"" 3]]] [1424 [[""A"" 3]]] [1438 [[""A"" 3]]] [1445 [[""A"" 3]]] [1461 [[""A"" 3]]] [1482 [[""A"" 3]]] [1496 [[""A"" 3]]]]",
"54","[85 0 170]","198","-15.527589619023727","9.453942627819973","""box""","""""","9.9","{breed medias}","false","1","1","""up""","0","[[""ID"" 58] [""alpha"" 1] [""beta"" 1] [""malleable"" [""A""]] [""prior"" []] [""cont_tokens"" []] [""A"" 4]]","[]","[]","[[2 [[""A"" 4]]] [18 [[""A"" 4]]] [40 [[""A"" 4]]] [55 [[""A"" 4]]] [68 [[""A"" 4]]] [76 [[""A"" 4]]] [103 [[""A"" 4]]] [106 [[""A"" 4]]] [132 [[""A"" 4]]] [135 [[""A"" 4]]] [156 [[""A"" 4]]] [169 [[""A"" 4]]] [186 [[""A"" 4]]] [200 [[""A"" 4]]] [218 [[""A"" 4]]] [228 [[""A"" 4]]] [254 [[""A"" 4]]] [267 [[""A"" 4]]] [272 [[""A"" 4]]] [297 [[""A"" 4]]] [311 [[""A"" 4]]] [318 [[""A"" 4]]] [341 [[""A"" 4]]] [349 [[""A"" 4]]] [370 [[""A"" 4]]] [386 [[""A"" 4]]] [391 [[""A"" 4]]] [412 [[""A"" 4]]] [431 [[""A"" 4]]] [446 [[""A"" 4]]] [461 [[""A"" 4]]] [478 [[""A"" 4]]] [488 [[""A"" 4]]] [503 [[""A"" 4]]] [513 [[""A"" 4]]] [538 [[""A"" 4]]] [544 [[""A"" 4]]] [562 [[""A"" 4]]] [582 [[""A"" 4]]] [589 [[""A"" 4]]] [602 [[""A"" 4]]] [625 [[""A"" 4]]] [632 [[""A"" 4]]] [649 [[""A"" 4]]] [674 [[""A"" 4]]] [678 [[""A"" 4]]] [695 [[""A"" 4]]] [718 [[""A"" 4]]] [726 [[""A"" 4]]] [749 [[""A"" 4]]] [762 [[""A"" 4]]] [776 [[""A"" 4]]] [792 [[""A"" 4]]] [804 [[""A"" 4]]] [824 [[""A"" 4]]] [837 [[""A"" 4]]] [843 [[""A"" 4]]] [867 [[""A"" 4]]] [877 [[""A"" 4]]] [890 [[""A"" 4]]] [908 [[""A"" 4]]] [917 [[""A"" 4]]] [933 [[""A"" 4]]] [950 [[""A"" 4]]] [964 [[""A"" 4]]] [984 [[""A"" 4]]] [1002 [[""A"" 4]]] [1015 [[""A"" 4]]] [1032 [[""A"" 4]]] [1035 [[""A"" 4]]] [1054 [[""A"" 4]]] [1074 [[""A"" 4]]] [1092 [[""A"" 4]]] [1097 [[""A"" 4]]] [1116 [[""A"" 4]]] [1133 [[""A"" 4]]] [1142 [[""A"" 4]]] [1157 [[""A"" 4]]] [1172 [[""A"" 4]]] [1197 [[""A"" 4]]] [1211 [[""A"" 4]]] [1222 [[""A"" 4]]] [1232 [[""A"" 4]]] [1254 [[""A"" 4]]] [1267 [[""A"" 4]]] [1276 [[""A"" 4]]] [1294 [[""A"" 4]]] [1317 [[""A"" 4]]] [1330 [[""A"" 4]]] [1340 [[""A"" 4]]] [1362 [[""A"" 4]]] [1365 [[""A"" 4]]] [1394 [[""A"" 4]]] [1399 [[""A"" 4]]] [1420 [[""A"" 4]]] [1439 [[""A"" 4]]] [1451 [[""A"" 4]]] [1469 [[""A"" 4]]] [1472 [[""A"" 4]]] [1492 [[""A"" 4]]]]",
"55","[43 0 212]","94","-9.154676929746799","-11.914421188092692","""box""","""""","9.9","{breed medias}","false","1","1","""up""","0","[[""ID"" 50] [""alpha"" 1] [""beta"" 1] [""malleable"" [""A""]] [""prior"" []] [""cont_tokens"" []] [""A"" 5]]","[]","[]","[[5 [[""A"" 5]]] [27 [[""A"" 5]]] [32 [[""A"" 5]]] [53 [[""A"" 5]]] [72 [[""A"" 5]]] [75 [[""A"" 5]]] [96 [[""A"" 5]]] [112 [[""A"" 5]]] [134 [[""A"" 5]]] [141 [[""A"" 5]]] [162 [[""A"" 5]]] [166 [[""A"" 5]]] [185 [[""A"" 5]]] [206 [[""A"" 5]]] [213 [[""A"" 5]]] [234 [[""A"" 5]]] [243 [[""A"" 5]]] [268 [[""A"" 5]]] [273 [[""A"" 5]]] [288 [[""A"" 5]]] [308 [[""A"" 5]]] [323 [[""A"" 5]]] [335 [[""A"" 5]]] [353 [[""A"" 5]]] [374 [[""A"" 5]]] [379 [[""A"" 5]]] [390 [[""A"" 5]]] [416 [[""A"" 5]]] [428 [[""A"" 5]]] [442 [[""A"" 5]]] [462 [[""A"" 5]]] [479 [[""A"" 5]]] [483 [[""A"" 5]]] [509 [[""A"" 5]]] [519 [[""A"" 5]]] [535 [[""A"" 5]]] [540 [[""A"" 5]]] [569 [[""A"" 5]]] [570 [[""A"" 5]]] [591 [[""A"" 5]]] [610 [[""A"" 5]]] [626 [[""A"" 5]]] [638 [[""A"" 5]]] [655 [[""A"" 5]]] [673 [[""A"" 5]]] [684 [[""A"" 5]]] [691 [[""A"" 5]]] [705 [[""A"" 5]]] [724 [[""A"" 5]]] [747 [[""A"" 5]]] [757 [[""A"" 5]]] [766 [[""A"" 5]]] [781 [[""A"" 5]]] [806 [[""A"" 5]]] [816 [[""A"" 5]]] [825 [[""A"" 5]]] [854 [[""A"" 5]]] [856 [[""A"" 5]]] [875 [[""A"" 5]]] [897 [[""A"" 5]]] [912 [[""A"" 5]]] [927 [[""A"" 5]]] [944 [[""A"" 5]]] [946 [[""A"" 5]]] [965 [[""A"" 5]]] [983 [[""A"" 5]]] [995 [[""A"" 5]]] [1019 [[""A"" 5]]] [1025 [[""A"" 5]]] [1045 [[""A"" 5]]] [1058 [[""A"" 5]]] [1077 [[""A"" 5]]] [1090 [[""A"" 5]]] [1103 [[""A"" 5]]] [1113 [[""A"" 5]]] [1139 [[""A"" 5]]] [1144 [[""A"" 5]]] [1160 [[""A"" 5]]] [1176 [[""A"" 5]]] [1191 [[""A"" 5]]] [1210 [[""A"" 5]]] [1217 [[""A"" 5]]] [1243 [[""A"" 5]]] [1245 [[""A"" 5]]] [1261 [[""A"" 5]]] [1289 [[""A"" 5]]] [1302 [[""A"" 5]]] [1305 [[""A"" 5]]] [1324 [[""A"" 5]]] [1338 [[""A"" 5]]] [1354 [[""A"" 5]]] [1368 [[""A"" 5]]] [1387 [[""A"" 5]]] [1405 [[""A"" 5]]] [1421 [[""A"" 5]]] [1435 [[""A"" 5]]] [1454 [[""A"" 5]]] [1459 [[""A"" 5]]] [1481 [[""A"" 5]]] [1490 [[""A"" 5]]]]",
"56","[128 0 127]","162","9.31901556449727","-16.386387886635625","""box""","""""","9.9","{breed medias}","false","1","1","""up""","0","[[""ID"" 64] [""alpha"" 1] [""beta"" 1] [""malleable"" [""A""]] [""prior"" []] [""cont_tokens"" []] [""A"" 3]]","[]","[]","[[4 [[""A"" 3]]] [15 [[""A"" 3]]] [44 [[""A"" 3]]] [58 [[""A"" 3]]] [62 [[""A"" 3]]] [80 [[""A"" 3]]] [98 [[""A"" 3]]] [107 [[""A"" 3]]] [122 [[""A"" 3]]] [144 [[""A"" 3]]] [157 [[""A"" 3]]] [179 [[""A"" 3]]] [193 [[""A"" 3]]] [197 [[""A"" 3]]] [219 [[""A"" 3]]] [233 [[""A"" 3]]] [242 [[""A"" 3]]] [266 [[""A"" 3]]] [274 [[""A"" 3]]] [290 [[""A"" 3]]] [303 [[""A"" 3]]] [325 [[""A"" 3]]] [339 [[""A"" 3]]] [356 [[""A"" 3]]] [362 [[""A"" 3]]] [380 [[""A"" 3]]] [392 [[""A"" 3]]] [410 [[""A"" 3]]] [421 [[""A"" 3]]] [444 [[""A"" 3]]] [464 [[""A"" 3]]] [468 [[""A"" 3]]] [485 [[""A"" 3]]] [507 [[""A"" 3]]] [510 [[""A"" 3]]] [534 [[""A"" 3]]] [552 [[""A"" 3]]] [560 [[""A"" 3]]] [574 [[""A"" 3]]] [599 [[""A"" 3]]] [608 [[""A"" 3]]] [616 [[""A"" 3]]] [643 [[""A"" 3]]] [652 [[""A"" 3]]] [661 [[""A"" 3]]] [677 [[""A"" 3]]] [693 [[""A"" 3]]] [717 [[""A"" 3]]] [730 [[""A"" 3]]] [740 [[""A"" 3]]] [764 [[""A"" 3]]] [772 [[""A"" 3]]] [784 [[""A"" 3]]] [803 [[""A"" 3]]] [815 [[""A"" 3]]] [828 [[""A"" 3]]] [848 [[""A"" 3]]] [855 [[""A"" 3]]] [871 [[""A"" 3]]] [896 [[""A"" 3]]] [901 [[""A"" 3]]] [921 [[""A"" 3]]] [931 [[""A"" 3]]] [947 [[""A"" 3]]] [966 [[""A"" 3]]] [977 [[""A"" 3]]] [1000 [[""A"" 3]]] [1005 [[""A"" 3]]] [1034 [[""A"" 3]]] [1044 [[""A"" 3]]] [1053 [[""A"" 3]]] [1073 [[""A"" 3]]] [1091 [[""A"" 3]]] [1100 [[""A"" 3]]] [1111 [[""A"" 3]]] [1131 [[""A"" 3]]] [1153 [[""A"" 3]]] [1159 [[""A"" 3]]] [1182 [[""A"" 3]]] [1190 [[""A"" 3]]] [1209 [[""A"" 3]]] [1225 [[""A"" 3]]] [1231 [[""A"" 3]]] [1258 [[""A"" 3]]] [1272 [[""A"" 3]]] [1282 [[""A"" 3]]] [1299 [[""A"" 3]]] [1307 [[""A"" 3]]] [1325 [[""A"" 3]]] [1341 [[""A"" 3]]] [1355 [[""A"" 3]]] [1372 [[""A"" 3]]] [1391 [[""A"" 3]]] [1408 [[""A"" 3]]] [1416 [[""A"" 3]]] [1429 [[""A"" 3]]] [1452 [[""A"" 3]]] [1466 [[""A"" 3]]] [1476 [[""A"" 3]]] [1488 [[""A"" 3]]]]",
"57","[128 0 127]","301","6.852144544210677","-14.372677003574589","""box""","""""","9.9","{breed medias}","false","1","1","""up""","0","[[""ID"" 52] [""alpha"" 1] [""beta"" 1] [""malleable"" [""A""]] [""prior"" []] [""cont_tokens"" []] [""A"" 3]]","[]","[]","[[8 [[""A"" 3]]] [29 [[""A"" 3]]] [34 [[""A"" 3]]] [52 [[""A"" 3]]] [64 [[""A"" 3]]] [77 [[""A"" 3]]] [99 [[""A"" 3]]] [113 [[""A"" 3]]] [123 [[""A"" 3]]] [136 [[""A"" 3]]] [153 [[""A"" 3]]] [165 [[""A"" 3]]] [180 [[""A"" 3]]] [201 [[""A"" 3]]] [215 [[""A"" 3]]] [238 [[""A"" 3]]] [247 [[""A"" 3]]] [264 [[""A"" 3]]] [277 [[""A"" 3]]] [292 [[""A"" 3]]] [304 [[""A"" 3]]] [329 [[""A"" 3]]] [340 [[""A"" 3]]] [350 [[""A"" 3]]] [373 [[""A"" 3]]] [389 [[""A"" 3]]] [400 [[""A"" 3]]] [413 [[""A"" 3]]] [426 [[""A"" 3]]] [435 [[""A"" 3]]] [454 [[""A"" 3]]] [467 [[""A"" 3]]] [493 [[""A"" 3]]] [506 [[""A"" 3]]] [511 [[""A"" 3]]] [528 [[""A"" 3]]] [541 [[""A"" 3]]] [563 [[""A"" 3]]] [583 [[""A"" 3]]] [590 [[""A"" 3]]] [611 [[""A"" 3]]] [618 [[""A"" 3]]] [633 [[""A"" 3]]] [651 [[""A"" 3]]] [660 [[""A"" 3]]] [689 [[""A"" 3]]] [694 [[""A"" 3]]] [719 [[""A"" 3]]] [720 [[""A"" 3]]] [743 [[""A"" 3]]] [761 [[""A"" 3]]] [777 [[""A"" 3]]] [794 [[""A"" 3]]] [807 [[""A"" 3]]] [821 [[""A"" 3]]] [831 [[""A"" 3]]] [851 [[""A"" 3]]] [865 [[""A"" 3]]] [873 [[""A"" 3]]] [891 [[""A"" 3]]] [911 [[""A"" 3]]] [919 [[""A"" 3]]] [935 [[""A"" 3]]] [959 [[""A"" 3]]] [963 [[""A"" 3]]] [987 [[""A"" 3]]] [997 [[""A"" 3]]] [1006 [[""A"" 3]]] [1022 [[""A"" 3]]] [1037 [[""A"" 3]]] [1059 [[""A"" 3]]] [1070 [[""A"" 3]]] [1089 [[""A"" 3]]] [1096 [[""A"" 3]]] [1124 [[""A"" 3]]] [1128 [[""A"" 3]]] [1146 [[""A"" 3]]] [1162 [[""A"" 3]]] [1175 [[""A"" 3]]] [1189 [[""A"" 3]]] [1207 [[""A"" 3]]] [1226 [[""A"" 3]]] [1233 [[""A"" 3]]] [1252 [[""A"" 3]]] [1273 [[""A"" 3]]] [1278 [[""A"" 3]]] [1300 [[""A"" 3]]] [1309 [[""A"" 3]]] [1329 [[""A"" 3]]] [1348 [[""A"" 3]]] [1353 [[""A"" 3]]] [1367 [[""A"" 3]]] [1389 [[""A"" 3]]] [1409 [[""A"" 3]]] [1412 [[""A"" 3]]] [1426 [[""A"" 3]]] [1446 [[""A"" 3]]] [1467 [[""A"" 3]]] [1483 [[""A"" 3]]] [1493 [[""A"" 3]]]]",
"58","[85 0 170]","240","-5.323599913049414","-0.1576250996995192","""box""","""""","9.9","{breed medias}","false","1","1","""up""","0","[[""ID"" 62] [""alpha"" 1] [""beta"" 1] [""malleable"" [""A""]] [""prior"" []] [""cont_tokens"" []] [""A"" 4]]","[]","[]","[[11 [[""A"" 4]]] [26 [[""A"" 4]]] [42 [[""A"" 4]]] [49 [[""A"" 4]]] [65 [[""A"" 4]]] [89 [[""A"" 4]]] [100 [[""A"" 4]]] [116 [[""A"" 4]]] [124 [[""A"" 4]]] [140 [[""A"" 4]]] [160 [[""A"" 4]]] [173 [[""A"" 4]]] [194 [[""A"" 4]]] [202 [[""A"" 4]]] [224 [[""A"" 4]]] [231 [[""A"" 4]]] [249 [[""A"" 4]]] [261 [[""A"" 4]]] [278 [[""A"" 4]]] [287 [[""A"" 4]]] [309 [[""A"" 4]]] [326 [[""A"" 4]]] [332 [[""A"" 4]]] [357 [[""A"" 4]]] [365 [[""A"" 4]]] [383 [[""A"" 4]]] [404 [[""A"" 4]]] [414 [[""A"" 4]]] [432 [[""A"" 4]]] [441 [[""A"" 4]]] [456 [[""A"" 4]]] [466 [[""A"" 4]]] [484 [[""A"" 4]]] [495 [[""A"" 4]]] [521 [[""A"" 4]]] [533 [[""A"" 4]]] [554 [[""A"" 4]]] [568 [[""A"" 4]]] [573 [[""A"" 4]]] [587 [[""A"" 4]]] [609 [[""A"" 4]]] [629 [[""A"" 4]]] [642 [[""A"" 4]]] [653 [[""A"" 4]]] [663 [[""A"" 4]]] [679 [[""A"" 4]]] [690 [[""A"" 4]]] [706 [[""A"" 4]]] [731 [[""A"" 4]]] [738 [[""A"" 4]]] [751 [[""A"" 4]]] [773 [[""A"" 4]]] [780 [[""A"" 4]]] [799 [[""A"" 4]]] [812 [[""A"" 4]]] [834 [[""A"" 4]]] [849 [[""A"" 4]]] [857 [[""A"" 4]]] [878 [[""A"" 4]]] [889 [[""A"" 4]]] [910 [[""A"" 4]]] [920 [[""A"" 4]]] [936 [[""A"" 4]]] [952 [[""A"" 4]]] [968 [[""A"" 4]]] [986 [[""A"" 4]]] [996 [[""A"" 4]]] [1014 [[""A"" 4]]] [1020 [[""A"" 4]]] [1036 [[""A"" 4]]] [1052 [[""A"" 4]]] [1075 [[""A"" 4]]] [1081 [[""A"" 4]]] [1108 [[""A"" 4]]] [1118 [[""A"" 4]]] [1138 [[""A"" 4]]] [1145 [[""A"" 4]]] [1169 [[""A"" 4]]] [1171 [[""A"" 4]]] [1195 [[""A"" 4]]] [1206 [[""A"" 4]]] [1215 [[""A"" 4]]] [1238 [[""A"" 4]]] [1249 [[""A"" 4]]] [1270 [[""A"" 4]]] [1279 [[""A"" 4]]] [1292 [[""A"" 4]]] [1315 [[""A"" 4]]] [1328 [[""A"" 4]]] [1339 [[""A"" 4]]] [1359 [[""A"" 4]]] [1370 [[""A"" 4]]] [1381 [[""A"" 4]]] [1406 [[""A"" 4]]] [1417 [[""A"" 4]]] [1431 [[""A"" 4]]] [1441 [[""A"" 4]]] [1468 [[""A"" 4]]] [1479 [[""A"" 4]]] [1494 [[""A"" 4]]]]",
"59","[170 0 85]","93","-16.44060066126112","2.67521216387167","""box""","""""","9.9","{breed medias}","false","1","1","""up""","0","[[""ID"" 59] [""alpha"" 1] [""beta"" 1] [""malleable"" [""A""]] [""prior"" []] [""cont_tokens"" []] [""A"" 2]]","[]","[]","[[13 [[""A"" 2]]] [19 [[""A"" 2]]] [39 [[""A"" 2]]] [56 [[""A"" 2]]] [60 [[""A"" 2]]] [82 [[""A"" 2]]] [101 [[""A"" 2]]] [117 [[""A"" 2]]] [133 [[""A"" 2]]] [149 [[""A"" 2]]] [159 [[""A"" 2]]] [167 [[""A"" 2]]] [190 [[""A"" 2]]] [204 [[""A"" 2]]] [210 [[""A"" 2]]] [235 [[""A"" 2]]] [245 [[""A"" 2]]] [259 [[""A"" 2]]] [271 [[""A"" 2]]] [286 [[""A"" 2]]] [310 [[""A"" 2]]] [320 [[""A"" 2]]] [337 [[""A"" 2]]] [351 [[""A"" 2]]] [364 [[""A"" 2]]] [376 [[""A"" 2]]] [395 [[""A"" 2]]] [408 [[""A"" 2]]] [427 [[""A"" 2]]] [436 [[""A"" 2]]] [459 [[""A"" 2]]] [477 [[""A"" 2]]] [487 [[""A"" 2]]] [496 [[""A"" 2]]] [524 [[""A"" 2]]] [532 [[""A"" 2]]] [551 [[""A"" 2]]] [561 [[""A"" 2]]] [579 [[""A"" 2]]] [594 [[""A"" 2]]] [601 [[""A"" 2]]] [623 [[""A"" 2]]] [631 [[""A"" 2]]] [648 [[""A"" 2]]] [667 [[""A"" 2]]] [683 [[""A"" 2]]] [699 [[""A"" 2]]] [708 [[""A"" 2]]] [723 [[""A"" 2]]] [742 [[""A"" 2]]] [758 [[""A"" 2]]] [771 [[""A"" 2]]] [787 [[""A"" 2]]] [809 [[""A"" 2]]] [819 [[""A"" 2]]] [833 [[""A"" 2]]] [840 [[""A"" 2]]] [864 [[""A"" 2]]] [883 [[""A"" 2]]] [898 [[""A"" 2]]] [913 [[""A"" 2]]] [922 [[""A"" 2]]] [939 [[""A"" 2]]] [955 [[""A"" 2]]] [960 [[""A"" 2]]] [989 [[""A"" 2]]] [1004 [[""A"" 2]]] [1010 [[""A"" 2]]] [1033 [[""A"" 2]]] [1046 [[""A"" 2]]] [1060 [[""A"" 2]]] [1079 [[""A"" 2]]] [1088 [[""A"" 2]]] [1095 [[""A"" 2]]] [1112 [[""A"" 2]]] [1127 [[""A"" 2]]] [1154 [[""A"" 2]]] [1168 [[""A"" 2]]] [1174 [[""A"" 2]]] [1193 [[""A"" 2]]] [1203 [[""A"" 2]]] [1227 [[""A"" 2]]] [1241 [[""A"" 2]]] [1257 [[""A"" 2]]] [1262 [[""A"" 2]]] [1280 [[""A"" 2]]] [1298 [[""A"" 2]]] [1314 [[""A"" 2]]] [1321 [[""A"" 2]]] [1343 [[""A"" 2]]] [1350 [[""A"" 2]]] [1377 [[""A"" 2]]] [1390 [[""A"" 2]]] [1398 [[""A"" 2]]] [1411 [[""A"" 2]]] [1434 [[""A"" 2]]] [1443 [[""A"" 2]]] [1465 [[""A"" 2]]] [1484 [[""A"" 2]]] [1495 [[""A"" 2]]]]",
"60","[43 0 212]","348","-1.3886370444286609","-15.581353222117126","""box""","""""","9.9","{breed medias}","false","1","1","""up""","0","[[""ID"" 51] [""alpha"" 1] [""beta"" 1] [""malleable"" [""A""]] [""prior"" []] [""cont_tokens"" []] [""A"" 5]]","[]","[]","[[0 [[""A"" 5]]] [24 [[""A"" 5]]] [30 [[""A"" 5]]] [59 [[""A"" 5]]] [74 [[""A"" 5]]] [85 [[""A"" 5]]] [102 [[""A"" 5]]] [119 [[""A"" 5]]] [128 [[""A"" 5]]] [147 [[""A"" 5]]] [152 [[""A"" 5]]] [174 [[""A"" 5]]] [184 [[""A"" 5]]] [195 [[""A"" 5]]] [214 [[""A"" 5]]] [236 [[""A"" 5]]] [251 [[""A"" 5]]] [255 [[""A"" 5]]] [275 [[""A"" 5]]] [294 [[""A"" 5]]] [314 [[""A"" 5]]] [322 [[""A"" 5]]] [343 [[""A"" 5]]] [352 [[""A"" 5]]] [368 [[""A"" 5]]] [375 [[""A"" 5]]] [394 [[""A"" 5]]] [417 [[""A"" 5]]] [423 [[""A"" 5]]] [438 [[""A"" 5]]] [453 [[""A"" 5]]] [476 [[""A"" 5]]] [491 [[""A"" 5]]] [497 [[""A"" 5]]] [518 [[""A"" 5]]] [537 [[""A"" 5]]] [553 [[""A"" 5]]] [559 [[""A"" 5]]] [580 [[""A"" 5]]] [588 [[""A"" 5]]] [606 [[""A"" 5]]] [627 [[""A"" 5]]] [630 [[""A"" 5]]] [646 [[""A"" 5]]] [662 [[""A"" 5]]] [685 [[""A"" 5]]] [702 [[""A"" 5]]] [710 [[""A"" 5]]] [721 [[""A"" 5]]] [737 [[""A"" 5]]] [756 [[""A"" 5]]] [767 [[""A"" 5]]] [782 [[""A"" 5]]] [798 [[""A"" 5]]] [822 [[""A"" 5]]] [827 [[""A"" 5]]] [842 [[""A"" 5]]] [858 [[""A"" 5]]] [884 [[""A"" 5]]] [899 [[""A"" 5]]] [914 [[""A"" 5]]] [923 [[""A"" 5]]] [942 [[""A"" 5]]] [951 [[""A"" 5]]] [972 [[""A"" 5]]] [982 [[""A"" 5]]] [999 [[""A"" 5]]] [1016 [[""A"" 5]]] [1026 [[""A"" 5]]] [1038 [[""A"" 5]]] [1051 [[""A"" 5]]] [1071 [[""A"" 5]]] [1085 [[""A"" 5]]] [1099 [[""A"" 5]]] [1120 [[""A"" 5]]] [1135 [[""A"" 5]]] [1151 [[""A"" 5]]] [1158 [[""A"" 5]]] [1177 [[""A"" 5]]] [1187 [[""A"" 5]]] [1213 [[""A"" 5]]] [1228 [[""A"" 5]]] [1239 [[""A"" 5]]] [1253 [[""A"" 5]]] [1268 [[""A"" 5]]] [1288 [[""A"" 5]]] [1297 [[""A"" 5]]] [1313 [[""A"" 5]]] [1334 [[""A"" 5]]] [1336 [[""A"" 5]]] [1361 [[""A"" 5]]] [1379 [[""A"" 5]]] [1384 [[""A"" 5]]] [1400 [[""A"" 5]]] [1414 [[""A"" 5]]] [1427 [[""A"" 5]]] [1450 [[""A"" 5]]] [1455 [[""A"" 5]]] [1478 [[""A"" 5]]] [1498 [[""A"" 5]]]]",
"61","[128 0 127]","204","-6.3319960429938895","-4.938635497415245","""box""","""""","9.9","{breed medias}","false","1","1","""up""","0","[[""ID"" 56] [""alpha"" 1] [""beta"" 1] [""malleable"" [""A""]] [""prior"" []] [""cont_tokens"" []] [""A"" 3]]","[]","[]","[[12 [[""A"" 3]]] [28 [[""A"" 3]]] [33 [[""A"" 3]]] [50 [[""A"" 3]]] [71 [[""A"" 3]]] [84 [[""A"" 3]]] [94 [[""A"" 3]]] [118 [[""A"" 3]]] [121 [[""A"" 3]]] [142 [[""A"" 3]]] [151 [[""A"" 3]]] [175 [[""A"" 3]]] [188 [[""A"" 3]]] [196 [[""A"" 3]]] [222 [[""A"" 3]]] [230 [[""A"" 3]]] [241 [[""A"" 3]]] [257 [[""A"" 3]]] [276 [[""A"" 3]]] [298 [[""A"" 3]]] [313 [[""A"" 3]]] [317 [[""A"" 3]]] [331 [[""A"" 3]]] [358 [[""A"" 3]]] [361 [[""A"" 3]]] [384 [[""A"" 3]]] [398 [[""A"" 3]]] [406 [[""A"" 3]]] [430 [[""A"" 3]]] [440 [[""A"" 3]]] [458 [[""A"" 3]]] [469 [[""A"" 3]]] [494 [[""A"" 3]]] [498 [[""A"" 3]]] [515 [[""A"" 3]]] [536 [[""A"" 3]]] [548 [[""A"" 3]]] [567 [[""A"" 3]]] [577 [[""A"" 3]]] [593 [[""A"" 3]]] [614 [[""A"" 3]]] [619 [[""A"" 3]]] [636 [[""A"" 3]]] [647 [[""A"" 3]]] [671 [[""A"" 3]]] [676 [[""A"" 3]]] [696 [[""A"" 3]]] [712 [[""A"" 3]]] [732 [[""A"" 3]]] [735 [[""A"" 3]]] [755 [[""A"" 3]]] [769 [[""A"" 3]]] [793 [[""A"" 3]]] [795 [[""A"" 3]]] [810 [[""A"" 3]]] [830 [[""A"" 3]]] [847 [[""A"" 3]]] [861 [[""A"" 3]]] [874 [[""A"" 3]]] [887 [[""A"" 3]]] [902 [[""A"" 3]]] [924 [[""A"" 3]]] [937 [[""A"" 3]]] [957 [[""A"" 3]]] [962 [[""A"" 3]]] [988 [[""A"" 3]]] [1001 [[""A"" 3]]] [1009 [[""A"" 3]]] [1027 [[""A"" 3]]] [1043 [[""A"" 3]]] [1061 [[""A"" 3]]] [1068 [[""A"" 3]]] [1094 [[""A"" 3]]] [1106 [[""A"" 3]]] [1115 [[""A"" 3]]] [1137 [[""A"" 3]]] [1149 [[""A"" 3]]] [1165 [[""A"" 3]]] [1179 [[""A"" 3]]] [1192 [[""A"" 3]]] [1208 [[""A"" 3]]] [1229 [[""A"" 3]]] [1230 [[""A"" 3]]] [1256 [[""A"" 3]]] [1265 [[""A"" 3]]] [1287 [[""A"" 3]]] [1290 [[""A"" 3]]] [1308 [[""A"" 3]]] [1326 [[""A"" 3]]] [1349 [[""A"" 3]]] [1352 [[""A"" 3]]] [1373 [[""A"" 3]]] [1388 [[""A"" 3]]] [1396 [[""A"" 3]]] [1413 [[""A"" 3]]] [1428 [[""A"" 3]]] [1449 [[""A"" 3]]] [1456 [[""A"" 3]]] [1480 [[""A"" 3]]] [1491 [[""A"" 3]]]]",
"62","[170 0 85]","86","-14.831086980954083","14.535036063306968","""box""","""""","9.9","{breed medias}","false","1","1","""up""","0","[[""ID"" 57] [""alpha"" 1] [""beta"" 1] [""malleable"" [""A""]] [""prior"" []] [""cont_tokens"" []] [""A"" 2]]","[]","[]","[[14 [[""A"" 2]]] [22 [[""A"" 2]]] [35 [[""A"" 2]]] [57 [[""A"" 2]]] [63 [[""A"" 2]]] [81 [[""A"" 2]]] [95 [[""A"" 2]]] [115 [[""A"" 2]]] [130 [[""A"" 2]]] [139 [[""A"" 2]]] [161 [[""A"" 2]]] [168 [[""A"" 2]]] [182 [[""A"" 2]]] [203 [[""A"" 2]]] [217 [[""A"" 2]]] [229 [[""A"" 2]]] [248 [[""A"" 2]]] [258 [[""A"" 2]]] [280 [[""A"" 2]]] [296 [[""A"" 2]]] [306 [[""A"" 2]]] [315 [[""A"" 2]]] [334 [[""A"" 2]]] [348 [[""A"" 2]]] [371 [[""A"" 2]]] [385 [[""A"" 2]]] [401 [[""A"" 2]]] [419 [[""A"" 2]]] [420 [[""A"" 2]]] [437 [[""A"" 2]]] [463 [[""A"" 2]]] [474 [[""A"" 2]]] [481 [[""A"" 2]]] [500 [[""A"" 2]]] [522 [[""A"" 2]]] [530 [[""A"" 2]]] [550 [[""A"" 2]]] [566 [[""A"" 2]]] [578 [[""A"" 2]]] [596 [[""A"" 2]]] [612 [[""A"" 2]]] [620 [[""A"" 2]]] [644 [[""A"" 2]]] [650 [[""A"" 2]]] [664 [[""A"" 2]]] [688 [[""A"" 2]]] [704 [[""A"" 2]]] [711 [[""A"" 2]]] [727 [[""A"" 2]]] [741 [[""A"" 2]]] [750 [[""A"" 2]]] [770 [[""A"" 2]]] [783 [[""A"" 2]]] [801 [[""A"" 2]]] [814 [[""A"" 2]]] [835 [[""A"" 2]]] [850 [[""A"" 2]]] [860 [[""A"" 2]]] [876 [[""A"" 2]]] [886 [[""A"" 2]]] [900 [[""A"" 2]]] [929 [[""A"" 2]]] [943 [[""A"" 2]]] [953 [[""A"" 2]]] [970 [[""A"" 2]]] [975 [[""A"" 2]]] [992 [[""A"" 2]]] [1017 [[""A"" 2]]] [1021 [[""A"" 2]]] [1041 [[""A"" 2]]] [1062 [[""A"" 2]]] [1076 [[""A"" 2]]] [1083 [[""A"" 2]]] [1098 [[""A"" 2]]] [1119 [[""A"" 2]]] [1125 [[""A"" 2]]] [1150 [[""A"" 2]]] [1166 [[""A"" 2]]] [1180 [[""A"" 2]]] [1194 [[""A"" 2]]] [1214 [[""A"" 2]]] [1219 [[""A"" 2]]] [1240 [[""A"" 2]]] [1259 [[""A"" 2]]] [1263 [[""A"" 2]]] [1281 [[""A"" 2]]] [1301 [[""A"" 2]]] [1312 [[""A"" 2]]] [1320 [[""A"" 2]]] [1346 [[""A"" 2]]] [1356 [[""A"" 2]]] [1378 [[""A"" 2]]] [1382 [[""A"" 2]]] [1407 [[""A"" 2]]] [1423 [[""A"" 2]]] [1425 [[""A"" 2]]] [1447 [[""A"" 2]]] [1464 [[""A"" 2]]] [1473 [[""A"" 2]]] [1486 [[""A"" 2]]]]",
"63","[85 0 170]","200","-14.93883058881724","-1.8327664586836576","""box""","""""","9.9","{breed medias}","false","1","1","""up""","0","[[""ID"" 54] [""alpha"" 1] [""beta"" 1] [""malleable"" [""A""]] [""prior"" []] [""cont_tokens"" []] [""A"" 4]]","[]","[]","[[7 [[""A"" 4]]] [17 [[""A"" 4]]] [36 [[""A"" 4]]] [46 [[""A"" 4]]] [67 [[""A"" 4]]] [78 [[""A"" 4]]] [93 [[""A"" 4]]] [110 [[""A"" 4]]] [125 [[""A"" 4]]] [137 [[""A"" 4]]] [164 [[""A"" 4]]] [177 [[""A"" 4]]] [192 [[""A"" 4]]] [198 [[""A"" 4]]] [212 [[""A"" 4]]] [226 [[""A"" 4]]] [250 [[""A"" 4]]] [265 [[""A"" 4]]] [281 [[""A"" 4]]] [293 [[""A"" 4]]] [312 [[""A"" 4]]] [327 [[""A"" 4]]] [338 [[""A"" 4]]] [346 [[""A"" 4]]] [366 [[""A"" 4]]] [378 [[""A"" 4]]] [397 [[""A"" 4]]] [405 [[""A"" 4]]] [425 [[""A"" 4]]] [439 [[""A"" 4]]] [451 [[""A"" 4]]] [473 [[""A"" 4]]] [489 [[""A"" 4]]] [499 [[""A"" 4]]] [523 [[""A"" 4]]] [527 [[""A"" 4]]] [546 [[""A"" 4]]] [557 [[""A"" 4]]] [575 [[""A"" 4]]] [585 [[""A"" 4]]] [613 [[""A"" 4]]] [615 [[""A"" 4]]] [635 [[""A"" 4]]] [645 [[""A"" 4]]] [670 [[""A"" 4]]] [680 [[""A"" 4]]] [697 [[""A"" 4]]] [709 [[""A"" 4]]] [733 [[""A"" 4]]] [745 [[""A"" 4]]] [753 [[""A"" 4]]] [774 [[""A"" 4]]] [786 [[""A"" 4]]] [805 [[""A"" 4]]] [817 [[""A"" 4]]] [836 [[""A"" 4]]] [841 [[""A"" 4]]] [869 [[""A"" 4]]] [872 [[""A"" 4]]] [894 [[""A"" 4]]] [907 [[""A"" 4]]] [916 [[""A"" 4]]] [930 [[""A"" 4]]] [948 [[""A"" 4]]] [971 [[""A"" 4]]] [978 [[""A"" 4]]] [1003 [[""A"" 4]]] [1018 [[""A"" 4]]] [1024 [[""A"" 4]]] [1040 [[""A"" 4]]] [1064 [[""A"" 4]]] [1069 [[""A"" 4]]] [1080 [[""A"" 4]]] [1104 [[""A"" 4]]] [1121 [[""A"" 4]]] [1132 [[""A"" 4]]] [1143 [[""A"" 4]]] [1164 [[""A"" 4]]] [1181 [[""A"" 4]]] [1196 [[""A"" 4]]] [1205 [[""A"" 4]]] [1224 [[""A"" 4]]] [1242 [[""A"" 4]]] [1246 [[""A"" 4]]] [1266 [[""A"" 4]]] [1284 [[""A"" 4]]] [1304 [[""A"" 4]]] [1311 [[""A"" 4]]] [1323 [[""A"" 4]]] [1344 [[""A"" 4]]] [1360 [[""A"" 4]]] [1375 [[""A"" 4]]] [1392 [[""A"" 4]]] [1395 [[""A"" 4]]] [1410 [[""A"" 4]]] [1433 [[""A"" 4]]] [1453 [[""A"" 4]]] [1462 [[""A"" 4]]] [1474 [[""A"" 4]]] [1497 [[""A"" 4]]]]",
"64","[170 0 85]","101","3.7298124191354027","-6.099197983267956","""box""","""""","9.9","{breed medias}","false","1","1","""up""","0","[[""ID"" 61] [""alpha"" 1] [""beta"" 1] [""malleable"" [""A""]] [""prior"" []] [""cont_tokens"" []] [""A"" 2]]","[]","[]","[[10 [[""A"" 2]]] [20 [[""A"" 2]]] [31 [[""A"" 2]]] [54 [[""A"" 2]]] [70 [[""A"" 2]]] [79 [[""A"" 2]]] [92 [[""A"" 2]]] [111 [[""A"" 2]]] [129 [[""A"" 2]]] [138 [[""A"" 2]]] [155 [[""A"" 2]]] [176 [[""A"" 2]]] [191 [[""A"" 2]]] [205 [[""A"" 2]]] [220 [[""A"" 2]]] [237 [[""A"" 2]]] [240 [[""A"" 2]]] [260 [[""A"" 2]]] [283 [[""A"" 2]]] [299 [[""A"" 2]]] [301 [[""A"" 2]]] [321 [[""A"" 2]]] [330 [[""A"" 2]]] [347 [[""A"" 2]]] [372 [[""A"" 2]]] [387 [[""A"" 2]]] [402 [[""A"" 2]]] [411 [[""A"" 2]]] [429 [[""A"" 2]]] [449 [[""A"" 2]]] [455 [[""A"" 2]]] [475 [[""A"" 2]]] [482 [[""A"" 2]]] [508 [[""A"" 2]]] [517 [[""A"" 2]]] [531 [[""A"" 2]]] [545 [[""A"" 2]]] [565 [[""A"" 2]]] [576 [[""A"" 2]]] [597 [[""A"" 2]]] [607 [[""A"" 2]]] [617 [[""A"" 2]]] [641 [[""A"" 2]]] [659 [[""A"" 2]]] [666 [[""A"" 2]]] [687 [[""A"" 2]]] [698 [[""A"" 2]]] [713 [[""A"" 2]]] [728 [[""A"" 2]]] [748 [[""A"" 2]]] [760 [[""A"" 2]]] [768 [[""A"" 2]]] [788 [[""A"" 2]]] [802 [[""A"" 2]]] [818 [[""A"" 2]]] [832 [[""A"" 2]]] [846 [[""A"" 2]]] [862 [[""A"" 2]]] [879 [[""A"" 2]]] [893 [[""A"" 2]]] [906 [[""A"" 2]]] [918 [[""A"" 2]]] [938 [[""A"" 2]]] [945 [[""A"" 2]]] [974 [[""A"" 2]]] [981 [[""A"" 2]]] [993 [[""A"" 2]]] [1011 [[""A"" 2]]] [1029 [[""A"" 2]]] [1047 [[""A"" 2]]] [1063 [[""A"" 2]]] [1065 [[""A"" 2]]] [1086 [[""A"" 2]]] [1102 [[""A"" 2]]] [1117 [[""A"" 2]]] [1126 [[""A"" 2]]] [1140 [[""A"" 2]]] [1167 [[""A"" 2]]] [1173 [[""A"" 2]]] [1199 [[""A"" 2]]] [1212 [[""A"" 2]]] [1223 [[""A"" 2]]] [1236 [[""A"" 2]]] [1248 [[""A"" 2]]] [1269 [[""A"" 2]]] [1285 [[""A"" 2]]] [1293 [[""A"" 2]]] [1306 [[""A"" 2]]] [1332 [[""A"" 2]]] [1335 [[""A"" 2]]] [1363 [[""A"" 2]]] [1374 [[""A"" 2]]] [1385 [[""A"" 2]]] [1402 [[""A"" 2]]] [1415 [[""A"" 2]]] [1430 [[""A"" 2]]] [1440 [[""A"" 2]]] [1460 [[""A"" 2]]] [1475 [[""A"" 2]]] [1485 [[""A"" 2]]]]",

"PATCHES"
"pxcor","pycor","pcolor","plabel","plabel-color"
"-16","16","9.9","""""","9.9"
"-15","16","9.9","""""","9.9"
"-14","16","9.9","""""","9.9"
"-13","16","9.9","""""","9.9"
"-12","16","9.9","""""","9.9"
"-11","16","9.9","""""","9.9"
"-10","16","9.9","""""","9.9"
"-9","16","9.9","""""","9.9"
"-8","16","9.9","""""","9.9"
"-7","16","9.9","""""","9.9"
"-6","16","9.9","""""","9.9"
"-5","16","9.9","""""","9.9"
"-4","16","9.9","""""","9.9"
"-3","16","9.9","""""","9.9"
"-2","16","9.9","""""","9.9"
"-1","16","9.9","""""","9.9"
"0","16","9.9","""""","9.9"
"1","16","9.9","""""","9.9"
"2","16","9.9","""""","9.9"
"3","16","9.9","""""","9.9"
"4","16","9.9","""""","9.9"
"5","16","9.9","""""","9.9"
"6","16","9.9","""""","9.9"
"7","16","9.9","""""","9.9"
"8","16","9.9","""""","9.9"
"9","16","9.9","""""","9.9"
"10","16","9.9","""""","9.9"
"11","16","9.9","""""","9.9"
"12","16","9.9","""""","9.9"
"13","16","9.9","""""","9.9"
"14","16","9.9","""""","9.9"
"15","16","9.9","""""","9.9"
"16","16","9.9","""""","9.9"
"-16","15","9.9","""""","9.9"
"-15","15","9.9","""""","9.9"
"-14","15","9.9","""""","9.9"
"-13","15","9.9","""""","9.9"
"-12","15","9.9","""""","9.9"
"-11","15","9.9","""""","9.9"
"-10","15","9.9","""""","9.9"
"-9","15","9.9","""""","9.9"
"-8","15","9.9","""""","9.9"
"-7","15","9.9","""""","9.9"
"-6","15","9.9","""""","9.9"
"-5","15","9.9","""""","9.9"
"-4","15","9.9","""""","9.9"
"-3","15","9.9","""""","9.9"
"-2","15","9.9","""""","9.9"
"-1","15","9.9","""""","9.9"
"0","15","9.9","""""","9.9"
"1","15","9.9","""""","9.9"
"2","15","9.9","""""","9.9"
"3","15","9.9","""""","9.9"
"4","15","9.9","""""","9.9"
"5","15","9.9","""""","9.9"
"6","15","9.9","""""","9.9"
"7","15","9.9","""""","9.9"
"8","15","9.9","""""","9.9"
"9","15","9.9","""""","9.9"
"10","15","9.9","""""","9.9"
"11","15","9.9","""""","9.9"
"12","15","9.9","""""","9.9"
"13","15","9.9","""""","9.9"
"14","15","9.9","""""","9.9"
"15","15","9.9","""""","9.9"
"16","15","9.9","""""","9.9"
"-16","14","9.9","""""","9.9"
"-15","14","9.9","""""","9.9"
"-14","14","9.9","""""","9.9"
"-13","14","9.9","""""","9.9"
"-12","14","9.9","""""","9.9"
"-11","14","9.9","""""","9.9"
"-10","14","9.9","""""","9.9"
"-9","14","9.9","""""","9.9"
"-8","14","9.9","""""","9.9"
"-7","14","9.9","""""","9.9"
"-6","14","9.9","""""","9.9"
"-5","14","9.9","""""","9.9"
"-4","14","9.9","""""","9.9"
"-3","14","9.9","""""","9.9"
"-2","14","9.9","""""","9.9"
"-1","14","9.9","""""","9.9"
"0","14","9.9","""""","9.9"
"1","14","9.9","""""","9.9"
"2","14","9.9","""""","9.9"
"3","14","9.9","""""","9.9"
"4","14","9.9","""""","9.9"
"5","14","9.9","""""","9.9"
"6","14","9.9","""""","9.9"
"7","14","9.9","""""","9.9"
"8","14","9.9","""""","9.9"
"9","14","9.9","""""","9.9"
"10","14","9.9","""""","9.9"
"11","14","9.9","""""","9.9"
"12","14","9.9","""""","9.9"
"13","14","9.9","""""","9.9"
"14","14","9.9","""""","9.9"
"15","14","9.9","""""","9.9"
"16","14","9.9","""""","9.9"
"-16","13","9.9","""""","9.9"
"-15","13","9.9","""""","9.9"
"-14","13","9.9","""""","9.9"
"-13","13","9.9","""""","9.9"
"-12","13","9.9","""""","9.9"
"-11","13","9.9","""""","9.9"
"-10","13","9.9","""""","9.9"
"-9","13","9.9","""""","9.9"
"-8","13","9.9","""""","9.9"
"-7","13","9.9","""""","9.9"
"-6","13","9.9","""""","9.9"
"-5","13","9.9","""""","9.9"
"-4","13","9.9","""""","9.9"
"-3","13","9.9","""""","9.9"
"-2","13","9.9","""""","9.9"
"-1","13","9.9","""""","9.9"
"0","13","9.9","""""","9.9"
"1","13","9.9","""""","9.9"
"2","13","9.9","""""","9.9"
"3","13","9.9","""""","9.9"
"4","13","9.9","""""","9.9"
"5","13","9.9","""""","9.9"
"6","13","9.9","""""","9.9"
"7","13","9.9","""""","9.9"
"8","13","9.9","""""","9.9"
"9","13","9.9","""""","9.9"
"10","13","9.9","""""","9.9"
"11","13","9.9","""""","9.9"
"12","13","9.9","""""","9.9"
"13","13","9.9","""""","9.9"
"14","13","9.9","""""","9.9"
"15","13","9.9","""""","9.9"
"16","13","9.9","""""","9.9"
"-16","12","9.9","""""","9.9"
"-15","12","9.9","""""","9.9"
"-14","12","9.9","""""","9.9"
"-13","12","9.9","""""","9.9"
"-12","12","9.9","""""","9.9"
"-11","12","9.9","""""","9.9"
"-10","12","9.9","""""","9.9"
"-9","12","9.9","""""","9.9"
"-8","12","9.9","""""","9.9"
"-7","12","9.9","""""","9.9"
"-6","12","9.9","""""","9.9"
"-5","12","9.9","""""","9.9"
"-4","12","9.9","""""","9.9"
"-3","12","9.9","""""","9.9"
"-2","12","9.9","""""","9.9"
"-1","12","9.9","""""","9.9"
"0","12","9.9","""""","9.9"
"1","12","9.9","""""","9.9"
"2","12","9.9","""""","9.9"
"3","12","9.9","""""","9.9"
"4","12","9.9","""""","9.9"
"5","12","9.9","""""","9.9"
"6","12","9.9","""""","9.9"
"7","12","9.9","""""","9.9"
"8","12","9.9","""""","9.9"
"9","12","9.9","""""","9.9"
"10","12","9.9","""""","9.9"
"11","12","9.9","""""","9.9"
"12","12","9.9","""""","9.9"
"13","12","9.9","""""","9.9"
"14","12","9.9","""""","9.9"
"15","12","9.9","""""","9.9"
"16","12","9.9","""""","9.9"
"-16","11","9.9","""""","9.9"
"-15","11","9.9","""""","9.9"
"-14","11","9.9","""""","9.9"
"-13","11","9.9","""""","9.9"
"-12","11","9.9","""""","9.9"
"-11","11","9.9","""""","9.9"
"-10","11","9.9","""""","9.9"
"-9","11","9.9","""""","9.9"
"-8","11","9.9","""""","9.9"
"-7","11","9.9","""""","9.9"
"-6","11","9.9","""""","9.9"
"-5","11","9.9","""""","9.9"
"-4","11","9.9","""""","9.9"
"-3","11","9.9","""""","9.9"
"-2","11","9.9","""""","9.9"
"-1","11","9.9","""""","9.9"
"0","11","9.9","""""","9.9"
"1","11","9.9","""""","9.9"
"2","11","9.9","""""","9.9"
"3","11","9.9","""""","9.9"
"4","11","9.9","""""","9.9"
"5","11","9.9","""""","9.9"
"6","11","9.9","""""","9.9"
"7","11","9.9","""""","9.9"
"8","11","9.9","""""","9.9"
"9","11","9.9","""""","9.9"
"10","11","9.9","""""","9.9"
"11","11","9.9","""""","9.9"
"12","11","9.9","""""","9.9"
"13","11","9.9","""""","9.9"
"14","11","9.9","""""","9.9"
"15","11","9.9","""""","9.9"
"16","11","9.9","""""","9.9"
"-16","10","9.9","""""","9.9"
"-15","10","9.9","""""","9.9"
"-14","10","9.9","""""","9.9"
"-13","10","9.9","""""","9.9"
"-12","10","9.9","""""","9.9"
"-11","10","9.9","""""","9.9"
"-10","10","9.9","""""","9.9"
"-9","10","9.9","""""","9.9"
"-8","10","9.9","""""","9.9"
"-7","10","9.9","""""","9.9"
"-6","10","9.9","""""","9.9"
"-5","10","9.9","""""","9.9"
"-4","10","9.9","""""","9.9"
"-3","10","9.9","""""","9.9"
"-2","10","9.9","""""","9.9"
"-1","10","9.9","""""","9.9"
"0","10","9.9","""""","9.9"
"1","10","9.9","""""","9.9"
"2","10","9.9","""""","9.9"
"3","10","9.9","""""","9.9"
"4","10","9.9","""""","9.9"
"5","10","9.9","""""","9.9"
"6","10","9.9","""""","9.9"
"7","10","9.9","""""","9.9"
"8","10","9.9","""""","9.9"
"9","10","9.9","""""","9.9"
"10","10","9.9","""""","9.9"
"11","10","9.9","""""","9.9"
"12","10","9.9","""""","9.9"
"13","10","9.9","""""","9.9"
"14","10","9.9","""""","9.9"
"15","10","9.9","""""","9.9"
"16","10","9.9","""""","9.9"
"-16","9","9.9","""""","9.9"
"-15","9","9.9","""""","9.9"
"-14","9","9.9","""""","9.9"
"-13","9","9.9","""""","9.9"
"-12","9","9.9","""""","9.9"
"-11","9","9.9","""""","9.9"
"-10","9","9.9","""""","9.9"
"-9","9","9.9","""""","9.9"
"-8","9","9.9","""""","9.9"
"-7","9","9.9","""""","9.9"
"-6","9","9.9","""""","9.9"
"-5","9","9.9","""""","9.9"
"-4","9","9.9","""""","9.9"
"-3","9","9.9","""""","9.9"
"-2","9","9.9","""""","9.9"
"-1","9","9.9","""""","9.9"
"0","9","9.9","""""","9.9"
"1","9","9.9","""""","9.9"
"2","9","9.9","""""","9.9"
"3","9","9.9","""""","9.9"
"4","9","9.9","""""","9.9"
"5","9","9.9","""""","9.9"
"6","9","9.9","""""","9.9"
"7","9","9.9","""""","9.9"
"8","9","9.9","""""","9.9"
"9","9","9.9","""""","9.9"
"10","9","9.9","""""","9.9"
"11","9","9.9","""""","9.9"
"12","9","9.9","""""","9.9"
"13","9","9.9","""""","9.9"
"14","9","9.9","""""","9.9"
"15","9","9.9","""""","9.9"
"16","9","9.9","""""","9.9"
"-16","8","9.9","""""","9.9"
"-15","8","9.9","""""","9.9"
"-14","8","9.9","""""","9.9"
"-13","8","9.9","""""","9.9"
"-12","8","9.9","""""","9.9"
"-11","8","9.9","""""","9.9"
"-10","8","9.9","""""","9.9"
"-9","8","9.9","""""","9.9"
"-8","8","9.9","""""","9.9"
"-7","8","9.9","""""","9.9"
"-6","8","9.9","""""","9.9"
"-5","8","9.9","""""","9.9"
"-4","8","9.9","""""","9.9"
"-3","8","9.9","""""","9.9"
"-2","8","9.9","""""","9.9"
"-1","8","9.9","""""","9.9"
"0","8","9.9","""""","9.9"
"1","8","9.9","""""","9.9"
"2","8","9.9","""""","9.9"
"3","8","9.9","""""","9.9"
"4","8","9.9","""""","9.9"
"5","8","9.9","""""","9.9"
"6","8","9.9","""""","9.9"
"7","8","9.9","""""","9.9"
"8","8","9.9","""""","9.9"
"9","8","9.9","""""","9.9"
"10","8","9.9","""""","9.9"
"11","8","9.9","""""","9.9"
"12","8","9.9","""""","9.9"
"13","8","9.9","""""","9.9"
"14","8","9.9","""""","9.9"
"15","8","9.9","""""","9.9"
"16","8","9.9","""""","9.9"
"-16","7","9.9","""""","9.9"
"-15","7","9.9","""""","9.9"
"-14","7","9.9","""""","9.9"
"-13","7","9.9","""""","9.9"
"-12","7","9.9","""""","9.9"
"-11","7","9.9","""""","9.9"
"-10","7","9.9","""""","9.9"
"-9","7","9.9","""""","9.9"
"-8","7","9.9","""""","9.9"
"-7","7","9.9","""""","9.9"
"-6","7","9.9","""""","9.9"
"-5","7","9.9","""""","9.9"
"-4","7","9.9","""""","9.9"
"-3","7","9.9","""""","9.9"
"-2","7","9.9","""""","9.9"
"-1","7","9.9","""""","9.9"
"0","7","9.9","""""","9.9"
"1","7","9.9","""""","9.9"
"2","7","9.9","""""","9.9"
"3","7","9.9","""""","9.9"
"4","7","9.9","""""","9.9"
"5","7","9.9","""""","9.9"
"6","7","9.9","""""","9.9"
"7","7","9.9","""""","9.9"
"8","7","9.9","""""","9.9"
"9","7","9.9","""""","9.9"
"10","7","9.9","""""","9.9"
"11","7","9.9","""""","9.9"
"12","7","9.9","""""","9.9"
"13","7","9.9","""""","9.9"
"14","7","9.9","""""","9.9"
"15","7","9.9","""""","9.9"
"16","7","9.9","""""","9.9"
"-16","6","9.9","""""","9.9"
"-15","6","9.9","""""","9.9"
"-14","6","9.9","""""","9.9"
"-13","6","9.9","""""","9.9"
"-12","6","9.9","""""","9.9"
"-11","6","9.9","""""","9.9"
"-10","6","9.9","""""","9.9"
"-9","6","9.9","""""","9.9"
"-8","6","9.9","""""","9.9"
"-7","6","9.9","""""","9.9"
"-6","6","9.9","""""","9.9"
"-5","6","9.9","""""","9.9"
"-4","6","9.9","""""","9.9"
"-3","6","9.9","""""","9.9"
"-2","6","9.9","""""","9.9"
"-1","6","9.9","""""","9.9"
"0","6","9.9","""""","9.9"
"1","6","9.9","""""","9.9"
"2","6","9.9","""""","9.9"
"3","6","9.9","""""","9.9"
"4","6","9.9","""""","9.9"
"5","6","9.9","""""","9.9"
"6","6","9.9","""""","9.9"
"7","6","9.9","""""","9.9"
"8","6","9.9","""""","9.9"
"9","6","9.9","""""","9.9"
"10","6","9.9","""""","9.9"
"11","6","9.9","""""","9.9"
"12","6","9.9","""""","9.9"
"13","6","9.9","""""","9.9"
"14","6","9.9","""""","9.9"
"15","6","9.9","""""","9.9"
"16","6","9.9","""""","9.9"
"-16","5","9.9","""""","9.9"
"-15","5","9.9","""""","9.9"
"-14","5","9.9","""""","9.9"
"-13","5","9.9","""""","9.9"
"-12","5","9.9","""""","9.9"
"-11","5","9.9","""""","9.9"
"-10","5","9.9","""""","9.9"
"-9","5","9.9","""""","9.9"
"-8","5","9.9","""""","9.9"
"-7","5","9.9","""""","9.9"
"-6","5","9.9","""""","9.9"
"-5","5","9.9","""""","9.9"
"-4","5","9.9","""""","9.9"
"-3","5","9.9","""""","9.9"
"-2","5","9.9","""""","9.9"
"-1","5","9.9","""""","9.9"
"0","5","9.9","""""","9.9"
"1","5","9.9","""""","9.9"
"2","5","9.9","""""","9.9"
"3","5","9.9","""""","9.9"
"4","5","9.9","""""","9.9"
"5","5","9.9","""""","9.9"
"6","5","9.9","""""","9.9"
"7","5","9.9","""""","9.9"
"8","5","9.9","""""","9.9"
"9","5","9.9","""""","9.9"
"10","5","9.9","""""","9.9"
"11","5","9.9","""""","9.9"
"12","5","9.9","""""","9.9"
"13","5","9.9","""""","9.9"
"14","5","9.9","""""","9.9"
"15","5","9.9","""""","9.9"
"16","5","9.9","""""","9.9"
"-16","4","9.9","""""","9.9"
"-15","4","9.9","""""","9.9"
"-14","4","9.9","""""","9.9"
"-13","4","9.9","""""","9.9"
"-12","4","9.9","""""","9.9"
"-11","4","9.9","""""","9.9"
"-10","4","9.9","""""","9.9"
"-9","4","9.9","""""","9.9"
"-8","4","9.9","""""","9.9"
"-7","4","9.9","""""","9.9"
"-6","4","9.9","""""","9.9"
"-5","4","9.9","""""","9.9"
"-4","4","9.9","""""","9.9"
"-3","4","9.9","""""","9.9"
"-2","4","9.9","""""","9.9"
"-1","4","9.9","""""","9.9"
"0","4","9.9","""""","9.9"
"1","4","9.9","""""","9.9"
"2","4","9.9","""""","9.9"
"3","4","9.9","""""","9.9"
"4","4","9.9","""""","9.9"
"5","4","9.9","""""","9.9"
"6","4","9.9","""""","9.9"
"7","4","9.9","""""","9.9"
"8","4","9.9","""""","9.9"
"9","4","9.9","""""","9.9"
"10","4","9.9","""""","9.9"
"11","4","9.9","""""","9.9"
"12","4","9.9","""""","9.9"
"13","4","9.9","""""","9.9"
"14","4","9.9","""""","9.9"
"15","4","9.9","""""","9.9"
"16","4","9.9","""""","9.9"
"-16","3","9.9","""""","9.9"
"-15","3","9.9","""""","9.9"
"-14","3","9.9","""""","9.9"
"-13","3","9.9","""""","9.9"
"-12","3","9.9","""""","9.9"
"-11","3","9.9","""""","9.9"
"-10","3","9.9","""""","9.9"
"-9","3","9.9","""""","9.9"
"-8","3","9.9","""""","9.9"
"-7","3","9.9","""""","9.9"
"-6","3","9.9","""""","9.9"
"-5","3","9.9","""""","9.9"
"-4","3","9.9","""""","9.9"
"-3","3","9.9","""""","9.9"
"-2","3","9.9","""""","9.9"
"-1","3","9.9","""""","9.9"
"0","3","9.9","""""","9.9"
"1","3","9.9","""""","9.9"
"2","3","9.9","""""","9.9"
"3","3","9.9","""""","9.9"
"4","3","9.9","""""","9.9"
"5","3","9.9","""""","9.9"
"6","3","9.9","""""","9.9"
"7","3","9.9","""""","9.9"
"8","3","9.9","""""","9.9"
"9","3","9.9","""""","9.9"
"10","3","9.9","""""","9.9"
"11","3","9.9","""""","9.9"
"12","3","9.9","""""","9.9"
"13","3","9.9","""""","9.9"
"14","3","9.9","""""","9.9"
"15","3","9.9","""""","9.9"
"16","3","9.9","""""","9.9"
"-16","2","9.9","""""","9.9"
"-15","2","9.9","""""","9.9"
"-14","2","9.9","""""","9.9"
"-13","2","9.9","""""","9.9"
"-12","2","9.9","""""","9.9"
"-11","2","9.9","""""","9.9"
"-10","2","9.9","""""","9.9"
"-9","2","9.9","""""","9.9"
"-8","2","9.9","""""","9.9"
"-7","2","9.9","""""","9.9"
"-6","2","9.9","""""","9.9"
"-5","2","9.9","""""","9.9"
"-4","2","9.9","""""","9.9"
"-3","2","9.9","""""","9.9"
"-2","2","9.9","""""","9.9"
"-1","2","9.9","""""","9.9"
"0","2","9.9","""""","9.9"
"1","2","9.9","""""","9.9"
"2","2","9.9","""""","9.9"
"3","2","9.9","""""","9.9"
"4","2","9.9","""""","9.9"
"5","2","9.9","""""","9.9"
"6","2","9.9","""""","9.9"
"7","2","9.9","""""","9.9"
"8","2","9.9","""""","9.9"
"9","2","9.9","""""","9.9"
"10","2","9.9","""""","9.9"
"11","2","9.9","""""","9.9"
"12","2","9.9","""""","9.9"
"13","2","9.9","""""","9.9"
"14","2","9.9","""""","9.9"
"15","2","9.9","""""","9.9"
"16","2","9.9","""""","9.9"
"-16","1","9.9","""""","9.9"
"-15","1","9.9","""""","9.9"
"-14","1","9.9","""""","9.9"
"-13","1","9.9","""""","9.9"
"-12","1","9.9","""""","9.9"
"-11","1","9.9","""""","9.9"
"-10","1","9.9","""""","9.9"
"-9","1","9.9","""""","9.9"
"-8","1","9.9","""""","9.9"
"-7","1","9.9","""""","9.9"
"-6","1","9.9","""""","9.9"
"-5","1","9.9","""""","9.9"
"-4","1","9.9","""""","9.9"
"-3","1","9.9","""""","9.9"
"-2","1","9.9","""""","9.9"
"-1","1","9.9","""""","9.9"
"0","1","9.9","""""","9.9"
"1","1","9.9","""""","9.9"
"2","1","9.9","""""","9.9"
"3","1","9.9","""""","9.9"
"4","1","9.9","""""","9.9"
"5","1","9.9","""""","9.9"
"6","1","9.9","""""","9.9"
"7","1","9.9","""""","9.9"
"8","1","9.9","""""","9.9"
"9","1","9.9","""""","9.9"
"10","1","9.9","""""","9.9"
"11","1","9.9","""""","9.9"
"12","1","9.9","""""","9.9"
"13","1","9.9","""""","9.9"
"14","1","9.9","""""","9.9"
"15","1","9.9","""""","9.9"
"16","1","9.9","""""","9.9"
"-16","0","9.9","""""","9.9"
"-15","0","9.9","""""","9.9"
"-14","0","9.9","""""","9.9"
"-13","0","9.9","""""","9.9"
"-12","0","9.9","""""","9.9"
"-11","0","9.9","""""","9.9"
"-10","0","9.9","""""","9.9"
"-9","0","9.9","""""","9.9"
"-8","0","9.9","""""","9.9"
"-7","0","9.9","""""","9.9"
"-6","0","9.9","""""","9.9"
"-5","0","9.9","""""","9.9"
"-4","0","9.9","""""","9.9"
"-3","0","9.9","""""","9.9"
"-2","0","9.9","""""","9.9"
"-1","0","9.9","""""","9.9"
"0","0","9.9","""""","9.9"
"1","0","9.9","""""","9.9"
"2","0","9.9","""""","9.9"
"3","0","9.9","""""","9.9"
"4","0","9.9","""""","9.9"
"5","0","9.9","""""","9.9"
"6","0","9.9","""""","9.9"
"7","0","9.9","""""","9.9"
"8","0","9.9","""""","9.9"
"9","0","9.9","""""","9.9"
"10","0","9.9","""""","9.9"
"11","0","9.9","""""","9.9"
"12","0","9.9","""""","9.9"
"13","0","9.9","""""","9.9"
"14","0","9.9","""""","9.9"
"15","0","9.9","""""","9.9"
"16","0","9.9","""""","9.9"
"-16","-1","9.9","""""","9.9"
"-15","-1","9.9","""""","9.9"
"-14","-1","9.9","""""","9.9"
"-13","-1","9.9","""""","9.9"
"-12","-1","9.9","""""","9.9"
"-11","-1","9.9","""""","9.9"
"-10","-1","9.9","""""","9.9"
"-9","-1","9.9","""""","9.9"
"-8","-1","9.9","""""","9.9"
"-7","-1","9.9","""""","9.9"
"-6","-1","9.9","""""","9.9"
"-5","-1","9.9","""""","9.9"
"-4","-1","9.9","""""","9.9"
"-3","-1","9.9","""""","9.9"
"-2","-1","9.9","""""","9.9"
"-1","-1","9.9","""""","9.9"
"0","-1","9.9","""""","9.9"
"1","-1","9.9","""""","9.9"
"2","-1","9.9","""""","9.9"
"3","-1","9.9","""""","9.9"
"4","-1","9.9","""""","9.9"
"5","-1","9.9","""""","9.9"
"6","-1","9.9","""""","9.9"
"7","-1","9.9","""""","9.9"
"8","-1","9.9","""""","9.9"
"9","-1","9.9","""""","9.9"
"10","-1","9.9","""""","9.9"
"11","-1","9.9","""""","9.9"
"12","-1","9.9","""""","9.9"
"13","-1","9.9","""""","9.9"
"14","-1","9.9","""""","9.9"
"15","-1","9.9","""""","9.9"
"16","-1","9.9","""""","9.9"
"-16","-2","9.9","""""","9.9"
"-15","-2","9.9","""""","9.9"
"-14","-2","9.9","""""","9.9"
"-13","-2","9.9","""""","9.9"
"-12","-2","9.9","""""","9.9"
"-11","-2","9.9","""""","9.9"
"-10","-2","9.9","""""","9.9"
"-9","-2","9.9","""""","9.9"
"-8","-2","9.9","""""","9.9"
"-7","-2","9.9","""""","9.9"
"-6","-2","9.9","""""","9.9"
"-5","-2","9.9","""""","9.9"
"-4","-2","9.9","""""","9.9"
"-3","-2","9.9","""""","9.9"
"-2","-2","9.9","""""","9.9"
"-1","-2","9.9","""""","9.9"
"0","-2","9.9","""""","9.9"
"1","-2","9.9","""""","9.9"
"2","-2","9.9","""""","9.9"
"3","-2","9.9","""""","9.9"
"4","-2","9.9","""""","9.9"
"5","-2","9.9","""""","9.9"
"6","-2","9.9","""""","9.9"
"7","-2","9.9","""""","9.9"
"8","-2","9.9","""""","9.9"
"9","-2","9.9","""""","9.9"
"10","-2","9.9","""""","9.9"
"11","-2","9.9","""""","9.9"
"12","-2","9.9","""""","9.9"
"13","-2","9.9","""""","9.9"
"14","-2","9.9","""""","9.9"
"15","-2","9.9","""""","9.9"
"16","-2","9.9","""""","9.9"
"-16","-3","9.9","""""","9.9"
"-15","-3","9.9","""""","9.9"
"-14","-3","9.9","""""","9.9"
"-13","-3","9.9","""""","9.9"
"-12","-3","9.9","""""","9.9"
"-11","-3","9.9","""""","9.9"
"-10","-3","9.9","""""","9.9"
"-9","-3","9.9","""""","9.9"
"-8","-3","9.9","""""","9.9"
"-7","-3","9.9","""""","9.9"
"-6","-3","9.9","""""","9.9"
"-5","-3","9.9","""""","9.9"
"-4","-3","9.9","""""","9.9"
"-3","-3","9.9","""""","9.9"
"-2","-3","9.9","""""","9.9"
"-1","-3","9.9","""""","9.9"
"0","-3","9.9","""""","9.9"
"1","-3","9.9","""""","9.9"
"2","-3","9.9","""""","9.9"
"3","-3","9.9","""""","9.9"
"4","-3","9.9","""""","9.9"
"5","-3","9.9","""""","9.9"
"6","-3","9.9","""""","9.9"
"7","-3","9.9","""""","9.9"
"8","-3","9.9","""""","9.9"
"9","-3","9.9","""""","9.9"
"10","-3","9.9","""""","9.9"
"11","-3","9.9","""""","9.9"
"12","-3","9.9","""""","9.9"
"13","-3","9.9","""""","9.9"
"14","-3","9.9","""""","9.9"
"15","-3","9.9","""""","9.9"
"16","-3","9.9","""""","9.9"
"-16","-4","9.9","""""","9.9"
"-15","-4","9.9","""""","9.9"
"-14","-4","9.9","""""","9.9"
"-13","-4","9.9","""""","9.9"
"-12","-4","9.9","""""","9.9"
"-11","-4","9.9","""""","9.9"
"-10","-4","9.9","""""","9.9"
"-9","-4","9.9","""""","9.9"
"-8","-4","9.9","""""","9.9"
"-7","-4","9.9","""""","9.9"
"-6","-4","9.9","""""","9.9"
"-5","-4","9.9","""""","9.9"
"-4","-4","9.9","""""","9.9"
"-3","-4","9.9","""""","9.9"
"-2","-4","9.9","""""","9.9"
"-1","-4","9.9","""""","9.9"
"0","-4","9.9","""""","9.9"
"1","-4","9.9","""""","9.9"
"2","-4","9.9","""""","9.9"
"3","-4","9.9","""""","9.9"
"4","-4","9.9","""""","9.9"
"5","-4","9.9","""""","9.9"
"6","-4","9.9","""""","9.9"
"7","-4","9.9","""""","9.9"
"8","-4","9.9","""""","9.9"
"9","-4","9.9","""""","9.9"
"10","-4","9.9","""""","9.9"
"11","-4","9.9","""""","9.9"
"12","-4","9.9","""""","9.9"
"13","-4","9.9","""""","9.9"
"14","-4","9.9","""""","9.9"
"15","-4","9.9","""""","9.9"
"16","-4","9.9","""""","9.9"
"-16","-5","9.9","""""","9.9"
"-15","-5","9.9","""""","9.9"
"-14","-5","9.9","""""","9.9"
"-13","-5","9.9","""""","9.9"
"-12","-5","9.9","""""","9.9"
"-11","-5","9.9","""""","9.9"
"-10","-5","9.9","""""","9.9"
"-9","-5","9.9","""""","9.9"
"-8","-5","9.9","""""","9.9"
"-7","-5","9.9","""""","9.9"
"-6","-5","9.9","""""","9.9"
"-5","-5","9.9","""""","9.9"
"-4","-5","9.9","""""","9.9"
"-3","-5","9.9","""""","9.9"
"-2","-5","9.9","""""","9.9"
"-1","-5","9.9","""""","9.9"
"0","-5","9.9","""""","9.9"
"1","-5","9.9","""""","9.9"
"2","-5","9.9","""""","9.9"
"3","-5","9.9","""""","9.9"
"4","-5","9.9","""""","9.9"
"5","-5","9.9","""""","9.9"
"6","-5","9.9","""""","9.9"
"7","-5","9.9","""""","9.9"
"8","-5","9.9","""""","9.9"
"9","-5","9.9","""""","9.9"
"10","-5","9.9","""""","9.9"
"11","-5","9.9","""""","9.9"
"12","-5","9.9","""""","9.9"
"13","-5","9.9","""""","9.9"
"14","-5","9.9","""""","9.9"
"15","-5","9.9","""""","9.9"
"16","-5","9.9","""""","9.9"
"-16","-6","9.9","""""","9.9"
"-15","-6","9.9","""""","9.9"
"-14","-6","9.9","""""","9.9"
"-13","-6","9.9","""""","9.9"
"-12","-6","9.9","""""","9.9"
"-11","-6","9.9","""""","9.9"
"-10","-6","9.9","""""","9.9"
"-9","-6","9.9","""""","9.9"
"-8","-6","9.9","""""","9.9"
"-7","-6","9.9","""""","9.9"
"-6","-6","9.9","""""","9.9"
"-5","-6","9.9","""""","9.9"
"-4","-6","9.9","""""","9.9"
"-3","-6","9.9","""""","9.9"
"-2","-6","9.9","""""","9.9"
"-1","-6","9.9","""""","9.9"
"0","-6","9.9","""""","9.9"
"1","-6","9.9","""""","9.9"
"2","-6","9.9","""""","9.9"
"3","-6","9.9","""""","9.9"
"4","-6","9.9","""""","9.9"
"5","-6","9.9","""""","9.9"
"6","-6","9.9","""""","9.9"
"7","-6","9.9","""""","9.9"
"8","-6","9.9","""""","9.9"
"9","-6","9.9","""""","9.9"
"10","-6","9.9","""""","9.9"
"11","-6","9.9","""""","9.9"
"12","-6","9.9","""""","9.9"
"13","-6","9.9","""""","9.9"
"14","-6","9.9","""""","9.9"
"15","-6","9.9","""""","9.9"
"16","-6","9.9","""""","9.9"
"-16","-7","9.9","""""","9.9"
"-15","-7","9.9","""""","9.9"
"-14","-7","9.9","""""","9.9"
"-13","-7","9.9","""""","9.9"
"-12","-7","9.9","""""","9.9"
"-11","-7","9.9","""""","9.9"
"-10","-7","9.9","""""","9.9"
"-9","-7","9.9","""""","9.9"
"-8","-7","9.9","""""","9.9"
"-7","-7","9.9","""""","9.9"
"-6","-7","9.9","""""","9.9"
"-5","-7","9.9","""""","9.9"
"-4","-7","9.9","""""","9.9"
"-3","-7","9.9","""""","9.9"
"-2","-7","9.9","""""","9.9"
"-1","-7","9.9","""""","9.9"
"0","-7","9.9","""""","9.9"
"1","-7","9.9","""""","9.9"
"2","-7","9.9","""""","9.9"
"3","-7","9.9","""""","9.9"
"4","-7","9.9","""""","9.9"
"5","-7","9.9","""""","9.9"
"6","-7","9.9","""""","9.9"
"7","-7","9.9","""""","9.9"
"8","-7","9.9","""""","9.9"
"9","-7","9.9","""""","9.9"
"10","-7","9.9","""""","9.9"
"11","-7","9.9","""""","9.9"
"12","-7","9.9","""""","9.9"
"13","-7","9.9","""""","9.9"
"14","-7","9.9","""""","9.9"
"15","-7","9.9","""""","9.9"
"16","-7","9.9","""""","9.9"
"-16","-8","9.9","""""","9.9"
"-15","-8","9.9","""""","9.9"
"-14","-8","9.9","""""","9.9"
"-13","-8","9.9","""""","9.9"
"-12","-8","9.9","""""","9.9"
"-11","-8","9.9","""""","9.9"
"-10","-8","9.9","""""","9.9"
"-9","-8","9.9","""""","9.9"
"-8","-8","9.9","""""","9.9"
"-7","-8","9.9","""""","9.9"
"-6","-8","9.9","""""","9.9"
"-5","-8","9.9","""""","9.9"
"-4","-8","9.9","""""","9.9"
"-3","-8","9.9","""""","9.9"
"-2","-8","9.9","""""","9.9"
"-1","-8","9.9","""""","9.9"
"0","-8","9.9","""""","9.9"
"1","-8","9.9","""""","9.9"
"2","-8","9.9","""""","9.9"
"3","-8","9.9","""""","9.9"
"4","-8","9.9","""""","9.9"
"5","-8","9.9","""""","9.9"
"6","-8","9.9","""""","9.9"
"7","-8","9.9","""""","9.9"
"8","-8","9.9","""""","9.9"
"9","-8","9.9","""""","9.9"
"10","-8","9.9","""""","9.9"
"11","-8","9.9","""""","9.9"
"12","-8","9.9","""""","9.9"
"13","-8","9.9","""""","9.9"
"14","-8","9.9","""""","9.9"
"15","-8","9.9","""""","9.9"
"16","-8","9.9","""""","9.9"
"-16","-9","9.9","""""","9.9"
"-15","-9","9.9","""""","9.9"
"-14","-9","9.9","""""","9.9"
"-13","-9","9.9","""""","9.9"
"-12","-9","9.9","""""","9.9"
"-11","-9","9.9","""""","9.9"
"-10","-9","9.9","""""","9.9"
"-9","-9","9.9","""""","9.9"
"-8","-9","9.9","""""","9.9"
"-7","-9","9.9","""""","9.9"
"-6","-9","9.9","""""","9.9"
"-5","-9","9.9","""""","9.9"
"-4","-9","9.9","""""","9.9"
"-3","-9","9.9","""""","9.9"
"-2","-9","9.9","""""","9.9"
"-1","-9","9.9","""""","9.9"
"0","-9","9.9","""""","9.9"
"1","-9","9.9","""""","9.9"
"2","-9","9.9","""""","9.9"
"3","-9","9.9","""""","9.9"
"4","-9","9.9","""""","9.9"
"5","-9","9.9","""""","9.9"
"6","-9","9.9","""""","9.9"
"7","-9","9.9","""""","9.9"
"8","-9","9.9","""""","9.9"
"9","-9","9.9","""""","9.9"
"10","-9","9.9","""""","9.9"
"11","-9","9.9","""""","9.9"
"12","-9","9.9","""""","9.9"
"13","-9","9.9","""""","9.9"
"14","-9","9.9","""""","9.9"
"15","-9","9.9","""""","9.9"
"16","-9","9.9","""""","9.9"
"-16","-10","9.9","""""","9.9"
"-15","-10","9.9","""""","9.9"
"-14","-10","9.9","""""","9.9"
"-13","-10","9.9","""""","9.9"
"-12","-10","9.9","""""","9.9"
"-11","-10","9.9","""""","9.9"
"-10","-10","9.9","""""","9.9"
"-9","-10","9.9","""""","9.9"
"-8","-10","9.9","""""","9.9"
"-7","-10","9.9","""""","9.9"
"-6","-10","9.9","""""","9.9"
"-5","-10","9.9","""""","9.9"
"-4","-10","9.9","""""","9.9"
"-3","-10","9.9","""""","9.9"
"-2","-10","9.9","""""","9.9"
"-1","-10","9.9","""""","9.9"
"0","-10","9.9","""""","9.9"
"1","-10","9.9","""""","9.9"
"2","-10","9.9","""""","9.9"
"3","-10","9.9","""""","9.9"
"4","-10","9.9","""""","9.9"
"5","-10","9.9","""""","9.9"
"6","-10","9.9","""""","9.9"
"7","-10","9.9","""""","9.9"
"8","-10","9.9","""""","9.9"
"9","-10","9.9","""""","9.9"
"10","-10","9.9","""""","9.9"
"11","-10","9.9","""""","9.9"
"12","-10","9.9","""""","9.9"
"13","-10","9.9","""""","9.9"
"14","-10","9.9","""""","9.9"
"15","-10","9.9","""""","9.9"
"16","-10","9.9","""""","9.9"
"-16","-11","9.9","""""","9.9"
"-15","-11","9.9","""""","9.9"
"-14","-11","9.9","""""","9.9"
"-13","-11","9.9","""""","9.9"
"-12","-11","9.9","""""","9.9"
"-11","-11","9.9","""""","9.9"
"-10","-11","9.9","""""","9.9"
"-9","-11","9.9","""""","9.9"
"-8","-11","9.9","""""","9.9"
"-7","-11","9.9","""""","9.9"
"-6","-11","9.9","""""","9.9"
"-5","-11","9.9","""""","9.9"
"-4","-11","9.9","""""","9.9"
"-3","-11","9.9","""""","9.9"
"-2","-11","9.9","""""","9.9"
"-1","-11","9.9","""""","9.9"
"0","-11","9.9","""""","9.9"
"1","-11","9.9","""""","9.9"
"2","-11","9.9","""""","9.9"
"3","-11","9.9","""""","9.9"
"4","-11","9.9","""""","9.9"
"5","-11","9.9","""""","9.9"
"6","-11","9.9","""""","9.9"
"7","-11","9.9","""""","9.9"
"8","-11","9.9","""""","9.9"
"9","-11","9.9","""""","9.9"
"10","-11","9.9","""""","9.9"
"11","-11","9.9","""""","9.9"
"12","-11","9.9","""""","9.9"
"13","-11","9.9","""""","9.9"
"14","-11","9.9","""""","9.9"
"15","-11","9.9","""""","9.9"
"16","-11","9.9","""""","9.9"
"-16","-12","9.9","""""","9.9"
"-15","-12","9.9","""""","9.9"
"-14","-12","9.9","""""","9.9"
"-13","-12","9.9","""""","9.9"
"-12","-12","9.9","""""","9.9"
"-11","-12","9.9","""""","9.9"
"-10","-12","9.9","""""","9.9"
"-9","-12","9.9","""""","9.9"
"-8","-12","9.9","""""","9.9"
"-7","-12","9.9","""""","9.9"
"-6","-12","9.9","""""","9.9"
"-5","-12","9.9","""""","9.9"
"-4","-12","9.9","""""","9.9"
"-3","-12","9.9","""""","9.9"
"-2","-12","9.9","""""","9.9"
"-1","-12","9.9","""""","9.9"
"0","-12","9.9","""""","9.9"
"1","-12","9.9","""""","9.9"
"2","-12","9.9","""""","9.9"
"3","-12","9.9","""""","9.9"
"4","-12","9.9","""""","9.9"
"5","-12","9.9","""""","9.9"
"6","-12","9.9","""""","9.9"
"7","-12","9.9","""""","9.9"
"8","-12","9.9","""""","9.9"
"9","-12","9.9","""""","9.9"
"10","-12","9.9","""""","9.9"
"11","-12","9.9","""""","9.9"
"12","-12","9.9","""""","9.9"
"13","-12","9.9","""""","9.9"
"14","-12","9.9","""""","9.9"
"15","-12","9.9","""""","9.9"
"16","-12","9.9","""""","9.9"
"-16","-13","9.9","""""","9.9"
"-15","-13","9.9","""""","9.9"
"-14","-13","9.9","""""","9.9"
"-13","-13","9.9","""""","9.9"
"-12","-13","9.9","""""","9.9"
"-11","-13","9.9","""""","9.9"
"-10","-13","9.9","""""","9.9"
"-9","-13","9.9","""""","9.9"
"-8","-13","9.9","""""","9.9"
"-7","-13","9.9","""""","9.9"
"-6","-13","9.9","""""","9.9"
"-5","-13","9.9","""""","9.9"
"-4","-13","9.9","""""","9.9"
"-3","-13","9.9","""""","9.9"
"-2","-13","9.9","""""","9.9"
"-1","-13","9.9","""""","9.9"
"0","-13","9.9","""""","9.9"
"1","-13","9.9","""""","9.9"
"2","-13","9.9","""""","9.9"
"3","-13","9.9","""""","9.9"
"4","-13","9.9","""""","9.9"
"5","-13","9.9","""""","9.9"
"6","-13","9.9","""""","9.9"
"7","-13","9.9","""""","9.9"
"8","-13","9.9","""""","9.9"
"9","-13","9.9","""""","9.9"
"10","-13","9.9","""""","9.9"
"11","-13","9.9","""""","9.9"
"12","-13","9.9","""""","9.9"
"13","-13","9.9","""""","9.9"
"14","-13","9.9","""""","9.9"
"15","-13","9.9","""""","9.9"
"16","-13","9.9","""""","9.9"
"-16","-14","9.9","""""","9.9"
"-15","-14","9.9","""""","9.9"
"-14","-14","9.9","""""","9.9"
"-13","-14","9.9","""""","9.9"
"-12","-14","9.9","""""","9.9"
"-11","-14","9.9","""""","9.9"
"-10","-14","9.9","""""","9.9"
"-9","-14","9.9","""""","9.9"
"-8","-14","9.9","""""","9.9"
"-7","-14","9.9","""""","9.9"
"-6","-14","9.9","""""","9.9"
"-5","-14","9.9","""""","9.9"
"-4","-14","9.9","""""","9.9"
"-3","-14","9.9","""""","9.9"
"-2","-14","9.9","""""","9.9"
"-1","-14","9.9","""""","9.9"
"0","-14","9.9","""""","9.9"
"1","-14","9.9","""""","9.9"
"2","-14","9.9","""""","9.9"
"3","-14","9.9","""""","9.9"
"4","-14","9.9","""""","9.9"
"5","-14","9.9","""""","9.9"
"6","-14","9.9","""""","9.9"
"7","-14","9.9","""""","9.9"
"8","-14","9.9","""""","9.9"
"9","-14","9.9","""""","9.9"
"10","-14","9.9","""""","9.9"
"11","-14","9.9","""""","9.9"
"12","-14","9.9","""""","9.9"
"13","-14","9.9","""""","9.9"
"14","-14","9.9","""""","9.9"
"15","-14","9.9","""""","9.9"
"16","-14","9.9","""""","9.9"
"-16","-15","9.9","""""","9.9"
"-15","-15","9.9","""""","9.9"
"-14","-15","9.9","""""","9.9"
"-13","-15","9.9","""""","9.9"
"-12","-15","9.9","""""","9.9"
"-11","-15","9.9","""""","9.9"
"-10","-15","9.9","""""","9.9"
"-9","-15","9.9","""""","9.9"
"-8","-15","9.9","""""","9.9"
"-7","-15","9.9","""""","9.9"
"-6","-15","9.9","""""","9.9"
"-5","-15","9.9","""""","9.9"
"-4","-15","9.9","""""","9.9"
"-3","-15","9.9","""""","9.9"
"-2","-15","9.9","""""","9.9"
"-1","-15","9.9","""""","9.9"
"0","-15","9.9","""""","9.9"
"1","-15","9.9","""""","9.9"
"2","-15","9.9","""""","9.9"
"3","-15","9.9","""""","9.9"
"4","-15","9.9","""""","9.9"
"5","-15","9.9","""""","9.9"
"6","-15","9.9","""""","9.9"
"7","-15","9.9","""""","9.9"
"8","-15","9.9","""""","9.9"
"9","-15","9.9","""""","9.9"
"10","-15","9.9","""""","9.9"
"11","-15","9.9","""""","9.9"
"12","-15","9.9","""""","9.9"
"13","-15","9.9","""""","9.9"
"14","-15","9.9","""""","9.9"
"15","-15","9.9","""""","9.9"
"16","-15","9.9","""""","9.9"
"-16","-16","9.9","""""","9.9"
"-15","-16","9.9","""""","9.9"
"-14","-16","9.9","""""","9.9"
"-13","-16","9.9","""""","9.9"
"-12","-16","9.9","""""","9.9"
"-11","-16","9.9","""""","9.9"
"-10","-16","9.9","""""","9.9"
"-9","-16","9.9","""""","9.9"
"-8","-16","9.9","""""","9.9"
"-7","-16","9.9","""""","9.9"
"-6","-16","9.9","""""","9.9"
"-5","-16","9.9","""""","9.9"
"-4","-16","9.9","""""","9.9"
"-3","-16","9.9","""""","9.9"
"-2","-16","9.9","""""","9.9"
"-1","-16","9.9","""""","9.9"
"0","-16","9.9","""""","9.9"
"1","-16","9.9","""""","9.9"
"2","-16","9.9","""""","9.9"
"3","-16","9.9","""""","9.9"
"4","-16","9.9","""""","9.9"
"5","-16","9.9","""""","9.9"
"6","-16","9.9","""""","9.9"
"7","-16","9.9","""""","9.9"
"8","-16","9.9","""""","9.9"
"9","-16","9.9","""""","9.9"
"10","-16","9.9","""""","9.9"
"11","-16","9.9","""""","9.9"
"12","-16","9.9","""""","9.9"
"13","-16","9.9","""""","9.9"
"14","-16","9.9","""""","9.9"
"15","-16","9.9","""""","9.9"
"16","-16","9.9","""""","9.9"

"LINKS"
"end1","end2","color","label","label-color","hidden?","breed","thickness","shape","tie-mode","weight"
"{citizen 0}","{citizen 1}","[85 0 170 100]","""""","9.9","false","{breed social-friends}","0","""default""","""none""","0"
"{citizen 0}","{citizen 2}","[85 0 170 100]","""""","9.9","false","{breed social-friends}","0","""default""","""none""","0"
"{citizen 0}","{citizen 3}","[85 0 170 100]","""""","9.9","false","{breed social-friends}","0","""default""","""none""","0"
"{citizen 0}","{citizen 4}","[85 0 170 100]","""""","9.9","false","{breed social-friends}","0","""default""","""none""","0"
"{citizen 0}","{citizen 5}","[85 0 170 100]","""""","9.9","false","{breed social-friends}","0","""default""","""none""","0"
"{citizen 0}","{citizen 6}","[85 0 170 100]","""""","9.9","false","{breed social-friends}","0","""default""","""none""","0"
"{citizen 0}","{citizen 7}","[85 0 170 100]","""""","9.9","false","{breed social-friends}","0","""default""","""none""","0"
"{citizen 0}","{citizen 8}","[85 0 170 100]","""""","9.9","false","{breed social-friends}","0","""default""","""none""","0"
"{citizen 0}","{citizen 9}","[85 0 170 100]","""""","9.9","false","{breed social-friends}","0","""default""","""none""","0"
"{citizen 0}","{citizen 10}","[85 0 170 100]","""""","9.9","false","{breed social-friends}","0","""default""","""none""","0"
"{citizen 0}","{citizen 11}","[85 0 170 100]","""""","9.9","false","{breed social-friends}","0","""default""","""none""","0"
"{citizen 0}","{citizen 12}","[85 0 170 100]","""""","9.9","false","{breed social-friends}","0","""default""","""none""","0"
"{citizen 0}","{citizen 13}","[85 0 170 100]","""""","9.9","false","{breed social-friends}","0","""default""","""none""","0"
"{citizen 0}","{citizen 14}","[85 0 170 100]","""""","9.9","false","{breed social-friends}","0","""default""","""none""","0"
"{citizen 0}","{citizen 15}","[85 0 170 100]","""""","9.9","false","{breed social-friends}","0","""default""","""none""","0"
"{citizen 0}","{citizen 16}","[85 0 170 100]","""""","9.9","false","{breed social-friends}","0","""default""","""none""","0"
"{citizen 0}","{citizen 17}","[85 0 170 100]","""""","9.9","false","{breed social-friends}","0","""default""","""none""","0"
"{citizen 0}","{citizen 18}","[85 0 170 100]","""""","9.9","false","{breed social-friends}","0","""default""","""none""","0"
"{citizen 0}","{citizen 19}","[85 0 170 100]","""""","9.9","false","{breed social-friends}","0","""default""","""none""","0"
"{citizen 0}","{citizen 20}","[85 0 170 100]","""""","9.9","false","{breed social-friends}","0","""default""","""none""","0"
"{citizen 0}","{citizen 21}","[85 0 170 100]","""""","9.9","false","{breed social-friends}","0","""default""","""none""","0"
"{citizen 0}","{citizen 22}","[85 0 170 100]","""""","9.9","false","{breed social-friends}","0","""default""","""none""","0"
"{citizen 0}","{citizen 23}","[85 0 170 100]","""""","9.9","false","{breed social-friends}","0","""default""","""none""","0"
"{citizen 0}","{citizen 24}","[85 0 170 100]","""""","9.9","false","{breed social-friends}","0","""default""","""none""","0"
"{citizen 0}","{citizen 25}","[85 0 170 100]","""""","9.9","false","{breed social-friends}","0","""default""","""none""","0"
"{citizen 0}","{citizen 26}","[85 0 170 100]","""""","9.9","false","{breed social-friends}","0","""default""","""none""","0"
"{citizen 0}","{citizen 27}","[85 0 170 100]","""""","9.9","false","{breed social-friends}","0","""default""","""none""","0"
"{citizen 0}","{citizen 28}","[85 0 170 100]","""""","9.9","false","{breed social-friends}","0","""default""","""none""","0"
"{citizen 0}","{citizen 29}","[85 0 170 100]","""""","9.9","false","{breed social-friends}","0","""default""","""none""","0"
"{citizen 0}","{citizen 30}","[85 0 170 100]","""""","9.9","false","{breed social-friends}","0","""default""","""none""","0"
"{citizen 0}","{citizen 31}","[85 0 170 100]","""""","9.9","false","{breed social-friends}","0","""default""","""none""","0"
"{citizen 0}","{citizen 32}","[85 0 170 100]","""""","9.9","false","{breed social-friends}","0","""default""","""none""","0"
"{citizen 0}","{citizen 33}","[85 0 170 100]","""""","9.9","false","{breed social-friends}","0","""default""","""none""","0"
"{citizen 0}","{citizen 34}","[85 0 170 100]","""""","9.9","false","{breed social-friends}","0","""default""","""none""","0"
"{citizen 0}","{citizen 35}","[85 0 170 100]","""""","9.9","false","{breed social-friends}","0","""default""","""none""","0"
"{citizen 0}","{citizen 36}","[85 0 170 100]","""""","9.9","false","{breed social-friends}","0","""default""","""none""","0"
"{citizen 0}","{citizen 37}","[85 0 170 100]","""""","9.9","false","{breed social-friends}","0","""default""","""none""","0"
"{citizen 0}","{citizen 38}","[85 0 170 100]","""""","9.9","false","{breed social-friends}","0","""default""","""none""","0"
"{citizen 0}","{citizen 39}","[85 0 170 100]","""""","9.9","false","{breed social-friends}","0","""default""","""none""","0"
"{citizen 0}","{citizen 40}","[85 0 170 100]","""""","9.9","false","{breed social-friends}","0","""default""","""none""","0"
"{citizen 0}","{citizen 41}","[85 0 170 100]","""""","9.9","false","{breed social-friends}","0","""default""","""none""","0"
"{citizen 0}","{citizen 42}","[85 0 170 100]","""""","9.9","false","{breed social-friends}","0","""default""","""none""","0"
"{citizen 0}","{citizen 43}","[85 0 170 100]","""""","9.9","false","{breed social-friends}","0","""default""","""none""","0"
"{citizen 0}","{citizen 44}","[85 0 170 100]","""""","9.9","false","{breed social-friends}","0","""default""","""none""","0"
"{citizen 0}","{citizen 45}","[85 0 170 100]","""""","9.9","false","{breed social-friends}","0","""default""","""none""","0"
"{citizen 0}","{citizen 46}","[85 0 170 100]","""""","9.9","false","{breed social-friends}","0","""default""","""none""","0"
"{citizen 0}","{citizen 47}","[85 0 170 100]","""""","9.9","false","{breed social-friends}","0","""default""","""none""","0"
"{citizen 0}","{citizen 48}","[85 0 170 100]","""""","9.9","false","{breed social-friends}","0","""default""","""none""","0"
"{citizen 0}","{citizen 49}","[85 0 170 100]","""""","9.9","false","{breed social-friends}","0","""default""","""none""","0"
"{citizen 1}","{citizen 0}","[85 0 170 100]","""""","9.9","false","{breed social-friends}","0","""default""","""none""","0"
"{citizen 1}","{citizen 2}","[85 0 170 100]","""""","9.9","false","{breed social-friends}","0","""default""","""none""","0"
"{citizen 1}","{citizen 3}","[85 0 170 100]","""""","9.9","false","{breed social-friends}","0","""default""","""none""","0"
"{citizen 1}","{citizen 4}","[85 0 170 100]","""""","9.9","false","{breed social-friends}","0","""default""","""none""","0"
"{citizen 1}","{citizen 5}","[85 0 170 100]","""""","9.9","false","{breed social-friends}","0","""default""","""none""","0"
"{citizen 1}","{citizen 6}","[85 0 170 100]","""""","9.9","false","{breed social-friends}","0","""default""","""none""","0"
"{citizen 1}","{citizen 7}","[85 0 170 100]","""""","9.9","false","{breed social-friends}","0","""default""","""none""","0"
"{citizen 1}","{citizen 8}","[85 0 170 100]","""""","9.9","false","{breed social-friends}","0","""default""","""none""","0"
"{citizen 1}","{citizen 9}","[85 0 170 100]","""""","9.9","false","{breed social-friends}","0","""default""","""none""","0"
"{citizen 1}","{citizen 10}","[85 0 170 100]","""""","9.9","false","{breed social-friends}","0","""default""","""none""","0"
"{citizen 1}","{citizen 11}","[85 0 170 100]","""""","9.9","false","{breed social-friends}","0","""default""","""none""","0"
"{citizen 1}","{citizen 12}","[85 0 170 100]","""""","9.9","false","{breed social-friends}","0","""default""","""none""","0"
"{citizen 1}","{citizen 13}","[85 0 170 100]","""""","9.9","false","{breed social-friends}","0","""default""","""none""","0"
"{citizen 1}","{citizen 14}","[85 0 170 100]","""""","9.9","false","{breed social-friends}","0","""default""","""none""","0"
"{citizen 1}","{citizen 15}","[85 0 170 100]","""""","9.9","false","{breed social-friends}","0","""default""","""none""","0"
"{citizen 1}","{citizen 16}","[85 0 170 100]","""""","9.9","false","{breed social-friends}","0","""default""","""none""","0"
"{citizen 1}","{citizen 17}","[85 0 170 100]","""""","9.9","false","{breed social-friends}","0","""default""","""none""","0"
"{citizen 1}","{citizen 18}","[85 0 170 100]","""""","9.9","false","{breed social-friends}","0","""default""","""none""","0"
"{citizen 1}","{citizen 19}","[85 0 170 100]","""""","9.9","false","{breed social-friends}","0","""default""","""none""","0"
"{citizen 1}","{citizen 20}","[85 0 170 100]","""""","9.9","false","{breed social-friends}","0","""default""","""none""","0"
"{citizen 1}","{citizen 21}","[85 0 170 100]","""""","9.9","false","{breed social-friends}","0","""default""","""none""","0"
"{citizen 1}","{citizen 22}","[85 0 170 100]","""""","9.9","false","{breed social-friends}","0","""default""","""none""","0"
"{citizen 1}","{citizen 23}","[85 0 170 100]","""""","9.9","false","{breed social-friends}","0","""default""","""none""","0"
"{citizen 1}","{citizen 24}","[85 0 170 100]","""""","9.9","false","{breed social-friends}","0","""default""","""none""","0"
"{citizen 1}","{citizen 25}","[85 0 170 100]","""""","9.9","false","{breed social-friends}","0","""default""","""none""","0"
"{citizen 1}","{citizen 26}","[85 0 170 100]","""""","9.9","false","{breed social-friends}","0","""default""","""none""","0"
"{citizen 1}","{citizen 27}","[85 0 170 100]","""""","9.9","false","{breed social-friends}","0","""default""","""none""","0"
"{citizen 1}","{citizen 28}","[85 0 170 100]","""""","9.9","false","{breed social-friends}","0","""default""","""none""","0"
"{citizen 1}","{citizen 29}","[85 0 170 100]","""""","9.9","false","{breed social-friends}","0","""default""","""none""","0"
"{citizen 1}","{citizen 30}","[85 0 170 100]","""""","9.9","false","{breed social-friends}","0","""default""","""none""","0"
"{citizen 1}","{citizen 31}","[85 0 170 100]","""""","9.9","false","{breed social-friends}","0","""default""","""none""","0"
"{citizen 1}","{citizen 32}","[85 0 170 100]","""""","9.9","false","{breed social-friends}","0","""default""","""none""","0"
"{citizen 1}","{citizen 33}","[85 0 170 100]","""""","9.9","false","{breed social-friends}","0","""default""","""none""","0"
"{citizen 1}","{citizen 34}","[85 0 170 100]","""""","9.9","false","{breed social-friends}","0","""default""","""none""","0"
"{citizen 1}","{citizen 35}","[85 0 170 100]","""""","9.9","false","{breed social-friends}","0","""default""","""none""","0"
"{citizen 1}","{citizen 36}","[85 0 170 100]","""""","9.9","false","{breed social-friends}","0","""default""","""none""","0"
"{citizen 1}","{citizen 37}","[85 0 170 100]","""""","9.9","false","{breed social-friends}","0","""default""","""none""","0"
"{citizen 1}","{citizen 38}","[85 0 170 100]","""""","9.9","false","{breed social-friends}","0","""default""","""none""","0"
"{citizen 1}","{citizen 39}","[85 0 170 100]","""""","9.9","false","{breed social-friends}","0","""default""","""none""","0"
"{citizen 1}","{citizen 40}","[85 0 170 100]","""""","9.9","false","{breed social-friends}","0","""default""","""none""","0"
"{citizen 1}","{citizen 41}","[85 0 170 100]","""""","9.9","false","{breed social-friends}","0","""default""","""none""","0"
"{citizen 1}","{citizen 42}","[85 0 170 100]","""""","9.9","false","{breed social-friends}","0","""default""","""none""","0"
"{citizen 1}","{citizen 43}","[85 0 170 100]","""""","9.9","false","{breed social-friends}","0","""default""","""none""","0"
"{citizen 1}","{citizen 44}","[85 0 170 100]","""""","9.9","false","{breed social-friends}","0","""default""","""none""","0"
"{citizen 1}","{citizen 45}","[85 0 170 100]","""""","9.9","false","{breed social-friends}","0","""default""","""none""","0"
"{citizen 1}","{citizen 46}","[85 0 170 100]","""""","9.9","false","{breed social-friends}","0","""default""","""none""","0"
"{citizen 1}","{citizen 47}","[85 0 170 100]","""""","9.9","false","{breed social-friends}","0","""default""","""none""","0"
"{citizen 1}","{citizen 48}","[85 0 170 100]","""""","9.9","false","{breed social-friends}","0","""default""","""none""","0"
"{citizen 1}","{citizen 49}","[85 0 170 100]","""""","9.9","false","{breed social-friends}","0","""default""","""none""","0"
"{citizen 2}","{citizen 0}","[85 0 170 100]","""""","9.9","false","{breed social-friends}","0","""default""","""none""","0"
"{citizen 2}","{citizen 1}","[85 0 170 100]","""""","9.9","false","{breed social-friends}","0","""default""","""none""","0"
"{citizen 2}","{citizen 3}","[85 0 170 100]","""""","9.9","false","{breed social-friends}","0","""default""","""none""","0"
"{citizen 2}","{citizen 4}","[85 0 170 100]","""""","9.9","false","{breed social-friends}","0","""default""","""none""","0"
"{citizen 2}","{citizen 5}","[85 0 170 100]","""""","9.9","false","{breed social-friends}","0","""default""","""none""","0"
"{citizen 2}","{citizen 6}","[85 0 170 100]","""""","9.9","false","{breed social-friends}","0","""default""","""none""","0"
"{citizen 2}","{citizen 7}","[85 0 170 100]","""""","9.9","false","{breed social-friends}","0","""default""","""none""","0"
"{citizen 2}","{citizen 8}","[85 0 170 100]","""""","9.9","false","{breed social-friends}","0","""default""","""none""","0"
"{citizen 2}","{citizen 9}","[85 0 170 100]","""""","9.9","false","{breed social-friends}","0","""default""","""none""","0"
"{citizen 2}","{citizen 10}","[85 0 170 100]","""""","9.9","false","{breed social-friends}","0","""default""","""none""","0"
"{citizen 2}","{citizen 11}","[85 0 170 100]","""""","9.9","false","{breed social-friends}","0","""default""","""none""","0"
"{citizen 2}","{citizen 12}","[85 0 170 100]","""""","9.9","false","{breed social-friends}","0","""default""","""none""","0"
"{citizen 2}","{citizen 13}","[85 0 170 100]","""""","9.9","false","{breed social-friends}","0","""default""","""none""","0"
"{citizen 2}","{citizen 14}","[85 0 170 100]","""""","9.9","false","{breed social-friends}","0","""default""","""none""","0"
"{citizen 2}","{citizen 15}","[85 0 170 100]","""""","9.9","false","{breed social-friends}","0","""default""","""none""","0"
"{citizen 2}","{citizen 16}","[85 0 170 100]","""""","9.9","false","{breed social-friends}","0","""default""","""none""","0"
"{citizen 2}","{citizen 17}","[85 0 170 100]","""""","9.9","false","{breed social-friends}","0","""default""","""none""","0"
"{citizen 2}","{citizen 18}","[85 0 170 100]","""""","9.9","false","{breed social-friends}","0","""default""","""none""","0"
"{citizen 2}","{citizen 19}","[85 0 170 100]","""""","9.9","false","{breed social-friends}","0","""default""","""none""","0"
"{citizen 2}","{citizen 20}","[85 0 170 100]","""""","9.9","false","{breed social-friends}","0","""default""","""none""","0"
"{citizen 2}","{citizen 21}","[85 0 170 100]","""""","9.9","false","{breed social-friends}","0","""default""","""none""","0"
"{citizen 2}","{citizen 22}","[85 0 170 100]","""""","9.9","false","{breed social-friends}","0","""default""","""none""","0"
"{citizen 2}","{citizen 23}","[85 0 170 100]","""""","9.9","false","{breed social-friends}","0","""default""","""none""","0"
"{citizen 2}","{citizen 24}","[85 0 170 100]","""""","9.9","false","{breed social-friends}","0","""default""","""none""","0"
"{citizen 2}","{citizen 25}","[85 0 170 100]","""""","9.9","false","{breed social-friends}","0","""default""","""none""","0"
"{citizen 2}","{citizen 26}","[85 0 170 100]","""""","9.9","false","{breed social-friends}","0","""default""","""none""","0"
"{citizen 2}","{citizen 27}","[85 0 170 100]","""""","9.9","false","{breed social-friends}","0","""default""","""none""","0"
"{citizen 2}","{citizen 28}","[85 0 170 100]","""""","9.9","false","{breed social-friends}","0","""default""","""none""","0"
"{citizen 2}","{citizen 29}","[85 0 170 100]","""""","9.9","false","{breed social-friends}","0","""default""","""none""","0"
"{citizen 2}","{citizen 30}","[85 0 170 100]","""""","9.9","false","{breed social-friends}","0","""default""","""none""","0"
"{citizen 2}","{citizen 31}","[85 0 170 100]","""""","9.9","false","{breed social-friends}","0","""default""","""none""","0"
"{citizen 2}","{citizen 32}","[85 0 170 100]","""""","9.9","false","{breed social-friends}","0","""default""","""none""","0"
"{citizen 2}","{citizen 33}","[85 0 170 100]","""""","9.9","false","{breed social-friends}","0","""default""","""none""","0"
"{citizen 2}","{citizen 34}","[85 0 170 100]","""""","9.9","false","{breed social-friends}","0","""default""","""none""","0"
"{citizen 2}","{citizen 35}","[85 0 170 100]","""""","9.9","false","{breed social-friends}","0","""default""","""none""","0"
"{citizen 2}","{citizen 36}","[85 0 170 100]","""""","9.9","false","{breed social-friends}","0","""default""","""none""","0"
"{citizen 2}","{citizen 37}","[85 0 170 100]","""""","9.9","false","{breed social-friends}","0","""default""","""none""","0"
"{citizen 2}","{citizen 38}","[85 0 170 100]","""""","9.9","false","{breed social-friends}","0","""default""","""none""","0"
"{citizen 2}","{citizen 39}","[85 0 170 100]","""""","9.9","false","{breed social-friends}","0","""default""","""none""","0"
"{citizen 2}","{citizen 40}","[85 0 170 100]","""""","9.9","false","{breed social-friends}","0","""default""","""none""","0"
"{citizen 2}","{citizen 41}","[85 0 170 100]","""""","9.9","false","{breed social-friends}","0","""default""","""none""","0"
"{citizen 2}","{citizen 42}","[85 0 170 100]","""""","9.9","false","{breed social-friends}","0","""default""","""none""","0"
"{citizen 2}","{citizen 43}","[85 0 170 100]","""""","9.9","false","{breed social-friends}","0","""default""","""none""","0"
"{citizen 2}","{citizen 44}","[85 0 170 100]","""""","9.9","false","{breed social-friends}","0","""default""","""none""","0"
"{citizen 2}","{citizen 45}","[85 0 170 100]","""""","9.9","false","{breed social-friends}","0","""default""","""none""","0"
"{citizen 2}","{citizen 46}","[85 0 170 100]","""""","9.9","false","{breed social-friends}","0","""default""","""none""","0"
"{citizen 2}","{citizen 47}","[85 0 170 100]","""""","9.9","false","{breed social-friends}","0","""default""","""none""","0"
"{citizen 2}","{citizen 48}","[85 0 170 100]","""""","9.9","false","{breed social-friends}","0","""default""","""none""","0"
"{citizen 2}","{citizen 49}","[85 0 170 100]","""""","9.9","false","{breed social-friends}","0","""default""","""none""","0"
"{citizen 3}","{citizen 0}","[85 0 170 100]","""""","9.9","false","{breed social-friends}","0","""default""","""none""","0"
"{citizen 3}","{citizen 1}","[85 0 170 100]","""""","9.9","false","{breed social-friends}","0","""default""","""none""","0"
"{citizen 3}","{citizen 2}","[85 0 170 100]","""""","9.9","false","{breed social-friends}","0","""default""","""none""","0"
"{citizen 3}","{citizen 4}","[85 0 170 100]","""""","9.9","false","{breed social-friends}","0","""default""","""none""","0"
"{citizen 3}","{citizen 5}","[85 0 170 100]","""""","9.9","false","{breed social-friends}","0","""default""","""none""","0"
"{citizen 3}","{citizen 6}","[85 0 170 100]","""""","9.9","false","{breed social-friends}","0","""default""","""none""","0"
"{citizen 3}","{citizen 7}","[85 0 170 100]","""""","9.9","false","{breed social-friends}","0","""default""","""none""","0"
"{citizen 3}","{citizen 8}","[85 0 170 100]","""""","9.9","false","{breed social-friends}","0","""default""","""none""","0"
"{citizen 3}","{citizen 9}","[85 0 170 100]","""""","9.9","false","{breed social-friends}","0","""default""","""none""","0"
"{citizen 3}","{citizen 10}","[85 0 170 100]","""""","9.9","false","{breed social-friends}","0","""default""","""none""","0"
"{citizen 3}","{citizen 11}","[85 0 170 100]","""""","9.9","false","{breed social-friends}","0","""default""","""none""","0"
"{citizen 3}","{citizen 12}","[85 0 170 100]","""""","9.9","false","{breed social-friends}","0","""default""","""none""","0"
"{citizen 3}","{citizen 13}","[85 0 170 100]","""""","9.9","false","{breed social-friends}","0","""default""","""none""","0"
"{citizen 3}","{citizen 14}","[85 0 170 100]","""""","9.9","false","{breed social-friends}","0","""default""","""none""","0"
"{citizen 3}","{citizen 15}","[85 0 170 100]","""""","9.9","false","{breed social-friends}","0","""default""","""none""","0"
"{citizen 3}","{citizen 16}","[85 0 170 100]","""""","9.9","false","{breed social-friends}","0","""default""","""none""","0"
"{citizen 3}","{citizen 17}","[85 0 170 100]","""""","9.9","false","{breed social-friends}","0","""default""","""none""","0"
"{citizen 3}","{citizen 18}","[85 0 170 100]","""""","9.9","false","{breed social-friends}","0","""default""","""none""","0"
"{citizen 3}","{citizen 19}","[85 0 170 100]","""""","9.9","false","{breed social-friends}","0","""default""","""none""","0"
"{citizen 3}","{citizen 20}","[85 0 170 100]","""""","9.9","false","{breed social-friends}","0","""default""","""none""","0"
"{citizen 3}","{citizen 21}","[85 0 170 100]","""""","9.9","false","{breed social-friends}","0","""default""","""none""","0"
"{citizen 3}","{citizen 22}","[85 0 170 100]","""""","9.9","false","{breed social-friends}","0","""default""","""none""","0"
"{citizen 3}","{citizen 23}","[85 0 170 100]","""""","9.9","false","{breed social-friends}","0","""default""","""none""","0"
"{citizen 3}","{citizen 24}","[85 0 170 100]","""""","9.9","false","{breed social-friends}","0","""default""","""none""","0"
"{citizen 3}","{citizen 25}","[85 0 170 100]","""""","9.9","false","{breed social-friends}","0","""default""","""none""","0"
"{citizen 3}","{citizen 26}","[85 0 170 100]","""""","9.9","false","{breed social-friends}","0","""default""","""none""","0"
"{citizen 3}","{citizen 27}","[85 0 170 100]","""""","9.9","false","{breed social-friends}","0","""default""","""none""","0"
"{citizen 3}","{citizen 28}","[85 0 170 100]","""""","9.9","false","{breed social-friends}","0","""default""","""none""","0"
"{citizen 3}","{citizen 29}","[85 0 170 100]","""""","9.9","false","{breed social-friends}","0","""default""","""none""","0"
"{citizen 3}","{citizen 30}","[85 0 170 100]","""""","9.9","false","{breed social-friends}","0","""default""","""none""","0"
"{citizen 3}","{citizen 31}","[85 0 170 100]","""""","9.9","false","{breed social-friends}","0","""default""","""none""","0"
"{citizen 3}","{citizen 32}","[85 0 170 100]","""""","9.9","false","{breed social-friends}","0","""default""","""none""","0"
"{citizen 3}","{citizen 33}","[85 0 170 100]","""""","9.9","false","{breed social-friends}","0","""default""","""none""","0"
"{citizen 3}","{citizen 34}","[85 0 170 100]","""""","9.9","false","{breed social-friends}","0","""default""","""none""","0"
"{citizen 3}","{citizen 35}","[85 0 170 100]","""""","9.9","false","{breed social-friends}","0","""default""","""none""","0"
"{citizen 3}","{citizen 36}","[85 0 170 100]","""""","9.9","false","{breed social-friends}","0","""default""","""none""","0"
"{citizen 3}","{citizen 37}","[85 0 170 100]","""""","9.9","false","{breed social-friends}","0","""default""","""none""","0"
"{citizen 3}","{citizen 38}","[85 0 170 100]","""""","9.9","false","{breed social-friends}","0","""default""","""none""","0"
"{citizen 3}","{citizen 39}","[85 0 170 100]","""""","9.9","false","{breed social-friends}","0","""default""","""none""","0"
"{citizen 3}","{citizen 40}","[85 0 170 100]","""""","9.9","false","{breed social-friends}","0","""default""","""none""","0"
"{citizen 3}","{citizen 41}","[85 0 170 100]","""""","9.9","false","{breed social-friends}","0","""default""","""none""","0"
"{citizen 3}","{citizen 42}","[85 0 170 100]","""""","9.9","false","{breed social-friends}","0","""default""","""none""","0"
"{citizen 3}","{citizen 43}","[85 0 170 100]","""""","9.9","false","{breed social-friends}","0","""default""","""none""","0"
"{citizen 3}","{citizen 44}","[85 0 170 100]","""""","9.9","false","{breed social-friends}","0","""default""","""none""","0"
"{citizen 3}","{citizen 45}","[85 0 170 100]","""""","9.9","false","{breed social-friends}","0","""default""","""none""","0"
"{citizen 3}","{citizen 46}","[85 0 170 100]","""""","9.9","false","{breed social-friends}","0","""default""","""none""","0"
"{citizen 3}","{citizen 47}","[85 0 170 100]","""""","9.9","false","{breed social-friends}","0","""default""","""none""","0"
"{citizen 3}","{citizen 48}","[85 0 170 100]","""""","9.9","false","{breed social-friends}","0","""default""","""none""","0"
"{citizen 3}","{citizen 49}","[85 0 170 100]","""""","9.9","false","{breed social-friends}","0","""default""","""none""","0"
"{citizen 4}","{citizen 0}","[85 0 170 100]","""""","9.9","false","{breed social-friends}","0","""default""","""none""","0"
"{citizen 4}","{citizen 1}","[85 0 170 100]","""""","9.9","false","{breed social-friends}","0","""default""","""none""","0"
"{citizen 4}","{citizen 2}","[85 0 170 100]","""""","9.9","false","{breed social-friends}","0","""default""","""none""","0"
"{citizen 4}","{citizen 3}","[85 0 170 100]","""""","9.9","false","{breed social-friends}","0","""default""","""none""","0"
"{citizen 4}","{citizen 5}","[85 0 170 100]","""""","9.9","false","{breed social-friends}","0","""default""","""none""","0"
"{citizen 4}","{citizen 6}","[85 0 170 100]","""""","9.9","false","{breed social-friends}","0","""default""","""none""","0"
"{citizen 4}","{citizen 7}","[85 0 170 100]","""""","9.9","false","{breed social-friends}","0","""default""","""none""","0"
"{citizen 4}","{citizen 8}","[85 0 170 100]","""""","9.9","false","{breed social-friends}","0","""default""","""none""","0"
"{citizen 4}","{citizen 9}","[85 0 170 100]","""""","9.9","false","{breed social-friends}","0","""default""","""none""","0"
"{citizen 4}","{citizen 10}","[85 0 170 100]","""""","9.9","false","{breed social-friends}","0","""default""","""none""","0"
"{citizen 4}","{citizen 11}","[85 0 170 100]","""""","9.9","false","{breed social-friends}","0","""default""","""none""","0"
"{citizen 4}","{citizen 12}","[85 0 170 100]","""""","9.9","false","{breed social-friends}","0","""default""","""none""","0"
"{citizen 4}","{citizen 13}","[85 0 170 100]","""""","9.9","false","{breed social-friends}","0","""default""","""none""","0"
"{citizen 4}","{citizen 14}","[85 0 170 100]","""""","9.9","false","{breed social-friends}","0","""default""","""none""","0"
"{citizen 4}","{citizen 15}","[85 0 170 100]","""""","9.9","false","{breed social-friends}","0","""default""","""none""","0"
"{citizen 4}","{citizen 16}","[85 0 170 100]","""""","9.9","false","{breed social-friends}","0","""default""","""none""","0"
"{citizen 4}","{citizen 17}","[85 0 170 100]","""""","9.9","false","{breed social-friends}","0","""default""","""none""","0"
"{citizen 4}","{citizen 18}","[85 0 170 100]","""""","9.9","false","{breed social-friends}","0","""default""","""none""","0"
"{citizen 4}","{citizen 19}","[85 0 170 100]","""""","9.9","false","{breed social-friends}","0","""default""","""none""","0"
"{citizen 4}","{citizen 20}","[85 0 170 100]","""""","9.9","false","{breed social-friends}","0","""default""","""none""","0"
"{citizen 4}","{citizen 21}","[85 0 170 100]","""""","9.9","false","{breed social-friends}","0","""default""","""none""","0"
"{citizen 4}","{citizen 22}","[85 0 170 100]","""""","9.9","false","{breed social-friends}","0","""default""","""none""","0"
"{citizen 4}","{citizen 23}","[85 0 170 100]","""""","9.9","false","{breed social-friends}","0","""default""","""none""","0"
"{citizen 4}","{citizen 24}","[85 0 170 100]","""""","9.9","false","{breed social-friends}","0","""default""","""none""","0"
"{citizen 4}","{citizen 25}","[85 0 170 100]","""""","9.9","false","{breed social-friends}","0","""default""","""none""","0"
"{citizen 4}","{citizen 26}","[85 0 170 100]","""""","9.9","false","{breed social-friends}","0","""default""","""none""","0"
"{citizen 4}","{citizen 27}","[85 0 170 100]","""""","9.9","false","{breed social-friends}","0","""default""","""none""","0"
"{citizen 4}","{citizen 28}","[85 0 170 100]","""""","9.9","false","{breed social-friends}","0","""default""","""none""","0"
"{citizen 4}","{citizen 29}","[85 0 170 100]","""""","9.9","false","{breed social-friends}","0","""default""","""none""","0"
"{citizen 4}","{citizen 30}","[85 0 170 100]","""""","9.9","false","{breed social-friends}","0","""default""","""none""","0"
"{citizen 4}","{citizen 31}","[85 0 170 100]","""""","9.9","false","{breed social-friends}","0","""default""","""none""","0"
"{citizen 4}","{citizen 32}","[85 0 170 100]","""""","9.9","false","{breed social-friends}","0","""default""","""none""","0"
"{citizen 4}","{citizen 33}","[85 0 170 100]","""""","9.9","false","{breed social-friends}","0","""default""","""none""","0"
"{citizen 4}","{citizen 34}","[85 0 170 100]","""""","9.9","false","{breed social-friends}","0","""default""","""none""","0"
"{citizen 4}","{citizen 35}","[85 0 170 100]","""""","9.9","false","{breed social-friends}","0","""default""","""none""","0"
"{citizen 4}","{citizen 36}","[85 0 170 100]","""""","9.9","false","{breed social-friends}","0","""default""","""none""","0"
"{citizen 4}","{citizen 37}","[85 0 170 100]","""""","9.9","false","{breed social-friends}","0","""default""","""none""","0"
"{citizen 4}","{citizen 38}","[85 0 170 100]","""""","9.9","false","{breed social-friends}","0","""default""","""none""","0"
"{citizen 4}","{citizen 39}","[85 0 170 100]","""""","9.9","false","{breed social-friends}","0","""default""","""none""","0"
"{citizen 4}","{citizen 40}","[85 0 170 100]","""""","9.9","false","{breed social-friends}","0","""default""","""none""","0"
"{citizen 4}","{citizen 41}","[85 0 170 100]","""""","9.9","false","{breed social-friends}","0","""default""","""none""","0"
"{citizen 4}","{citizen 42}","[85 0 170 100]","""""","9.9","false","{breed social-friends}","0","""default""","""none""","0"
"{citizen 4}","{citizen 43}","[85 0 170 100]","""""","9.9","false","{breed social-friends}","0","""default""","""none""","0"
"{citizen 4}","{citizen 44}","[85 0 170 100]","""""","9.9","false","{breed social-friends}","0","""default""","""none""","0"
"{citizen 4}","{citizen 45}","[85 0 170 100]","""""","9.9","false","{breed social-friends}","0","""default""","""none""","0"
"{citizen 4}","{citizen 46}","[85 0 170 100]","""""","9.9","false","{breed social-friends}","0","""default""","""none""","0"
"{citizen 4}","{citizen 47}","[85 0 170 100]","""""","9.9","false","{breed social-friends}","0","""default""","""none""","0"
"{citizen 4}","{citizen 48}","[85 0 170 100]","""""","9.9","false","{breed social-friends}","0","""default""","""none""","0"
"{citizen 4}","{citizen 49}","[85 0 170 100]","""""","9.9","false","{breed social-friends}","0","""default""","""none""","0"
"{citizen 5}","{citizen 0}","[85 0 170 100]","""""","9.9","false","{breed social-friends}","0","""default""","""none""","0"
"{citizen 5}","{citizen 1}","[85 0 170 100]","""""","9.9","false","{breed social-friends}","0","""default""","""none""","0"
"{citizen 5}","{citizen 2}","[85 0 170 100]","""""","9.9","false","{breed social-friends}","0","""default""","""none""","0"
"{citizen 5}","{citizen 3}","[85 0 170 100]","""""","9.9","false","{breed social-friends}","0","""default""","""none""","0"
"{citizen 5}","{citizen 4}","[85 0 170 100]","""""","9.9","false","{breed social-friends}","0","""default""","""none""","0"
"{citizen 5}","{citizen 6}","[85 0 170 100]","""""","9.9","false","{breed social-friends}","0","""default""","""none""","0"
"{citizen 5}","{citizen 7}","[85 0 170 100]","""""","9.9","false","{breed social-friends}","0","""default""","""none""","0"
"{citizen 5}","{citizen 8}","[85 0 170 100]","""""","9.9","false","{breed social-friends}","0","""default""","""none""","0"
"{citizen 5}","{citizen 9}","[85 0 170 100]","""""","9.9","false","{breed social-friends}","0","""default""","""none""","0"
"{citizen 5}","{citizen 10}","[85 0 170 100]","""""","9.9","false","{breed social-friends}","0","""default""","""none""","0"
"{citizen 5}","{citizen 11}","[85 0 170 100]","""""","9.9","false","{breed social-friends}","0","""default""","""none""","0"
"{citizen 5}","{citizen 12}","[85 0 170 100]","""""","9.9","false","{breed social-friends}","0","""default""","""none""","0"
"{citizen 5}","{citizen 13}","[85 0 170 100]","""""","9.9","false","{breed social-friends}","0","""default""","""none""","0"
"{citizen 5}","{citizen 14}","[85 0 170 100]","""""","9.9","false","{breed social-friends}","0","""default""","""none""","0"
"{citizen 5}","{citizen 15}","[85 0 170 100]","""""","9.9","false","{breed social-friends}","0","""default""","""none""","0"
"{citizen 5}","{citizen 16}","[85 0 170 100]","""""","9.9","false","{breed social-friends}","0","""default""","""none""","0"
"{citizen 5}","{citizen 17}","[85 0 170 100]","""""","9.9","false","{breed social-friends}","0","""default""","""none""","0"
"{citizen 5}","{citizen 18}","[85 0 170 100]","""""","9.9","false","{breed social-friends}","0","""default""","""none""","0"
"{citizen 5}","{citizen 19}","[85 0 170 100]","""""","9.9","false","{breed social-friends}","0","""default""","""none""","0"
"{citizen 5}","{citizen 20}","[85 0 170 100]","""""","9.9","false","{breed social-friends}","0","""default""","""none""","0"
"{citizen 5}","{citizen 21}","[85 0 170 100]","""""","9.9","false","{breed social-friends}","0","""default""","""none""","0"
"{citizen 5}","{citizen 22}","[85 0 170 100]","""""","9.9","false","{breed social-friends}","0","""default""","""none""","0"
"{citizen 5}","{citizen 23}","[85 0 170 100]","""""","9.9","false","{breed social-friends}","0","""default""","""none""","0"
"{citizen 5}","{citizen 24}","[85 0 170 100]","""""","9.9","false","{breed social-friends}","0","""default""","""none""","0"
"{citizen 5}","{citizen 25}","[85 0 170 100]","""""","9.9","false","{breed social-friends}","0","""default""","""none""","0"
"{citizen 5}","{citizen 26}","[85 0 170 100]","""""","9.9","false","{breed social-friends}","0","""default""","""none""","0"
"{citizen 5}","{citizen 27}","[85 0 170 100]","""""","9.9","false","{breed social-friends}","0","""default""","""none""","0"
"{citizen 5}","{citizen 28}","[85 0 170 100]","""""","9.9","false","{breed social-friends}","0","""default""","""none""","0"
"{citizen 5}","{citizen 29}","[85 0 170 100]","""""","9.9","false","{breed social-friends}","0","""default""","""none""","0"
"{citizen 5}","{citizen 30}","[85 0 170 100]","""""","9.9","false","{breed social-friends}","0","""default""","""none""","0"
"{citizen 5}","{citizen 31}","[85 0 170 100]","""""","9.9","false","{breed social-friends}","0","""default""","""none""","0"
"{citizen 5}","{citizen 32}","[85 0 170 100]","""""","9.9","false","{breed social-friends}","0","""default""","""none""","0"
"{citizen 5}","{citizen 33}","[85 0 170 100]","""""","9.9","false","{breed social-friends}","0","""default""","""none""","0"
"{citizen 5}","{citizen 34}","[85 0 170 100]","""""","9.9","false","{breed social-friends}","0","""default""","""none""","0"
"{citizen 5}","{citizen 35}","[85 0 170 100]","""""","9.9","false","{breed social-friends}","0","""default""","""none""","0"
"{citizen 5}","{citizen 36}","[85 0 170 100]","""""","9.9","false","{breed social-friends}","0","""default""","""none""","0"
"{citizen 5}","{citizen 37}","[85 0 170 100]","""""","9.9","false","{breed social-friends}","0","""default""","""none""","0"
"{citizen 5}","{citizen 38}","[85 0 170 100]","""""","9.9","false","{breed social-friends}","0","""default""","""none""","0"
"{citizen 5}","{citizen 39}","[85 0 170 100]","""""","9.9","false","{breed social-friends}","0","""default""","""none""","0"
"{citizen 5}","{citizen 40}","[85 0 170 100]","""""","9.9","false","{breed social-friends}","0","""default""","""none""","0"
"{citizen 5}","{citizen 41}","[85 0 170 100]","""""","9.9","false","{breed social-friends}","0","""default""","""none""","0"
"{citizen 5}","{citizen 42}","[85 0 170 100]","""""","9.9","false","{breed social-friends}","0","""default""","""none""","0"
"{citizen 5}","{citizen 43}","[85 0 170 100]","""""","9.9","false","{breed social-friends}","0","""default""","""none""","0"
"{citizen 5}","{citizen 44}","[85 0 170 100]","""""","9.9","false","{breed social-friends}","0","""default""","""none""","0"
"{citizen 5}","{citizen 45}","[85 0 170 100]","""""","9.9","false","{breed social-friends}","0","""default""","""none""","0"
"{citizen 5}","{citizen 46}","[85 0 170 100]","""""","9.9","false","{breed social-friends}","0","""default""","""none""","0"
"{citizen 5}","{citizen 47}","[85 0 170 100]","""""","9.9","false","{breed social-friends}","0","""default""","""none""","0"
"{citizen 5}","{citizen 48}","[85 0 170 100]","""""","9.9","false","{breed social-friends}","0","""default""","""none""","0"
"{citizen 5}","{citizen 49}","[85 0 170 100]","""""","9.9","false","{breed social-friends}","0","""default""","""none""","0"
"{citizen 6}","{citizen 0}","[85 0 170 100]","""""","9.9","false","{breed social-friends}","0","""default""","""none""","0"
"{citizen 6}","{citizen 1}","[85 0 170 100]","""""","9.9","false","{breed social-friends}","0","""default""","""none""","0"
"{citizen 6}","{citizen 2}","[85 0 170 100]","""""","9.9","false","{breed social-friends}","0","""default""","""none""","0"
"{citizen 6}","{citizen 3}","[85 0 170 100]","""""","9.9","false","{breed social-friends}","0","""default""","""none""","0"
"{citizen 6}","{citizen 4}","[85 0 170 100]","""""","9.9","false","{breed social-friends}","0","""default""","""none""","0"
"{citizen 6}","{citizen 5}","[85 0 170 100]","""""","9.9","false","{breed social-friends}","0","""default""","""none""","0"
"{citizen 6}","{citizen 7}","[85 0 170 100]","""""","9.9","false","{breed social-friends}","0","""default""","""none""","0"
"{citizen 6}","{citizen 8}","[85 0 170 100]","""""","9.9","false","{breed social-friends}","0","""default""","""none""","0"
"{citizen 6}","{citizen 9}","[85 0 170 100]","""""","9.9","false","{breed social-friends}","0","""default""","""none""","0"
"{citizen 6}","{citizen 10}","[85 0 170 100]","""""","9.9","false","{breed social-friends}","0","""default""","""none""","0"
"{citizen 6}","{citizen 11}","[85 0 170 100]","""""","9.9","false","{breed social-friends}","0","""default""","""none""","0"
"{citizen 6}","{citizen 12}","[85 0 170 100]","""""","9.9","false","{breed social-friends}","0","""default""","""none""","0"
"{citizen 6}","{citizen 13}","[85 0 170 100]","""""","9.9","false","{breed social-friends}","0","""default""","""none""","0"
"{citizen 6}","{citizen 14}","[85 0 170 100]","""""","9.9","false","{breed social-friends}","0","""default""","""none""","0"
"{citizen 6}","{citizen 15}","[85 0 170 100]","""""","9.9","false","{breed social-friends}","0","""default""","""none""","0"
"{citizen 6}","{citizen 16}","[85 0 170 100]","""""","9.9","false","{breed social-friends}","0","""default""","""none""","0"
"{citizen 6}","{citizen 17}","[85 0 170 100]","""""","9.9","false","{breed social-friends}","0","""default""","""none""","0"
"{citizen 6}","{citizen 18}","[85 0 170 100]","""""","9.9","false","{breed social-friends}","0","""default""","""none""","0"
"{citizen 6}","{citizen 19}","[85 0 170 100]","""""","9.9","false","{breed social-friends}","0","""default""","""none""","0"
"{citizen 6}","{citizen 20}","[85 0 170 100]","""""","9.9","false","{breed social-friends}","0","""default""","""none""","0"
"{citizen 6}","{citizen 21}","[85 0 170 100]","""""","9.9","false","{breed social-friends}","0","""default""","""none""","0"
"{citizen 6}","{citizen 22}","[85 0 170 100]","""""","9.9","false","{breed social-friends}","0","""default""","""none""","0"
"{citizen 6}","{citizen 23}","[85 0 170 100]","""""","9.9","false","{breed social-friends}","0","""default""","""none""","0"
"{citizen 6}","{citizen 24}","[85 0 170 100]","""""","9.9","false","{breed social-friends}","0","""default""","""none""","0"
"{citizen 6}","{citizen 25}","[85 0 170 100]","""""","9.9","false","{breed social-friends}","0","""default""","""none""","0"
"{citizen 6}","{citizen 26}","[85 0 170 100]","""""","9.9","false","{breed social-friends}","0","""default""","""none""","0"
"{citizen 6}","{citizen 27}","[85 0 170 100]","""""","9.9","false","{breed social-friends}","0","""default""","""none""","0"
"{citizen 6}","{citizen 28}","[85 0 170 100]","""""","9.9","false","{breed social-friends}","0","""default""","""none""","0"
"{citizen 6}","{citizen 29}","[85 0 170 100]","""""","9.9","false","{breed social-friends}","0","""default""","""none""","0"
"{citizen 6}","{citizen 30}","[85 0 170 100]","""""","9.9","false","{breed social-friends}","0","""default""","""none""","0"
"{citizen 6}","{citizen 31}","[85 0 170 100]","""""","9.9","false","{breed social-friends}","0","""default""","""none""","0"
"{citizen 6}","{citizen 32}","[85 0 170 100]","""""","9.9","false","{breed social-friends}","0","""default""","""none""","0"
"{citizen 6}","{citizen 33}","[85 0 170 100]","""""","9.9","false","{breed social-friends}","0","""default""","""none""","0"
"{citizen 6}","{citizen 34}","[85 0 170 100]","""""","9.9","false","{breed social-friends}","0","""default""","""none""","0"
"{citizen 6}","{citizen 35}","[85 0 170 100]","""""","9.9","false","{breed social-friends}","0","""default""","""none""","0"
"{citizen 6}","{citizen 36}","[85 0 170 100]","""""","9.9","false","{breed social-friends}","0","""default""","""none""","0"
"{citizen 6}","{citizen 37}","[85 0 170 100]","""""","9.9","false","{breed social-friends}","0","""default""","""none""","0"
"{citizen 6}","{citizen 38}","[85 0 170 100]","""""","9.9","false","{breed social-friends}","0","""default""","""none""","0"
"{citizen 6}","{citizen 39}","[85 0 170 100]","""""","9.9","false","{breed social-friends}","0","""default""","""none""","0"
"{citizen 6}","{citizen 40}","[85 0 170 100]","""""","9.9","false","{breed social-friends}","0","""default""","""none""","0"
"{citizen 6}","{citizen 41}","[85 0 170 100]","""""","9.9","false","{breed social-friends}","0","""default""","""none""","0"
"{citizen 6}","{citizen 42}","[85 0 170 100]","""""","9.9","false","{breed social-friends}","0","""default""","""none""","0"
"{citizen 6}","{citizen 43}","[85 0 170 100]","""""","9.9","false","{breed social-friends}","0","""default""","""none""","0"
"{citizen 6}","{citizen 44}","[85 0 170 100]","""""","9.9","false","{breed social-friends}","0","""default""","""none""","0"
"{citizen 6}","{citizen 45}","[85 0 170 100]","""""","9.9","false","{breed social-friends}","0","""default""","""none""","0"
"{citizen 6}","{citizen 46}","[85 0 170 100]","""""","9.9","false","{breed social-friends}","0","""default""","""none""","0"
"{citizen 6}","{citizen 47}","[85 0 170 100]","""""","9.9","false","{breed social-friends}","0","""default""","""none""","0"
"{citizen 6}","{citizen 48}","[85 0 170 100]","""""","9.9","false","{breed social-friends}","0","""default""","""none""","0"
"{citizen 6}","{citizen 49}","[85 0 170 100]","""""","9.9","false","{breed social-friends}","0","""default""","""none""","0"
"{citizen 7}","{citizen 0}","[85 0 170 100]","""""","9.9","false","{breed social-friends}","0","""default""","""none""","0"
"{citizen 7}","{citizen 1}","[85 0 170 100]","""""","9.9","false","{breed social-friends}","0","""default""","""none""","0"
"{citizen 7}","{citizen 2}","[85 0 170 100]","""""","9.9","false","{breed social-friends}","0","""default""","""none""","0"
"{citizen 7}","{citizen 3}","[85 0 170 100]","""""","9.9","false","{breed social-friends}","0","""default""","""none""","0"
"{citizen 7}","{citizen 4}","[85 0 170 100]","""""","9.9","false","{breed social-friends}","0","""default""","""none""","0"
"{citizen 7}","{citizen 5}","[85 0 170 100]","""""","9.9","false","{breed social-friends}","0","""default""","""none""","0"
"{citizen 7}","{citizen 6}","[85 0 170 100]","""""","9.9","false","{breed social-friends}","0","""default""","""none""","0"
"{citizen 7}","{citizen 8}","[85 0 170 100]","""""","9.9","false","{breed social-friends}","0","""default""","""none""","0"
"{citizen 7}","{citizen 9}","[85 0 170 100]","""""","9.9","false","{breed social-friends}","0","""default""","""none""","0"
"{citizen 7}","{citizen 10}","[85 0 170 100]","""""","9.9","false","{breed social-friends}","0","""default""","""none""","0"
"{citizen 7}","{citizen 11}","[85 0 170 100]","""""","9.9","false","{breed social-friends}","0","""default""","""none""","0"
"{citizen 7}","{citizen 12}","[85 0 170 100]","""""","9.9","false","{breed social-friends}","0","""default""","""none""","0"
"{citizen 7}","{citizen 13}","[85 0 170 100]","""""","9.9","false","{breed social-friends}","0","""default""","""none""","0"
"{citizen 7}","{citizen 14}","[85 0 170 100]","""""","9.9","false","{breed social-friends}","0","""default""","""none""","0"
"{citizen 7}","{citizen 15}","[85 0 170 100]","""""","9.9","false","{breed social-friends}","0","""default""","""none""","0"
"{citizen 7}","{citizen 16}","[85 0 170 100]","""""","9.9","false","{breed social-friends}","0","""default""","""none""","0"
"{citizen 7}","{citizen 17}","[85 0 170 100]","""""","9.9","false","{breed social-friends}","0","""default""","""none""","0"
"{citizen 7}","{citizen 18}","[85 0 170 100]","""""","9.9","false","{breed social-friends}","0","""default""","""none""","0"
"{citizen 7}","{citizen 19}","[85 0 170 100]","""""","9.9","false","{breed social-friends}","0","""default""","""none""","0"
"{citizen 7}","{citizen 20}","[85 0 170 100]","""""","9.9","false","{breed social-friends}","0","""default""","""none""","0"
"{citizen 7}","{citizen 21}","[85 0 170 100]","""""","9.9","false","{breed social-friends}","0","""default""","""none""","0"
"{citizen 7}","{citizen 22}","[85 0 170 100]","""""","9.9","false","{breed social-friends}","0","""default""","""none""","0"
"{citizen 7}","{citizen 23}","[85 0 170 100]","""""","9.9","false","{breed social-friends}","0","""default""","""none""","0"
"{citizen 7}","{citizen 24}","[85 0 170 100]","""""","9.9","false","{breed social-friends}","0","""default""","""none""","0"
"{citizen 7}","{citizen 25}","[85 0 170 100]","""""","9.9","false","{breed social-friends}","0","""default""","""none""","0"
"{citizen 7}","{citizen 26}","[85 0 170 100]","""""","9.9","false","{breed social-friends}","0","""default""","""none""","0"
"{citizen 7}","{citizen 27}","[85 0 170 100]","""""","9.9","false","{breed social-friends}","0","""default""","""none""","0"
"{citizen 7}","{citizen 28}","[85 0 170 100]","""""","9.9","false","{breed social-friends}","0","""default""","""none""","0"
"{citizen 7}","{citizen 29}","[85 0 170 100]","""""","9.9","false","{breed social-friends}","0","""default""","""none""","0"
"{citizen 7}","{citizen 30}","[85 0 170 100]","""""","9.9","false","{breed social-friends}","0","""default""","""none""","0"
"{citizen 7}","{citizen 31}","[85 0 170 100]","""""","9.9","false","{breed social-friends}","0","""default""","""none""","0"
"{citizen 7}","{citizen 32}","[85 0 170 100]","""""","9.9","false","{breed social-friends}","0","""default""","""none""","0"
"{citizen 7}","{citizen 33}","[85 0 170 100]","""""","9.9","false","{breed social-friends}","0","""default""","""none""","0"
"{citizen 7}","{citizen 34}","[85 0 170 100]","""""","9.9","false","{breed social-friends}","0","""default""","""none""","0"
"{citizen 7}","{citizen 35}","[85 0 170 100]","""""","9.9","false","{breed social-friends}","0","""default""","""none""","0"
"{citizen 7}","{citizen 36}","[85 0 170 100]","""""","9.9","false","{breed social-friends}","0","""default""","""none""","0"
"{citizen 7}","{citizen 37}","[85 0 170 100]","""""","9.9","false","{breed social-friends}","0","""default""","""none""","0"
"{citizen 7}","{citizen 38}","[85 0 170 100]","""""","9.9","false","{breed social-friends}","0","""default""","""none""","0"
"{citizen 7}","{citizen 39}","[85 0 170 100]","""""","9.9","false","{breed social-friends}","0","""default""","""none""","0"
"{citizen 7}","{citizen 40}","[85 0 170 100]","""""","9.9","false","{breed social-friends}","0","""default""","""none""","0"
"{citizen 7}","{citizen 41}","[85 0 170 100]","""""","9.9","false","{breed social-friends}","0","""default""","""none""","0"
"{citizen 7}","{citizen 42}","[85 0 170 100]","""""","9.9","false","{breed social-friends}","0","""default""","""none""","0"
"{citizen 7}","{citizen 43}","[85 0 170 100]","""""","9.9","false","{breed social-friends}","0","""default""","""none""","0"
"{citizen 7}","{citizen 44}","[85 0 170 100]","""""","9.9","false","{breed social-friends}","0","""default""","""none""","0"
"{citizen 7}","{citizen 45}","[85 0 170 100]","""""","9.9","false","{breed social-friends}","0","""default""","""none""","0"
"{citizen 7}","{citizen 46}","[85 0 170 100]","""""","9.9","false","{breed social-friends}","0","""default""","""none""","0"
"{citizen 7}","{citizen 47}","[85 0 170 100]","""""","9.9","false","{breed social-friends}","0","""default""","""none""","0"
"{citizen 7}","{citizen 48}","[85 0 170 100]","""""","9.9","false","{breed social-friends}","0","""default""","""none""","0"
"{citizen 7}","{citizen 49}","[85 0 170 100]","""""","9.9","false","{breed social-friends}","0","""default""","""none""","0"
"{citizen 8}","{citizen 0}","[85 0 170 100]","""""","9.9","false","{breed social-friends}","0","""default""","""none""","0"
"{citizen 8}","{citizen 1}","[85 0 170 100]","""""","9.9","false","{breed social-friends}","0","""default""","""none""","0"
"{citizen 8}","{citizen 2}","[85 0 170 100]","""""","9.9","false","{breed social-friends}","0","""default""","""none""","0"
"{citizen 8}","{citizen 3}","[85 0 170 100]","""""","9.9","false","{breed social-friends}","0","""default""","""none""","0"
"{citizen 8}","{citizen 4}","[85 0 170 100]","""""","9.9","false","{breed social-friends}","0","""default""","""none""","0"
"{citizen 8}","{citizen 5}","[85 0 170 100]","""""","9.9","false","{breed social-friends}","0","""default""","""none""","0"
"{citizen 8}","{citizen 6}","[85 0 170 100]","""""","9.9","false","{breed social-friends}","0","""default""","""none""","0"
"{citizen 8}","{citizen 7}","[85 0 170 100]","""""","9.9","false","{breed social-friends}","0","""default""","""none""","0"
"{citizen 8}","{citizen 9}","[85 0 170 100]","""""","9.9","false","{breed social-friends}","0","""default""","""none""","0"
"{citizen 8}","{citizen 10}","[85 0 170 100]","""""","9.9","false","{breed social-friends}","0","""default""","""none""","0"
"{citizen 8}","{citizen 11}","[85 0 170 100]","""""","9.9","false","{breed social-friends}","0","""default""","""none""","0"
"{citizen 8}","{citizen 12}","[85 0 170 100]","""""","9.9","false","{breed social-friends}","0","""default""","""none""","0"
"{citizen 8}","{citizen 13}","[85 0 170 100]","""""","9.9","false","{breed social-friends}","0","""default""","""none""","0"
"{citizen 8}","{citizen 14}","[85 0 170 100]","""""","9.9","false","{breed social-friends}","0","""default""","""none""","0"
"{citizen 8}","{citizen 15}","[85 0 170 100]","""""","9.9","false","{breed social-friends}","0","""default""","""none""","0"
"{citizen 8}","{citizen 16}","[85 0 170 100]","""""","9.9","false","{breed social-friends}","0","""default""","""none""","0"
"{citizen 8}","{citizen 17}","[85 0 170 100]","""""","9.9","false","{breed social-friends}","0","""default""","""none""","0"
"{citizen 8}","{citizen 18}","[85 0 170 100]","""""","9.9","false","{breed social-friends}","0","""default""","""none""","0"
"{citizen 8}","{citizen 19}","[85 0 170 100]","""""","9.9","false","{breed social-friends}","0","""default""","""none""","0"
"{citizen 8}","{citizen 20}","[85 0 170 100]","""""","9.9","false","{breed social-friends}","0","""default""","""none""","0"
"{citizen 8}","{citizen 21}","[85 0 170 100]","""""","9.9","false","{breed social-friends}","0","""default""","""none""","0"
"{citizen 8}","{citizen 22}","[85 0 170 100]","""""","9.9","false","{breed social-friends}","0","""default""","""none""","0"
"{citizen 8}","{citizen 23}","[85 0 170 100]","""""","9.9","false","{breed social-friends}","0","""default""","""none""","0"
"{citizen 8}","{citizen 24}","[85 0 170 100]","""""","9.9","false","{breed social-friends}","0","""default""","""none""","0"
"{citizen 8}","{citizen 25}","[85 0 170 100]","""""","9.9","false","{breed social-friends}","0","""default""","""none""","0"
"{citizen 8}","{citizen 26}","[85 0 170 100]","""""","9.9","false","{breed social-friends}","0","""default""","""none""","0"
"{citizen 8}","{citizen 27}","[85 0 170 100]","""""","9.9","false","{breed social-friends}","0","""default""","""none""","0"
"{citizen 8}","{citizen 28}","[85 0 170 100]","""""","9.9","false","{breed social-friends}","0","""default""","""none""","0"
"{citizen 8}","{citizen 29}","[85 0 170 100]","""""","9.9","false","{breed social-friends}","0","""default""","""none""","0"
"{citizen 8}","{citizen 30}","[85 0 170 100]","""""","9.9","false","{breed social-friends}","0","""default""","""none""","0"
"{citizen 8}","{citizen 31}","[85 0 170 100]","""""","9.9","false","{breed social-friends}","0","""default""","""none""","0"
"{citizen 8}","{citizen 32}","[85 0 170 100]","""""","9.9","false","{breed social-friends}","0","""default""","""none""","0"
"{citizen 8}","{citizen 33}","[85 0 170 100]","""""","9.9","false","{breed social-friends}","0","""default""","""none""","0"
"{citizen 8}","{citizen 34}","[85 0 170 100]","""""","9.9","false","{breed social-friends}","0","""default""","""none""","0"
"{citizen 8}","{citizen 35}","[85 0 170 100]","""""","9.9","false","{breed social-friends}","0","""default""","""none""","0"
"{citizen 8}","{citizen 36}","[85 0 170 100]","""""","9.9","false","{breed social-friends}","0","""default""","""none""","0"
"{citizen 8}","{citizen 37}","[85 0 170 100]","""""","9.9","false","{breed social-friends}","0","""default""","""none""","0"
"{citizen 8}","{citizen 38}","[85 0 170 100]","""""","9.9","false","{breed social-friends}","0","""default""","""none""","0"
"{citizen 8}","{citizen 39}","[85 0 170 100]","""""","9.9","false","{breed social-friends}","0","""default""","""none""","0"
"{citizen 8}","{citizen 40}","[85 0 170 100]","""""","9.9","false","{breed social-friends}","0","""default""","""none""","0"
"{citizen 8}","{citizen 41}","[85 0 170 100]","""""","9.9","false","{breed social-friends}","0","""default""","""none""","0"
"{citizen 8}","{citizen 42}","[85 0 170 100]","""""","9.9","false","{breed social-friends}","0","""default""","""none""","0"
"{citizen 8}","{citizen 43}","[85 0 170 100]","""""","9.9","false","{breed social-friends}","0","""default""","""none""","0"
"{citizen 8}","{citizen 44}","[85 0 170 100]","""""","9.9","false","{breed social-friends}","0","""default""","""none""","0"
"{citizen 8}","{citizen 45}","[85 0 170 100]","""""","9.9","false","{breed social-friends}","0","""default""","""none""","0"
"{citizen 8}","{citizen 46}","[85 0 170 100]","""""","9.9","false","{breed social-friends}","0","""default""","""none""","0"
"{citizen 8}","{citizen 47}","[85 0 170 100]","""""","9.9","false","{breed social-friends}","0","""default""","""none""","0"
"{citizen 8}","{citizen 48}","[85 0 170 100]","""""","9.9","false","{breed social-friends}","0","""default""","""none""","0"
"{citizen 8}","{citizen 49}","[85 0 170 100]","""""","9.9","false","{breed social-friends}","0","""default""","""none""","0"
"{citizen 9}","{citizen 0}","[85 0 170 100]","""""","9.9","false","{breed social-friends}","0","""default""","""none""","0"
"{citizen 9}","{citizen 1}","[85 0 170 100]","""""","9.9","false","{breed social-friends}","0","""default""","""none""","0"
"{citizen 9}","{citizen 2}","[85 0 170 100]","""""","9.9","false","{breed social-friends}","0","""default""","""none""","0"
"{citizen 9}","{citizen 3}","[85 0 170 100]","""""","9.9","false","{breed social-friends}","0","""default""","""none""","0"
"{citizen 9}","{citizen 4}","[85 0 170 100]","""""","9.9","false","{breed social-friends}","0","""default""","""none""","0"
"{citizen 9}","{citizen 5}","[85 0 170 100]","""""","9.9","false","{breed social-friends}","0","""default""","""none""","0"
"{citizen 9}","{citizen 6}","[85 0 170 100]","""""","9.9","false","{breed social-friends}","0","""default""","""none""","0"
"{citizen 9}","{citizen 7}","[85 0 170 100]","""""","9.9","false","{breed social-friends}","0","""default""","""none""","0"
"{citizen 9}","{citizen 8}","[85 0 170 100]","""""","9.9","false","{breed social-friends}","0","""default""","""none""","0"
"{citizen 9}","{citizen 10}","[85 0 170 100]","""""","9.9","false","{breed social-friends}","0","""default""","""none""","0"
"{citizen 9}","{citizen 11}","[85 0 170 100]","""""","9.9","false","{breed social-friends}","0","""default""","""none""","0"
"{citizen 9}","{citizen 12}","[85 0 170 100]","""""","9.9","false","{breed social-friends}","0","""default""","""none""","0"
"{citizen 9}","{citizen 13}","[85 0 170 100]","""""","9.9","false","{breed social-friends}","0","""default""","""none""","0"
"{citizen 9}","{citizen 14}","[85 0 170 100]","""""","9.9","false","{breed social-friends}","0","""default""","""none""","0"
"{citizen 9}","{citizen 15}","[85 0 170 100]","""""","9.9","false","{breed social-friends}","0","""default""","""none""","0"
"{citizen 9}","{citizen 16}","[85 0 170 100]","""""","9.9","false","{breed social-friends}","0","""default""","""none""","0"
"{citizen 9}","{citizen 17}","[85 0 170 100]","""""","9.9","false","{breed social-friends}","0","""default""","""none""","0"
"{citizen 9}","{citizen 18}","[85 0 170 100]","""""","9.9","false","{breed social-friends}","0","""default""","""none""","0"
"{citizen 9}","{citizen 19}","[85 0 170 100]","""""","9.9","false","{breed social-friends}","0","""default""","""none""","0"
"{citizen 9}","{citizen 20}","[85 0 170 100]","""""","9.9","false","{breed social-friends}","0","""default""","""none""","0"
"{citizen 9}","{citizen 21}","[85 0 170 100]","""""","9.9","false","{breed social-friends}","0","""default""","""none""","0"
"{citizen 9}","{citizen 22}","[85 0 170 100]","""""","9.9","false","{breed social-friends}","0","""default""","""none""","0"
"{citizen 9}","{citizen 23}","[85 0 170 100]","""""","9.9","false","{breed social-friends}","0","""default""","""none""","0"
"{citizen 9}","{citizen 24}","[85 0 170 100]","""""","9.9","false","{breed social-friends}","0","""default""","""none""","0"
"{citizen 9}","{citizen 25}","[85 0 170 100]","""""","9.9","false","{breed social-friends}","0","""default""","""none""","0"
"{citizen 9}","{citizen 26}","[85 0 170 100]","""""","9.9","false","{breed social-friends}","0","""default""","""none""","0"
"{citizen 9}","{citizen 27}","[85 0 170 100]","""""","9.9","false","{breed social-friends}","0","""default""","""none""","0"
"{citizen 9}","{citizen 28}","[85 0 170 100]","""""","9.9","false","{breed social-friends}","0","""default""","""none""","0"
"{citizen 9}","{citizen 29}","[85 0 170 100]","""""","9.9","false","{breed social-friends}","0","""default""","""none""","0"
"{citizen 9}","{citizen 30}","[85 0 170 100]","""""","9.9","false","{breed social-friends}","0","""default""","""none""","0"
"{citizen 9}","{citizen 31}","[85 0 170 100]","""""","9.9","false","{breed social-friends}","0","""default""","""none""","0"
"{citizen 9}","{citizen 32}","[85 0 170 100]","""""","9.9","false","{breed social-friends}","0","""default""","""none""","0"
"{citizen 9}","{citizen 33}","[85 0 170 100]","""""","9.9","false","{breed social-friends}","0","""default""","""none""","0"
"{citizen 9}","{citizen 34}","[85 0 170 100]","""""","9.9","false","{breed social-friends}","0","""default""","""none""","0"
"{citizen 9}","{citizen 35}","[85 0 170 100]","""""","9.9","false","{breed social-friends}","0","""default""","""none""","0"
"{citizen 9}","{citizen 36}","[85 0 170 100]","""""","9.9","false","{breed social-friends}","0","""default""","""none""","0"
"{citizen 9}","{citizen 37}","[85 0 170 100]","""""","9.9","false","{breed social-friends}","0","""default""","""none""","0"
"{citizen 9}","{citizen 38}","[85 0 170 100]","""""","9.9","false","{breed social-friends}","0","""default""","""none""","0"
"{citizen 9}","{citizen 39}","[85 0 170 100]","""""","9.9","false","{breed social-friends}","0","""default""","""none""","0"
"{citizen 9}","{citizen 40}","[85 0 170 100]","""""","9.9","false","{breed social-friends}","0","""default""","""none""","0"
"{citizen 9}","{citizen 41}","[85 0 170 100]","""""","9.9","false","{breed social-friends}","0","""default""","""none""","0"
"{citizen 9}","{citizen 42}","[85 0 170 100]","""""","9.9","false","{breed social-friends}","0","""default""","""none""","0"
"{citizen 9}","{citizen 43}","[85 0 170 100]","""""","9.9","false","{breed social-friends}","0","""default""","""none""","0"
"{citizen 9}","{citizen 44}","[85 0 170 100]","""""","9.9","false","{breed social-friends}","0","""default""","""none""","0"
"{citizen 9}","{citizen 45}","[85 0 170 100]","""""","9.9","false","{breed social-friends}","0","""default""","""none""","0"
"{citizen 9}","{citizen 46}","[85 0 170 100]","""""","9.9","false","{breed social-friends}","0","""default""","""none""","0"
"{citizen 9}","{citizen 47}","[85 0 170 100]","""""","9.9","false","{breed social-friends}","0","""default""","""none""","0"
"{citizen 9}","{citizen 48}","[85 0 170 100]","""""","9.9","false","{breed social-friends}","0","""default""","""none""","0"
"{citizen 9}","{citizen 49}","[85 0 170 100]","""""","9.9","false","{breed social-friends}","0","""default""","""none""","0"
"{citizen 10}","{citizen 0}","[85 0 170 100]","""""","9.9","false","{breed social-friends}","0","""default""","""none""","0"
"{citizen 10}","{citizen 1}","[85 0 170 100]","""""","9.9","false","{breed social-friends}","0","""default""","""none""","0"
"{citizen 10}","{citizen 2}","[85 0 170 100]","""""","9.9","false","{breed social-friends}","0","""default""","""none""","0"
"{citizen 10}","{citizen 3}","[85 0 170 100]","""""","9.9","false","{breed social-friends}","0","""default""","""none""","0"
"{citizen 10}","{citizen 4}","[85 0 170 100]","""""","9.9","false","{breed social-friends}","0","""default""","""none""","0"
"{citizen 10}","{citizen 5}","[85 0 170 100]","""""","9.9","false","{breed social-friends}","0","""default""","""none""","0"
"{citizen 10}","{citizen 6}","[85 0 170 100]","""""","9.9","false","{breed social-friends}","0","""default""","""none""","0"
"{citizen 10}","{citizen 7}","[85 0 170 100]","""""","9.9","false","{breed social-friends}","0","""default""","""none""","0"
"{citizen 10}","{citizen 8}","[85 0 170 100]","""""","9.9","false","{breed social-friends}","0","""default""","""none""","0"
"{citizen 10}","{citizen 9}","[85 0 170 100]","""""","9.9","false","{breed social-friends}","0","""default""","""none""","0"
"{citizen 10}","{citizen 11}","[85 0 170 100]","""""","9.9","false","{breed social-friends}","0","""default""","""none""","0"
"{citizen 10}","{citizen 12}","[85 0 170 100]","""""","9.9","false","{breed social-friends}","0","""default""","""none""","0"
"{citizen 10}","{citizen 13}","[85 0 170 100]","""""","9.9","false","{breed social-friends}","0","""default""","""none""","0"
"{citizen 10}","{citizen 14}","[85 0 170 100]","""""","9.9","false","{breed social-friends}","0","""default""","""none""","0"
"{citizen 10}","{citizen 15}","[85 0 170 100]","""""","9.9","false","{breed social-friends}","0","""default""","""none""","0"
"{citizen 10}","{citizen 16}","[85 0 170 100]","""""","9.9","false","{breed social-friends}","0","""default""","""none""","0"
"{citizen 10}","{citizen 17}","[85 0 170 100]","""""","9.9","false","{breed social-friends}","0","""default""","""none""","0"
"{citizen 10}","{citizen 18}","[85 0 170 100]","""""","9.9","false","{breed social-friends}","0","""default""","""none""","0"
"{citizen 10}","{citizen 19}","[85 0 170 100]","""""","9.9","false","{breed social-friends}","0","""default""","""none""","0"
"{citizen 10}","{citizen 20}","[85 0 170 100]","""""","9.9","false","{breed social-friends}","0","""default""","""none""","0"
"{citizen 10}","{citizen 21}","[85 0 170 100]","""""","9.9","false","{breed social-friends}","0","""default""","""none""","0"
"{citizen 10}","{citizen 22}","[85 0 170 100]","""""","9.9","false","{breed social-friends}","0","""default""","""none""","0"
"{citizen 10}","{citizen 23}","[85 0 170 100]","""""","9.9","false","{breed social-friends}","0","""default""","""none""","0"
"{citizen 10}","{citizen 24}","[85 0 170 100]","""""","9.9","false","{breed social-friends}","0","""default""","""none""","0"
"{citizen 10}","{citizen 25}","[85 0 170 100]","""""","9.9","false","{breed social-friends}","0","""default""","""none""","0"
"{citizen 10}","{citizen 26}","[85 0 170 100]","""""","9.9","false","{breed social-friends}","0","""default""","""none""","0"
"{citizen 10}","{citizen 27}","[85 0 170 100]","""""","9.9","false","{breed social-friends}","0","""default""","""none""","0"
"{citizen 10}","{citizen 28}","[85 0 170 100]","""""","9.9","false","{breed social-friends}","0","""default""","""none""","0"
"{citizen 10}","{citizen 29}","[85 0 170 100]","""""","9.9","false","{breed social-friends}","0","""default""","""none""","0"
"{citizen 10}","{citizen 30}","[85 0 170 100]","""""","9.9","false","{breed social-friends}","0","""default""","""none""","0"
"{citizen 10}","{citizen 31}","[85 0 170 100]","""""","9.9","false","{breed social-friends}","0","""default""","""none""","0"
"{citizen 10}","{citizen 32}","[85 0 170 100]","""""","9.9","false","{breed social-friends}","0","""default""","""none""","0"
"{citizen 10}","{citizen 33}","[85 0 170 100]","""""","9.9","false","{breed social-friends}","0","""default""","""none""","0"
"{citizen 10}","{citizen 34}","[85 0 170 100]","""""","9.9","false","{breed social-friends}","0","""default""","""none""","0"
"{citizen 10}","{citizen 35}","[85 0 170 100]","""""","9.9","false","{breed social-friends}","0","""default""","""none""","0"
"{citizen 10}","{citizen 36}","[85 0 170 100]","""""","9.9","false","{breed social-friends}","0","""default""","""none""","0"
"{citizen 10}","{citizen 37}","[85 0 170 100]","""""","9.9","false","{breed social-friends}","0","""default""","""none""","0"
"{citizen 10}","{citizen 38}","[85 0 170 100]","""""","9.9","false","{breed social-friends}","0","""default""","""none""","0"
"{citizen 10}","{citizen 39}","[85 0 170 100]","""""","9.9","false","{breed social-friends}","0","""default""","""none""","0"
"{citizen 10}","{citizen 40}","[85 0 170 100]","""""","9.9","false","{breed social-friends}","0","""default""","""none""","0"
"{citizen 10}","{citizen 41}","[85 0 170 100]","""""","9.9","false","{breed social-friends}","0","""default""","""none""","0"
"{citizen 10}","{citizen 42}","[85 0 170 100]","""""","9.9","false","{breed social-friends}","0","""default""","""none""","0"
"{citizen 10}","{citizen 43}","[85 0 170 100]","""""","9.9","false","{breed social-friends}","0","""default""","""none""","0"
"{citizen 10}","{citizen 44}","[85 0 170 100]","""""","9.9","false","{breed social-friends}","0","""default""","""none""","0"
"{citizen 10}","{citizen 45}","[85 0 170 100]","""""","9.9","false","{breed social-friends}","0","""default""","""none""","0"
"{citizen 10}","{citizen 46}","[85 0 170 100]","""""","9.9","false","{breed social-friends}","0","""default""","""none""","0"
"{citizen 10}","{citizen 47}","[85 0 170 100]","""""","9.9","false","{breed social-friends}","0","""default""","""none""","0"
"{citizen 10}","{citizen 48}","[85 0 170 100]","""""","9.9","false","{breed social-friends}","0","""default""","""none""","0"
"{citizen 10}","{citizen 49}","[85 0 170 100]","""""","9.9","false","{breed social-friends}","0","""default""","""none""","0"
"{citizen 11}","{citizen 0}","[85 0 170 100]","""""","9.9","false","{breed social-friends}","0","""default""","""none""","0"
"{citizen 11}","{citizen 1}","[85 0 170 100]","""""","9.9","false","{breed social-friends}","0","""default""","""none""","0"
"{citizen 11}","{citizen 2}","[85 0 170 100]","""""","9.9","false","{breed social-friends}","0","""default""","""none""","0"
"{citizen 11}","{citizen 3}","[85 0 170 100]","""""","9.9","false","{breed social-friends}","0","""default""","""none""","0"
"{citizen 11}","{citizen 4}","[85 0 170 100]","""""","9.9","false","{breed social-friends}","0","""default""","""none""","0"
"{citizen 11}","{citizen 5}","[85 0 170 100]","""""","9.9","false","{breed social-friends}","0","""default""","""none""","0"
"{citizen 11}","{citizen 6}","[85 0 170 100]","""""","9.9","false","{breed social-friends}","0","""default""","""none""","0"
"{citizen 11}","{citizen 7}","[85 0 170 100]","""""","9.9","false","{breed social-friends}","0","""default""","""none""","0"
"{citizen 11}","{citizen 8}","[85 0 170 100]","""""","9.9","false","{breed social-friends}","0","""default""","""none""","0"
"{citizen 11}","{citizen 9}","[85 0 170 100]","""""","9.9","false","{breed social-friends}","0","""default""","""none""","0"
"{citizen 11}","{citizen 10}","[85 0 170 100]","""""","9.9","false","{breed social-friends}","0","""default""","""none""","0"
"{citizen 11}","{citizen 12}","[85 0 170 100]","""""","9.9","false","{breed social-friends}","0","""default""","""none""","0"
"{citizen 11}","{citizen 13}","[85 0 170 100]","""""","9.9","false","{breed social-friends}","0","""default""","""none""","0"
"{citizen 11}","{citizen 14}","[85 0 170 100]","""""","9.9","false","{breed social-friends}","0","""default""","""none""","0"
"{citizen 11}","{citizen 15}","[85 0 170 100]","""""","9.9","false","{breed social-friends}","0","""default""","""none""","0"
"{citizen 11}","{citizen 16}","[85 0 170 100]","""""","9.9","false","{breed social-friends}","0","""default""","""none""","0"
"{citizen 11}","{citizen 17}","[85 0 170 100]","""""","9.9","false","{breed social-friends}","0","""default""","""none""","0"
"{citizen 11}","{citizen 18}","[85 0 170 100]","""""","9.9","false","{breed social-friends}","0","""default""","""none""","0"
"{citizen 11}","{citizen 19}","[85 0 170 100]","""""","9.9","false","{breed social-friends}","0","""default""","""none""","0"
"{citizen 11}","{citizen 20}","[85 0 170 100]","""""","9.9","false","{breed social-friends}","0","""default""","""none""","0"
"{citizen 11}","{citizen 21}","[85 0 170 100]","""""","9.9","false","{breed social-friends}","0","""default""","""none""","0"
"{citizen 11}","{citizen 22}","[85 0 170 100]","""""","9.9","false","{breed social-friends}","0","""default""","""none""","0"
"{citizen 11}","{citizen 23}","[85 0 170 100]","""""","9.9","false","{breed social-friends}","0","""default""","""none""","0"
"{citizen 11}","{citizen 24}","[85 0 170 100]","""""","9.9","false","{breed social-friends}","0","""default""","""none""","0"
"{citizen 11}","{citizen 25}","[85 0 170 100]","""""","9.9","false","{breed social-friends}","0","""default""","""none""","0"
"{citizen 11}","{citizen 26}","[85 0 170 100]","""""","9.9","false","{breed social-friends}","0","""default""","""none""","0"
"{citizen 11}","{citizen 27}","[85 0 170 100]","""""","9.9","false","{breed social-friends}","0","""default""","""none""","0"
"{citizen 11}","{citizen 28}","[85 0 170 100]","""""","9.9","false","{breed social-friends}","0","""default""","""none""","0"
"{citizen 11}","{citizen 29}","[85 0 170 100]","""""","9.9","false","{breed social-friends}","0","""default""","""none""","0"
"{citizen 11}","{citizen 30}","[85 0 170 100]","""""","9.9","false","{breed social-friends}","0","""default""","""none""","0"
"{citizen 11}","{citizen 31}","[85 0 170 100]","""""","9.9","false","{breed social-friends}","0","""default""","""none""","0"
"{citizen 11}","{citizen 32}","[85 0 170 100]","""""","9.9","false","{breed social-friends}","0","""default""","""none""","0"
"{citizen 11}","{citizen 33}","[85 0 170 100]","""""","9.9","false","{breed social-friends}","0","""default""","""none""","0"
"{citizen 11}","{citizen 34}","[85 0 170 100]","""""","9.9","false","{breed social-friends}","0","""default""","""none""","0"
"{citizen 11}","{citizen 35}","[85 0 170 100]","""""","9.9","false","{breed social-friends}","0","""default""","""none""","0"
"{citizen 11}","{citizen 36}","[85 0 170 100]","""""","9.9","false","{breed social-friends}","0","""default""","""none""","0"
"{citizen 11}","{citizen 37}","[85 0 170 100]","""""","9.9","false","{breed social-friends}","0","""default""","""none""","0"
"{citizen 11}","{citizen 38}","[85 0 170 100]","""""","9.9","false","{breed social-friends}","0","""default""","""none""","0"
"{citizen 11}","{citizen 39}","[85 0 170 100]","""""","9.9","false","{breed social-friends}","0","""default""","""none""","0"
"{citizen 11}","{citizen 40}","[85 0 170 100]","""""","9.9","false","{breed social-friends}","0","""default""","""none""","0"
"{citizen 11}","{citizen 41}","[85 0 170 100]","""""","9.9","false","{breed social-friends}","0","""default""","""none""","0"
"{citizen 11}","{citizen 42}","[85 0 170 100]","""""","9.9","false","{breed social-friends}","0","""default""","""none""","0"
"{citizen 11}","{citizen 43}","[85 0 170 100]","""""","9.9","false","{breed social-friends}","0","""default""","""none""","0"
"{citizen 11}","{citizen 44}","[85 0 170 100]","""""","9.9","false","{breed social-friends}","0","""default""","""none""","0"
"{citizen 11}","{citizen 45}","[85 0 170 100]","""""","9.9","false","{breed social-friends}","0","""default""","""none""","0"
"{citizen 11}","{citizen 46}","[85 0 170 100]","""""","9.9","false","{breed social-friends}","0","""default""","""none""","0"
"{citizen 11}","{citizen 47}","[85 0 170 100]","""""","9.9","false","{breed social-friends}","0","""default""","""none""","0"
"{citizen 11}","{citizen 48}","[85 0 170 100]","""""","9.9","false","{breed social-friends}","0","""default""","""none""","0"
"{citizen 11}","{citizen 49}","[85 0 170 100]","""""","9.9","false","{breed social-friends}","0","""default""","""none""","0"
"{citizen 12}","{citizen 0}","[85 0 170 100]","""""","9.9","false","{breed social-friends}","0","""default""","""none""","0"
"{citizen 12}","{citizen 1}","[85 0 170 100]","""""","9.9","false","{breed social-friends}","0","""default""","""none""","0"
"{citizen 12}","{citizen 2}","[85 0 170 100]","""""","9.9","false","{breed social-friends}","0","""default""","""none""","0"
"{citizen 12}","{citizen 3}","[85 0 170 100]","""""","9.9","false","{breed social-friends}","0","""default""","""none""","0"
"{citizen 12}","{citizen 4}","[85 0 170 100]","""""","9.9","false","{breed social-friends}","0","""default""","""none""","0"
"{citizen 12}","{citizen 5}","[85 0 170 100]","""""","9.9","false","{breed social-friends}","0","""default""","""none""","0"
"{citizen 12}","{citizen 6}","[85 0 170 100]","""""","9.9","false","{breed social-friends}","0","""default""","""none""","0"
"{citizen 12}","{citizen 7}","[85 0 170 100]","""""","9.9","false","{breed social-friends}","0","""default""","""none""","0"
"{citizen 12}","{citizen 8}","[85 0 170 100]","""""","9.9","false","{breed social-friends}","0","""default""","""none""","0"
"{citizen 12}","{citizen 9}","[85 0 170 100]","""""","9.9","false","{breed social-friends}","0","""default""","""none""","0"
"{citizen 12}","{citizen 10}","[85 0 170 100]","""""","9.9","false","{breed social-friends}","0","""default""","""none""","0"
"{citizen 12}","{citizen 11}","[85 0 170 100]","""""","9.9","false","{breed social-friends}","0","""default""","""none""","0"
"{citizen 12}","{citizen 13}","[85 0 170 100]","""""","9.9","false","{breed social-friends}","0","""default""","""none""","0"
"{citizen 12}","{citizen 14}","[85 0 170 100]","""""","9.9","false","{breed social-friends}","0","""default""","""none""","0"
"{citizen 12}","{citizen 15}","[85 0 170 100]","""""","9.9","false","{breed social-friends}","0","""default""","""none""","0"
"{citizen 12}","{citizen 16}","[85 0 170 100]","""""","9.9","false","{breed social-friends}","0","""default""","""none""","0"
"{citizen 12}","{citizen 17}","[85 0 170 100]","""""","9.9","false","{breed social-friends}","0","""default""","""none""","0"
"{citizen 12}","{citizen 18}","[85 0 170 100]","""""","9.9","false","{breed social-friends}","0","""default""","""none""","0"
"{citizen 12}","{citizen 19}","[85 0 170 100]","""""","9.9","false","{breed social-friends}","0","""default""","""none""","0"
"{citizen 12}","{citizen 20}","[85 0 170 100]","""""","9.9","false","{breed social-friends}","0","""default""","""none""","0"
"{citizen 12}","{citizen 21}","[85 0 170 100]","""""","9.9","false","{breed social-friends}","0","""default""","""none""","0"
"{citizen 12}","{citizen 22}","[85 0 170 100]","""""","9.9","false","{breed social-friends}","0","""default""","""none""","0"
"{citizen 12}","{citizen 23}","[85 0 170 100]","""""","9.9","false","{breed social-friends}","0","""default""","""none""","0"
"{citizen 12}","{citizen 24}","[85 0 170 100]","""""","9.9","false","{breed social-friends}","0","""default""","""none""","0"
"{citizen 12}","{citizen 25}","[85 0 170 100]","""""","9.9","false","{breed social-friends}","0","""default""","""none""","0"
"{citizen 12}","{citizen 26}","[85 0 170 100]","""""","9.9","false","{breed social-friends}","0","""default""","""none""","0"
"{citizen 12}","{citizen 27}","[85 0 170 100]","""""","9.9","false","{breed social-friends}","0","""default""","""none""","0"
"{citizen 12}","{citizen 28}","[85 0 170 100]","""""","9.9","false","{breed social-friends}","0","""default""","""none""","0"
"{citizen 12}","{citizen 29}","[85 0 170 100]","""""","9.9","false","{breed social-friends}","0","""default""","""none""","0"
"{citizen 12}","{citizen 30}","[85 0 170 100]","""""","9.9","false","{breed social-friends}","0","""default""","""none""","0"
"{citizen 12}","{citizen 31}","[85 0 170 100]","""""","9.9","false","{breed social-friends}","0","""default""","""none""","0"
"{citizen 12}","{citizen 32}","[85 0 170 100]","""""","9.9","false","{breed social-friends}","0","""default""","""none""","0"
"{citizen 12}","{citizen 33}","[85 0 170 100]","""""","9.9","false","{breed social-friends}","0","""default""","""none""","0"
"{citizen 12}","{citizen 34}","[85 0 170 100]","""""","9.9","false","{breed social-friends}","0","""default""","""none""","0"
"{citizen 12}","{citizen 35}","[85 0 170 100]","""""","9.9","false","{breed social-friends}","0","""default""","""none""","0"
"{citizen 12}","{citizen 36}","[85 0 170 100]","""""","9.9","false","{breed social-friends}","0","""default""","""none""","0"
"{citizen 12}","{citizen 37}","[85 0 170 100]","""""","9.9","false","{breed social-friends}","0","""default""","""none""","0"
"{citizen 12}","{citizen 38}","[85 0 170 100]","""""","9.9","false","{breed social-friends}","0","""default""","""none""","0"
"{citizen 12}","{citizen 39}","[85 0 170 100]","""""","9.9","false","{breed social-friends}","0","""default""","""none""","0"
"{citizen 12}","{citizen 40}","[85 0 170 100]","""""","9.9","false","{breed social-friends}","0","""default""","""none""","0"
"{citizen 12}","{citizen 41}","[85 0 170 100]","""""","9.9","false","{breed social-friends}","0","""default""","""none""","0"
"{citizen 12}","{citizen 42}","[85 0 170 100]","""""","9.9","false","{breed social-friends}","0","""default""","""none""","0"
"{citizen 12}","{citizen 43}","[85 0 170 100]","""""","9.9","false","{breed social-friends}","0","""default""","""none""","0"
"{citizen 12}","{citizen 44}","[85 0 170 100]","""""","9.9","false","{breed social-friends}","0","""default""","""none""","0"
"{citizen 12}","{citizen 45}","[85 0 170 100]","""""","9.9","false","{breed social-friends}","0","""default""","""none""","0"
"{citizen 12}","{citizen 46}","[85 0 170 100]","""""","9.9","false","{breed social-friends}","0","""default""","""none""","0"
"{citizen 12}","{citizen 47}","[85 0 170 100]","""""","9.9","false","{breed social-friends}","0","""default""","""none""","0"
"{citizen 12}","{citizen 48}","[85 0 170 100]","""""","9.9","false","{breed social-friends}","0","""default""","""none""","0"
"{citizen 12}","{citizen 49}","[85 0 170 100]","""""","9.9","false","{breed social-friends}","0","""default""","""none""","0"
"{citizen 13}","{citizen 0}","[85 0 170 100]","""""","9.9","false","{breed social-friends}","0","""default""","""none""","0"
"{citizen 13}","{citizen 1}","[85 0 170 100]","""""","9.9","false","{breed social-friends}","0","""default""","""none""","0"
"{citizen 13}","{citizen 2}","[85 0 170 100]","""""","9.9","false","{breed social-friends}","0","""default""","""none""","0"
"{citizen 13}","{citizen 3}","[85 0 170 100]","""""","9.9","false","{breed social-friends}","0","""default""","""none""","0"
"{citizen 13}","{citizen 4}","[85 0 170 100]","""""","9.9","false","{breed social-friends}","0","""default""","""none""","0"
"{citizen 13}","{citizen 5}","[85 0 170 100]","""""","9.9","false","{breed social-friends}","0","""default""","""none""","0"
"{citizen 13}","{citizen 6}","[85 0 170 100]","""""","9.9","false","{breed social-friends}","0","""default""","""none""","0"
"{citizen 13}","{citizen 7}","[85 0 170 100]","""""","9.9","false","{breed social-friends}","0","""default""","""none""","0"
"{citizen 13}","{citizen 8}","[85 0 170 100]","""""","9.9","false","{breed social-friends}","0","""default""","""none""","0"
"{citizen 13}","{citizen 9}","[85 0 170 100]","""""","9.9","false","{breed social-friends}","0","""default""","""none""","0"
"{citizen 13}","{citizen 10}","[85 0 170 100]","""""","9.9","false","{breed social-friends}","0","""default""","""none""","0"
"{citizen 13}","{citizen 11}","[85 0 170 100]","""""","9.9","false","{breed social-friends}","0","""default""","""none""","0"
"{citizen 13}","{citizen 12}","[85 0 170 100]","""""","9.9","false","{breed social-friends}","0","""default""","""none""","0"
"{citizen 13}","{citizen 14}","[85 0 170 100]","""""","9.9","false","{breed social-friends}","0","""default""","""none""","0"
"{citizen 13}","{citizen 15}","[85 0 170 100]","""""","9.9","false","{breed social-friends}","0","""default""","""none""","0"
"{citizen 13}","{citizen 16}","[85 0 170 100]","""""","9.9","false","{breed social-friends}","0","""default""","""none""","0"
"{citizen 13}","{citizen 17}","[85 0 170 100]","""""","9.9","false","{breed social-friends}","0","""default""","""none""","0"
"{citizen 13}","{citizen 18}","[85 0 170 100]","""""","9.9","false","{breed social-friends}","0","""default""","""none""","0"
"{citizen 13}","{citizen 19}","[85 0 170 100]","""""","9.9","false","{breed social-friends}","0","""default""","""none""","0"
"{citizen 13}","{citizen 20}","[85 0 170 100]","""""","9.9","false","{breed social-friends}","0","""default""","""none""","0"
"{citizen 13}","{citizen 21}","[85 0 170 100]","""""","9.9","false","{breed social-friends}","0","""default""","""none""","0"
"{citizen 13}","{citizen 22}","[85 0 170 100]","""""","9.9","false","{breed social-friends}","0","""default""","""none""","0"
"{citizen 13}","{citizen 23}","[85 0 170 100]","""""","9.9","false","{breed social-friends}","0","""default""","""none""","0"
"{citizen 13}","{citizen 24}","[85 0 170 100]","""""","9.9","false","{breed social-friends}","0","""default""","""none""","0"
"{citizen 13}","{citizen 25}","[85 0 170 100]","""""","9.9","false","{breed social-friends}","0","""default""","""none""","0"
"{citizen 13}","{citizen 26}","[85 0 170 100]","""""","9.9","false","{breed social-friends}","0","""default""","""none""","0"
"{citizen 13}","{citizen 27}","[85 0 170 100]","""""","9.9","false","{breed social-friends}","0","""default""","""none""","0"
"{citizen 13}","{citizen 28}","[85 0 170 100]","""""","9.9","false","{breed social-friends}","0","""default""","""none""","0"
"{citizen 13}","{citizen 29}","[85 0 170 100]","""""","9.9","false","{breed social-friends}","0","""default""","""none""","0"
"{citizen 13}","{citizen 30}","[85 0 170 100]","""""","9.9","false","{breed social-friends}","0","""default""","""none""","0"
"{citizen 13}","{citizen 31}","[85 0 170 100]","""""","9.9","false","{breed social-friends}","0","""default""","""none""","0"
"{citizen 13}","{citizen 32}","[85 0 170 100]","""""","9.9","false","{breed social-friends}","0","""default""","""none""","0"
"{citizen 13}","{citizen 33}","[85 0 170 100]","""""","9.9","false","{breed social-friends}","0","""default""","""none""","0"
"{citizen 13}","{citizen 34}","[85 0 170 100]","""""","9.9","false","{breed social-friends}","0","""default""","""none""","0"
"{citizen 13}","{citizen 35}","[85 0 170 100]","""""","9.9","false","{breed social-friends}","0","""default""","""none""","0"
"{citizen 13}","{citizen 36}","[85 0 170 100]","""""","9.9","false","{breed social-friends}","0","""default""","""none""","0"
"{citizen 13}","{citizen 37}","[85 0 170 100]","""""","9.9","false","{breed social-friends}","0","""default""","""none""","0"
"{citizen 13}","{citizen 38}","[85 0 170 100]","""""","9.9","false","{breed social-friends}","0","""default""","""none""","0"
"{citizen 13}","{citizen 39}","[85 0 170 100]","""""","9.9","false","{breed social-friends}","0","""default""","""none""","0"
"{citizen 13}","{citizen 40}","[85 0 170 100]","""""","9.9","false","{breed social-friends}","0","""default""","""none""","0"
"{citizen 13}","{citizen 41}","[85 0 170 100]","""""","9.9","false","{breed social-friends}","0","""default""","""none""","0"
"{citizen 13}","{citizen 42}","[85 0 170 100]","""""","9.9","false","{breed social-friends}","0","""default""","""none""","0"
"{citizen 13}","{citizen 43}","[85 0 170 100]","""""","9.9","false","{breed social-friends}","0","""default""","""none""","0"
"{citizen 13}","{citizen 44}","[85 0 170 100]","""""","9.9","false","{breed social-friends}","0","""default""","""none""","0"
"{citizen 13}","{citizen 45}","[85 0 170 100]","""""","9.9","false","{breed social-friends}","0","""default""","""none""","0"
"{citizen 13}","{citizen 46}","[85 0 170 100]","""""","9.9","false","{breed social-friends}","0","""default""","""none""","0"
"{citizen 13}","{citizen 47}","[85 0 170 100]","""""","9.9","false","{breed social-friends}","0","""default""","""none""","0"
"{citizen 13}","{citizen 48}","[85 0 170 100]","""""","9.9","false","{breed social-friends}","0","""default""","""none""","0"
"{citizen 13}","{citizen 49}","[85 0 170 100]","""""","9.9","false","{breed social-friends}","0","""default""","""none""","0"
"{citizen 14}","{citizen 0}","[85 0 170 100]","""""","9.9","false","{breed social-friends}","0","""default""","""none""","0"
"{citizen 14}","{citizen 1}","[85 0 170 100]","""""","9.9","false","{breed social-friends}","0","""default""","""none""","0"
"{citizen 14}","{citizen 2}","[85 0 170 100]","""""","9.9","false","{breed social-friends}","0","""default""","""none""","0"
"{citizen 14}","{citizen 3}","[85 0 170 100]","""""","9.9","false","{breed social-friends}","0","""default""","""none""","0"
"{citizen 14}","{citizen 4}","[85 0 170 100]","""""","9.9","false","{breed social-friends}","0","""default""","""none""","0"
"{citizen 14}","{citizen 5}","[85 0 170 100]","""""","9.9","false","{breed social-friends}","0","""default""","""none""","0"
"{citizen 14}","{citizen 6}","[85 0 170 100]","""""","9.9","false","{breed social-friends}","0","""default""","""none""","0"
"{citizen 14}","{citizen 7}","[85 0 170 100]","""""","9.9","false","{breed social-friends}","0","""default""","""none""","0"
"{citizen 14}","{citizen 8}","[85 0 170 100]","""""","9.9","false","{breed social-friends}","0","""default""","""none""","0"
"{citizen 14}","{citizen 9}","[85 0 170 100]","""""","9.9","false","{breed social-friends}","0","""default""","""none""","0"
"{citizen 14}","{citizen 10}","[85 0 170 100]","""""","9.9","false","{breed social-friends}","0","""default""","""none""","0"
"{citizen 14}","{citizen 11}","[85 0 170 100]","""""","9.9","false","{breed social-friends}","0","""default""","""none""","0"
"{citizen 14}","{citizen 12}","[85 0 170 100]","""""","9.9","false","{breed social-friends}","0","""default""","""none""","0"
"{citizen 14}","{citizen 13}","[85 0 170 100]","""""","9.9","false","{breed social-friends}","0","""default""","""none""","0"
"{citizen 14}","{citizen 15}","[85 0 170 100]","""""","9.9","false","{breed social-friends}","0","""default""","""none""","0"
"{citizen 14}","{citizen 16}","[85 0 170 100]","""""","9.9","false","{breed social-friends}","0","""default""","""none""","0"
"{citizen 14}","{citizen 17}","[85 0 170 100]","""""","9.9","false","{breed social-friends}","0","""default""","""none""","0"
"{citizen 14}","{citizen 18}","[85 0 170 100]","""""","9.9","false","{breed social-friends}","0","""default""","""none""","0"
"{citizen 14}","{citizen 19}","[85 0 170 100]","""""","9.9","false","{breed social-friends}","0","""default""","""none""","0"
"{citizen 14}","{citizen 20}","[85 0 170 100]","""""","9.9","false","{breed social-friends}","0","""default""","""none""","0"
"{citizen 14}","{citizen 21}","[85 0 170 100]","""""","9.9","false","{breed social-friends}","0","""default""","""none""","0"
"{citizen 14}","{citizen 22}","[85 0 170 100]","""""","9.9","false","{breed social-friends}","0","""default""","""none""","0"
"{citizen 14}","{citizen 23}","[85 0 170 100]","""""","9.9","false","{breed social-friends}","0","""default""","""none""","0"
"{citizen 14}","{citizen 24}","[85 0 170 100]","""""","9.9","false","{breed social-friends}","0","""default""","""none""","0"
"{citizen 14}","{citizen 25}","[85 0 170 100]","""""","9.9","false","{breed social-friends}","0","""default""","""none""","0"
"{citizen 14}","{citizen 26}","[85 0 170 100]","""""","9.9","false","{breed social-friends}","0","""default""","""none""","0"
"{citizen 14}","{citizen 27}","[85 0 170 100]","""""","9.9","false","{breed social-friends}","0","""default""","""none""","0"
"{citizen 14}","{citizen 28}","[85 0 170 100]","""""","9.9","false","{breed social-friends}","0","""default""","""none""","0"
"{citizen 14}","{citizen 29}","[85 0 170 100]","""""","9.9","false","{breed social-friends}","0","""default""","""none""","0"
"{citizen 14}","{citizen 30}","[85 0 170 100]","""""","9.9","false","{breed social-friends}","0","""default""","""none""","0"
"{citizen 14}","{citizen 31}","[85 0 170 100]","""""","9.9","false","{breed social-friends}","0","""default""","""none""","0"
"{citizen 14}","{citizen 32}","[85 0 170 100]","""""","9.9","false","{breed social-friends}","0","""default""","""none""","0"
"{citizen 14}","{citizen 33}","[85 0 170 100]","""""","9.9","false","{breed social-friends}","0","""default""","""none""","0"
"{citizen 14}","{citizen 34}","[85 0 170 100]","""""","9.9","false","{breed social-friends}","0","""default""","""none""","0"
"{citizen 14}","{citizen 35}","[85 0 170 100]","""""","9.9","false","{breed social-friends}","0","""default""","""none""","0"
"{citizen 14}","{citizen 36}","[85 0 170 100]","""""","9.9","false","{breed social-friends}","0","""default""","""none""","0"
"{citizen 14}","{citizen 37}","[85 0 170 100]","""""","9.9","false","{breed social-friends}","0","""default""","""none""","0"
"{citizen 14}","{citizen 38}","[85 0 170 100]","""""","9.9","false","{breed social-friends}","0","""default""","""none""","0"
"{citizen 14}","{citizen 39}","[85 0 170 100]","""""","9.9","false","{breed social-friends}","0","""default""","""none""","0"
"{citizen 14}","{citizen 40}","[85 0 170 100]","""""","9.9","false","{breed social-friends}","0","""default""","""none""","0"
"{citizen 14}","{citizen 41}","[85 0 170 100]","""""","9.9","false","{breed social-friends}","0","""default""","""none""","0"
"{citizen 14}","{citizen 42}","[85 0 170 100]","""""","9.9","false","{breed social-friends}","0","""default""","""none""","0"
"{citizen 14}","{citizen 43}","[85 0 170 100]","""""","9.9","false","{breed social-friends}","0","""default""","""none""","0"
"{citizen 14}","{citizen 44}","[85 0 170 100]","""""","9.9","false","{breed social-friends}","0","""default""","""none""","0"
"{citizen 14}","{citizen 45}","[85 0 170 100]","""""","9.9","false","{breed social-friends}","0","""default""","""none""","0"
"{citizen 14}","{citizen 46}","[85 0 170 100]","""""","9.9","false","{breed social-friends}","0","""default""","""none""","0"
"{citizen 14}","{citizen 47}","[85 0 170 100]","""""","9.9","false","{breed social-friends}","0","""default""","""none""","0"
"{citizen 14}","{citizen 48}","[85 0 170 100]","""""","9.9","false","{breed social-friends}","0","""default""","""none""","0"
"{citizen 14}","{citizen 49}","[85 0 170 100]","""""","9.9","false","{breed social-friends}","0","""default""","""none""","0"
"{citizen 15}","{citizen 0}","[85 0 170 100]","""""","9.9","false","{breed social-friends}","0","""default""","""none""","0"
"{citizen 15}","{citizen 1}","[85 0 170 100]","""""","9.9","false","{breed social-friends}","0","""default""","""none""","0"
"{citizen 15}","{citizen 2}","[85 0 170 100]","""""","9.9","false","{breed social-friends}","0","""default""","""none""","0"
"{citizen 15}","{citizen 3}","[85 0 170 100]","""""","9.9","false","{breed social-friends}","0","""default""","""none""","0"
"{citizen 15}","{citizen 4}","[85 0 170 100]","""""","9.9","false","{breed social-friends}","0","""default""","""none""","0"
"{citizen 15}","{citizen 5}","[85 0 170 100]","""""","9.9","false","{breed social-friends}","0","""default""","""none""","0"
"{citizen 15}","{citizen 6}","[85 0 170 100]","""""","9.9","false","{breed social-friends}","0","""default""","""none""","0"
"{citizen 15}","{citizen 7}","[85 0 170 100]","""""","9.9","false","{breed social-friends}","0","""default""","""none""","0"
"{citizen 15}","{citizen 8}","[85 0 170 100]","""""","9.9","false","{breed social-friends}","0","""default""","""none""","0"
"{citizen 15}","{citizen 9}","[85 0 170 100]","""""","9.9","false","{breed social-friends}","0","""default""","""none""","0"
"{citizen 15}","{citizen 10}","[85 0 170 100]","""""","9.9","false","{breed social-friends}","0","""default""","""none""","0"
"{citizen 15}","{citizen 11}","[85 0 170 100]","""""","9.9","false","{breed social-friends}","0","""default""","""none""","0"
"{citizen 15}","{citizen 12}","[85 0 170 100]","""""","9.9","false","{breed social-friends}","0","""default""","""none""","0"
"{citizen 15}","{citizen 13}","[85 0 170 100]","""""","9.9","false","{breed social-friends}","0","""default""","""none""","0"
"{citizen 15}","{citizen 14}","[85 0 170 100]","""""","9.9","false","{breed social-friends}","0","""default""","""none""","0"
"{citizen 15}","{citizen 16}","[85 0 170 100]","""""","9.9","false","{breed social-friends}","0","""default""","""none""","0"
"{citizen 15}","{citizen 17}","[85 0 170 100]","""""","9.9","false","{breed social-friends}","0","""default""","""none""","0"
"{citizen 15}","{citizen 18}","[85 0 170 100]","""""","9.9","false","{breed social-friends}","0","""default""","""none""","0"
"{citizen 15}","{citizen 19}","[85 0 170 100]","""""","9.9","false","{breed social-friends}","0","""default""","""none""","0"
"{citizen 15}","{citizen 20}","[85 0 170 100]","""""","9.9","false","{breed social-friends}","0","""default""","""none""","0"
"{citizen 15}","{citizen 21}","[85 0 170 100]","""""","9.9","false","{breed social-friends}","0","""default""","""none""","0"
"{citizen 15}","{citizen 22}","[85 0 170 100]","""""","9.9","false","{breed social-friends}","0","""default""","""none""","0"
"{citizen 15}","{citizen 23}","[85 0 170 100]","""""","9.9","false","{breed social-friends}","0","""default""","""none""","0"
"{citizen 15}","{citizen 24}","[85 0 170 100]","""""","9.9","false","{breed social-friends}","0","""default""","""none""","0"
"{citizen 15}","{citizen 25}","[85 0 170 100]","""""","9.9","false","{breed social-friends}","0","""default""","""none""","0"
"{citizen 15}","{citizen 26}","[85 0 170 100]","""""","9.9","false","{breed social-friends}","0","""default""","""none""","0"
"{citizen 15}","{citizen 27}","[85 0 170 100]","""""","9.9","false","{breed social-friends}","0","""default""","""none""","0"
"{citizen 15}","{citizen 28}","[85 0 170 100]","""""","9.9","false","{breed social-friends}","0","""default""","""none""","0"
"{citizen 15}","{citizen 29}","[85 0 170 100]","""""","9.9","false","{breed social-friends}","0","""default""","""none""","0"
"{citizen 15}","{citizen 30}","[85 0 170 100]","""""","9.9","false","{breed social-friends}","0","""default""","""none""","0"
"{citizen 15}","{citizen 31}","[85 0 170 100]","""""","9.9","false","{breed social-friends}","0","""default""","""none""","0"
"{citizen 15}","{citizen 32}","[85 0 170 100]","""""","9.9","false","{breed social-friends}","0","""default""","""none""","0"
"{citizen 15}","{citizen 33}","[85 0 170 100]","""""","9.9","false","{breed social-friends}","0","""default""","""none""","0"
"{citizen 15}","{citizen 34}","[85 0 170 100]","""""","9.9","false","{breed social-friends}","0","""default""","""none""","0"
"{citizen 15}","{citizen 35}","[85 0 170 100]","""""","9.9","false","{breed social-friends}","0","""default""","""none""","0"
"{citizen 15}","{citizen 36}","[85 0 170 100]","""""","9.9","false","{breed social-friends}","0","""default""","""none""","0"
"{citizen 15}","{citizen 37}","[85 0 170 100]","""""","9.9","false","{breed social-friends}","0","""default""","""none""","0"
"{citizen 15}","{citizen 38}","[85 0 170 100]","""""","9.9","false","{breed social-friends}","0","""default""","""none""","0"
"{citizen 15}","{citizen 39}","[85 0 170 100]","""""","9.9","false","{breed social-friends}","0","""default""","""none""","0"
"{citizen 15}","{citizen 40}","[85 0 170 100]","""""","9.9","false","{breed social-friends}","0","""default""","""none""","0"
"{citizen 15}","{citizen 41}","[85 0 170 100]","""""","9.9","false","{breed social-friends}","0","""default""","""none""","0"
"{citizen 15}","{citizen 42}","[85 0 170 100]","""""","9.9","false","{breed social-friends}","0","""default""","""none""","0"
"{citizen 15}","{citizen 43}","[85 0 170 100]","""""","9.9","false","{breed social-friends}","0","""default""","""none""","0"
"{citizen 15}","{citizen 44}","[85 0 170 100]","""""","9.9","false","{breed social-friends}","0","""default""","""none""","0"
"{citizen 15}","{citizen 45}","[85 0 170 100]","""""","9.9","false","{breed social-friends}","0","""default""","""none""","0"
"{citizen 15}","{citizen 46}","[85 0 170 100]","""""","9.9","false","{breed social-friends}","0","""default""","""none""","0"
"{citizen 15}","{citizen 47}","[85 0 170 100]","""""","9.9","false","{breed social-friends}","0","""default""","""none""","0"
"{citizen 15}","{citizen 48}","[85 0 170 100]","""""","9.9","false","{breed social-friends}","0","""default""","""none""","0"
"{citizen 15}","{citizen 49}","[85 0 170 100]","""""","9.9","false","{breed social-friends}","0","""default""","""none""","0"
"{citizen 16}","{citizen 0}","[85 0 170 100]","""""","9.9","false","{breed social-friends}","0","""default""","""none""","0"
"{citizen 16}","{citizen 1}","[85 0 170 100]","""""","9.9","false","{breed social-friends}","0","""default""","""none""","0"
"{citizen 16}","{citizen 2}","[85 0 170 100]","""""","9.9","false","{breed social-friends}","0","""default""","""none""","0"
"{citizen 16}","{citizen 3}","[85 0 170 100]","""""","9.9","false","{breed social-friends}","0","""default""","""none""","0"
"{citizen 16}","{citizen 4}","[85 0 170 100]","""""","9.9","false","{breed social-friends}","0","""default""","""none""","0"
"{citizen 16}","{citizen 5}","[85 0 170 100]","""""","9.9","false","{breed social-friends}","0","""default""","""none""","0"
"{citizen 16}","{citizen 6}","[85 0 170 100]","""""","9.9","false","{breed social-friends}","0","""default""","""none""","0"
"{citizen 16}","{citizen 7}","[85 0 170 100]","""""","9.9","false","{breed social-friends}","0","""default""","""none""","0"
"{citizen 16}","{citizen 8}","[85 0 170 100]","""""","9.9","false","{breed social-friends}","0","""default""","""none""","0"
"{citizen 16}","{citizen 9}","[85 0 170 100]","""""","9.9","false","{breed social-friends}","0","""default""","""none""","0"
"{citizen 16}","{citizen 10}","[85 0 170 100]","""""","9.9","false","{breed social-friends}","0","""default""","""none""","0"
"{citizen 16}","{citizen 11}","[85 0 170 100]","""""","9.9","false","{breed social-friends}","0","""default""","""none""","0"
"{citizen 16}","{citizen 12}","[85 0 170 100]","""""","9.9","false","{breed social-friends}","0","""default""","""none""","0"
"{citizen 16}","{citizen 13}","[85 0 170 100]","""""","9.9","false","{breed social-friends}","0","""default""","""none""","0"
"{citizen 16}","{citizen 14}","[85 0 170 100]","""""","9.9","false","{breed social-friends}","0","""default""","""none""","0"
"{citizen 16}","{citizen 15}","[85 0 170 100]","""""","9.9","false","{breed social-friends}","0","""default""","""none""","0"
"{citizen 16}","{citizen 17}","[85 0 170 100]","""""","9.9","false","{breed social-friends}","0","""default""","""none""","0"
"{citizen 16}","{citizen 18}","[85 0 170 100]","""""","9.9","false","{breed social-friends}","0","""default""","""none""","0"
"{citizen 16}","{citizen 19}","[85 0 170 100]","""""","9.9","false","{breed social-friends}","0","""default""","""none""","0"
"{citizen 16}","{citizen 20}","[85 0 170 100]","""""","9.9","false","{breed social-friends}","0","""default""","""none""","0"
"{citizen 16}","{citizen 21}","[85 0 170 100]","""""","9.9","false","{breed social-friends}","0","""default""","""none""","0"
"{citizen 16}","{citizen 22}","[85 0 170 100]","""""","9.9","false","{breed social-friends}","0","""default""","""none""","0"
"{citizen 16}","{citizen 23}","[85 0 170 100]","""""","9.9","false","{breed social-friends}","0","""default""","""none""","0"
"{citizen 16}","{citizen 24}","[85 0 170 100]","""""","9.9","false","{breed social-friends}","0","""default""","""none""","0"
"{citizen 16}","{citizen 25}","[85 0 170 100]","""""","9.9","false","{breed social-friends}","0","""default""","""none""","0"
"{citizen 16}","{citizen 26}","[85 0 170 100]","""""","9.9","false","{breed social-friends}","0","""default""","""none""","0"
"{citizen 16}","{citizen 27}","[85 0 170 100]","""""","9.9","false","{breed social-friends}","0","""default""","""none""","0"
"{citizen 16}","{citizen 28}","[85 0 170 100]","""""","9.9","false","{breed social-friends}","0","""default""","""none""","0"
"{citizen 16}","{citizen 29}","[85 0 170 100]","""""","9.9","false","{breed social-friends}","0","""default""","""none""","0"
"{citizen 16}","{citizen 30}","[85 0 170 100]","""""","9.9","false","{breed social-friends}","0","""default""","""none""","0"
"{citizen 16}","{citizen 31}","[85 0 170 100]","""""","9.9","false","{breed social-friends}","0","""default""","""none""","0"
"{citizen 16}","{citizen 32}","[85 0 170 100]","""""","9.9","false","{breed social-friends}","0","""default""","""none""","0"
"{citizen 16}","{citizen 33}","[85 0 170 100]","""""","9.9","false","{breed social-friends}","0","""default""","""none""","0"
"{citizen 16}","{citizen 34}","[85 0 170 100]","""""","9.9","false","{breed social-friends}","0","""default""","""none""","0"
"{citizen 16}","{citizen 35}","[85 0 170 100]","""""","9.9","false","{breed social-friends}","0","""default""","""none""","0"
"{citizen 16}","{citizen 36}","[85 0 170 100]","""""","9.9","false","{breed social-friends}","0","""default""","""none""","0"
"{citizen 16}","{citizen 37}","[85 0 170 100]","""""","9.9","false","{breed social-friends}","0","""default""","""none""","0"
"{citizen 16}","{citizen 38}","[85 0 170 100]","""""","9.9","false","{breed social-friends}","0","""default""","""none""","0"
"{citizen 16}","{citizen 39}","[85 0 170 100]","""""","9.9","false","{breed social-friends}","0","""default""","""none""","0"
"{citizen 16}","{citizen 40}","[85 0 170 100]","""""","9.9","false","{breed social-friends}","0","""default""","""none""","0"
"{citizen 16}","{citizen 41}","[85 0 170 100]","""""","9.9","false","{breed social-friends}","0","""default""","""none""","0"
"{citizen 16}","{citizen 42}","[85 0 170 100]","""""","9.9","false","{breed social-friends}","0","""default""","""none""","0"
"{citizen 16}","{citizen 43}","[85 0 170 100]","""""","9.9","false","{breed social-friends}","0","""default""","""none""","0"
"{citizen 16}","{citizen 44}","[85 0 170 100]","""""","9.9","false","{breed social-friends}","0","""default""","""none""","0"
"{citizen 16}","{citizen 45}","[85 0 170 100]","""""","9.9","false","{breed social-friends}","0","""default""","""none""","0"
"{citizen 16}","{citizen 46}","[85 0 170 100]","""""","9.9","false","{breed social-friends}","0","""default""","""none""","0"
"{citizen 16}","{citizen 47}","[85 0 170 100]","""""","9.9","false","{breed social-friends}","0","""default""","""none""","0"
"{citizen 16}","{citizen 48}","[85 0 170 100]","""""","9.9","false","{breed social-friends}","0","""default""","""none""","0"
"{citizen 16}","{citizen 49}","[85 0 170 100]","""""","9.9","false","{breed social-friends}","0","""default""","""none""","0"
"{citizen 17}","{citizen 0}","[85 0 170 100]","""""","9.9","false","{breed social-friends}","0","""default""","""none""","0"
"{citizen 17}","{citizen 1}","[85 0 170 100]","""""","9.9","false","{breed social-friends}","0","""default""","""none""","0"
"{citizen 17}","{citizen 2}","[85 0 170 100]","""""","9.9","false","{breed social-friends}","0","""default""","""none""","0"
"{citizen 17}","{citizen 3}","[85 0 170 100]","""""","9.9","false","{breed social-friends}","0","""default""","""none""","0"
"{citizen 17}","{citizen 4}","[85 0 170 100]","""""","9.9","false","{breed social-friends}","0","""default""","""none""","0"
"{citizen 17}","{citizen 5}","[85 0 170 100]","""""","9.9","false","{breed social-friends}","0","""default""","""none""","0"
"{citizen 17}","{citizen 6}","[85 0 170 100]","""""","9.9","false","{breed social-friends}","0","""default""","""none""","0"
"{citizen 17}","{citizen 7}","[85 0 170 100]","""""","9.9","false","{breed social-friends}","0","""default""","""none""","0"
"{citizen 17}","{citizen 8}","[85 0 170 100]","""""","9.9","false","{breed social-friends}","0","""default""","""none""","0"
"{citizen 17}","{citizen 9}","[85 0 170 100]","""""","9.9","false","{breed social-friends}","0","""default""","""none""","0"
"{citizen 17}","{citizen 10}","[85 0 170 100]","""""","9.9","false","{breed social-friends}","0","""default""","""none""","0"
"{citizen 17}","{citizen 11}","[85 0 170 100]","""""","9.9","false","{breed social-friends}","0","""default""","""none""","0"
"{citizen 17}","{citizen 12}","[85 0 170 100]","""""","9.9","false","{breed social-friends}","0","""default""","""none""","0"
"{citizen 17}","{citizen 13}","[85 0 170 100]","""""","9.9","false","{breed social-friends}","0","""default""","""none""","0"
"{citizen 17}","{citizen 14}","[85 0 170 100]","""""","9.9","false","{breed social-friends}","0","""default""","""none""","0"
"{citizen 17}","{citizen 15}","[85 0 170 100]","""""","9.9","false","{breed social-friends}","0","""default""","""none""","0"
"{citizen 17}","{citizen 16}","[85 0 170 100]","""""","9.9","false","{breed social-friends}","0","""default""","""none""","0"
"{citizen 17}","{citizen 18}","[85 0 170 100]","""""","9.9","false","{breed social-friends}","0","""default""","""none""","0"
"{citizen 17}","{citizen 19}","[85 0 170 100]","""""","9.9","false","{breed social-friends}","0","""default""","""none""","0"
"{citizen 17}","{citizen 20}","[85 0 170 100]","""""","9.9","false","{breed social-friends}","0","""default""","""none""","0"
"{citizen 17}","{citizen 21}","[85 0 170 100]","""""","9.9","false","{breed social-friends}","0","""default""","""none""","0"
"{citizen 17}","{citizen 22}","[85 0 170 100]","""""","9.9","false","{breed social-friends}","0","""default""","""none""","0"
"{citizen 17}","{citizen 23}","[85 0 170 100]","""""","9.9","false","{breed social-friends}","0","""default""","""none""","0"
"{citizen 17}","{citizen 24}","[85 0 170 100]","""""","9.9","false","{breed social-friends}","0","""default""","""none""","0"
"{citizen 17}","{citizen 25}","[85 0 170 100]","""""","9.9","false","{breed social-friends}","0","""default""","""none""","0"
"{citizen 17}","{citizen 26}","[85 0 170 100]","""""","9.9","false","{breed social-friends}","0","""default""","""none""","0"
"{citizen 17}","{citizen 27}","[85 0 170 100]","""""","9.9","false","{breed social-friends}","0","""default""","""none""","0"
"{citizen 17}","{citizen 28}","[85 0 170 100]","""""","9.9","false","{breed social-friends}","0","""default""","""none""","0"
"{citizen 17}","{citizen 29}","[85 0 170 100]","""""","9.9","false","{breed social-friends}","0","""default""","""none""","0"
"{citizen 17}","{citizen 30}","[85 0 170 100]","""""","9.9","false","{breed social-friends}","0","""default""","""none""","0"
"{citizen 17}","{citizen 31}","[85 0 170 100]","""""","9.9","false","{breed social-friends}","0","""default""","""none""","0"
"{citizen 17}","{citizen 32}","[85 0 170 100]","""""","9.9","false","{breed social-friends}","0","""default""","""none""","0"
"{citizen 17}","{citizen 33}","[85 0 170 100]","""""","9.9","false","{breed social-friends}","0","""default""","""none""","0"
"{citizen 17}","{citizen 34}","[85 0 170 100]","""""","9.9","false","{breed social-friends}","0","""default""","""none""","0"
"{citizen 17}","{citizen 35}","[85 0 170 100]","""""","9.9","false","{breed social-friends}","0","""default""","""none""","0"
"{citizen 17}","{citizen 36}","[85 0 170 100]","""""","9.9","false","{breed social-friends}","0","""default""","""none""","0"
"{citizen 17}","{citizen 37}","[85 0 170 100]","""""","9.9","false","{breed social-friends}","0","""default""","""none""","0"
"{citizen 17}","{citizen 38}","[85 0 170 100]","""""","9.9","false","{breed social-friends}","0","""default""","""none""","0"
"{citizen 17}","{citizen 39}","[85 0 170 100]","""""","9.9","false","{breed social-friends}","0","""default""","""none""","0"
"{citizen 17}","{citizen 40}","[85 0 170 100]","""""","9.9","false","{breed social-friends}","0","""default""","""none""","0"
"{citizen 17}","{citizen 41}","[85 0 170 100]","""""","9.9","false","{breed social-friends}","0","""default""","""none""","0"
"{citizen 17}","{citizen 42}","[85 0 170 100]","""""","9.9","false","{breed social-friends}","0","""default""","""none""","0"
"{citizen 17}","{citizen 43}","[85 0 170 100]","""""","9.9","false","{breed social-friends}","0","""default""","""none""","0"
"{citizen 17}","{citizen 44}","[85 0 170 100]","""""","9.9","false","{breed social-friends}","0","""default""","""none""","0"
"{citizen 17}","{citizen 45}","[85 0 170 100]","""""","9.9","false","{breed social-friends}","0","""default""","""none""","0"
"{citizen 17}","{citizen 46}","[85 0 170 100]","""""","9.9","false","{breed social-friends}","0","""default""","""none""","0"
"{citizen 17}","{citizen 47}","[85 0 170 100]","""""","9.9","false","{breed social-friends}","0","""default""","""none""","0"
"{citizen 17}","{citizen 48}","[85 0 170 100]","""""","9.9","false","{breed social-friends}","0","""default""","""none""","0"
"{citizen 17}","{citizen 49}","[85 0 170 100]","""""","9.9","false","{breed social-friends}","0","""default""","""none""","0"
"{citizen 18}","{citizen 0}","[85 0 170 100]","""""","9.9","false","{breed social-friends}","0","""default""","""none""","0"
"{citizen 18}","{citizen 1}","[85 0 170 100]","""""","9.9","false","{breed social-friends}","0","""default""","""none""","0"
"{citizen 18}","{citizen 2}","[85 0 170 100]","""""","9.9","false","{breed social-friends}","0","""default""","""none""","0"
"{citizen 18}","{citizen 3}","[85 0 170 100]","""""","9.9","false","{breed social-friends}","0","""default""","""none""","0"
"{citizen 18}","{citizen 4}","[85 0 170 100]","""""","9.9","false","{breed social-friends}","0","""default""","""none""","0"
"{citizen 18}","{citizen 5}","[85 0 170 100]","""""","9.9","false","{breed social-friends}","0","""default""","""none""","0"
"{citizen 18}","{citizen 6}","[85 0 170 100]","""""","9.9","false","{breed social-friends}","0","""default""","""none""","0"
"{citizen 18}","{citizen 7}","[85 0 170 100]","""""","9.9","false","{breed social-friends}","0","""default""","""none""","0"
"{citizen 18}","{citizen 8}","[85 0 170 100]","""""","9.9","false","{breed social-friends}","0","""default""","""none""","0"
"{citizen 18}","{citizen 9}","[85 0 170 100]","""""","9.9","false","{breed social-friends}","0","""default""","""none""","0"
"{citizen 18}","{citizen 10}","[85 0 170 100]","""""","9.9","false","{breed social-friends}","0","""default""","""none""","0"
"{citizen 18}","{citizen 11}","[85 0 170 100]","""""","9.9","false","{breed social-friends}","0","""default""","""none""","0"
"{citizen 18}","{citizen 12}","[85 0 170 100]","""""","9.9","false","{breed social-friends}","0","""default""","""none""","0"
"{citizen 18}","{citizen 13}","[85 0 170 100]","""""","9.9","false","{breed social-friends}","0","""default""","""none""","0"
"{citizen 18}","{citizen 14}","[85 0 170 100]","""""","9.9","false","{breed social-friends}","0","""default""","""none""","0"
"{citizen 18}","{citizen 15}","[85 0 170 100]","""""","9.9","false","{breed social-friends}","0","""default""","""none""","0"
"{citizen 18}","{citizen 16}","[85 0 170 100]","""""","9.9","false","{breed social-friends}","0","""default""","""none""","0"
"{citizen 18}","{citizen 17}","[85 0 170 100]","""""","9.9","false","{breed social-friends}","0","""default""","""none""","0"
"{citizen 18}","{citizen 19}","[85 0 170 100]","""""","9.9","false","{breed social-friends}","0","""default""","""none""","0"
"{citizen 18}","{citizen 20}","[85 0 170 100]","""""","9.9","false","{breed social-friends}","0","""default""","""none""","0"
"{citizen 18}","{citizen 21}","[85 0 170 100]","""""","9.9","false","{breed social-friends}","0","""default""","""none""","0"
"{citizen 18}","{citizen 22}","[85 0 170 100]","""""","9.9","false","{breed social-friends}","0","""default""","""none""","0"
"{citizen 18}","{citizen 23}","[85 0 170 100]","""""","9.9","false","{breed social-friends}","0","""default""","""none""","0"
"{citizen 18}","{citizen 24}","[85 0 170 100]","""""","9.9","false","{breed social-friends}","0","""default""","""none""","0"
"{citizen 18}","{citizen 25}","[85 0 170 100]","""""","9.9","false","{breed social-friends}","0","""default""","""none""","0"
"{citizen 18}","{citizen 26}","[85 0 170 100]","""""","9.9","false","{breed social-friends}","0","""default""","""none""","0"
"{citizen 18}","{citizen 27}","[85 0 170 100]","""""","9.9","false","{breed social-friends}","0","""default""","""none""","0"
"{citizen 18}","{citizen 28}","[85 0 170 100]","""""","9.9","false","{breed social-friends}","0","""default""","""none""","0"
"{citizen 18}","{citizen 29}","[85 0 170 100]","""""","9.9","false","{breed social-friends}","0","""default""","""none""","0"
"{citizen 18}","{citizen 30}","[85 0 170 100]","""""","9.9","false","{breed social-friends}","0","""default""","""none""","0"
"{citizen 18}","{citizen 31}","[85 0 170 100]","""""","9.9","false","{breed social-friends}","0","""default""","""none""","0"
"{citizen 18}","{citizen 32}","[85 0 170 100]","""""","9.9","false","{breed social-friends}","0","""default""","""none""","0"
"{citizen 18}","{citizen 33}","[85 0 170 100]","""""","9.9","false","{breed social-friends}","0","""default""","""none""","0"
"{citizen 18}","{citizen 34}","[85 0 170 100]","""""","9.9","false","{breed social-friends}","0","""default""","""none""","0"
"{citizen 18}","{citizen 35}","[85 0 170 100]","""""","9.9","false","{breed social-friends}","0","""default""","""none""","0"
"{citizen 18}","{citizen 36}","[85 0 170 100]","""""","9.9","false","{breed social-friends}","0","""default""","""none""","0"
"{citizen 18}","{citizen 37}","[85 0 170 100]","""""","9.9","false","{breed social-friends}","0","""default""","""none""","0"
"{citizen 18}","{citizen 38}","[85 0 170 100]","""""","9.9","false","{breed social-friends}","0","""default""","""none""","0"
"{citizen 18}","{citizen 39}","[85 0 170 100]","""""","9.9","false","{breed social-friends}","0","""default""","""none""","0"
"{citizen 18}","{citizen 40}","[85 0 170 100]","""""","9.9","false","{breed social-friends}","0","""default""","""none""","0"
"{citizen 18}","{citizen 41}","[85 0 170 100]","""""","9.9","false","{breed social-friends}","0","""default""","""none""","0"
"{citizen 18}","{citizen 42}","[85 0 170 100]","""""","9.9","false","{breed social-friends}","0","""default""","""none""","0"
"{citizen 18}","{citizen 43}","[85 0 170 100]","""""","9.9","false","{breed social-friends}","0","""default""","""none""","0"
"{citizen 18}","{citizen 44}","[85 0 170 100]","""""","9.9","false","{breed social-friends}","0","""default""","""none""","0"
"{citizen 18}","{citizen 45}","[85 0 170 100]","""""","9.9","false","{breed social-friends}","0","""default""","""none""","0"
"{citizen 18}","{citizen 46}","[85 0 170 100]","""""","9.9","false","{breed social-friends}","0","""default""","""none""","0"
"{citizen 18}","{citizen 47}","[85 0 170 100]","""""","9.9","false","{breed social-friends}","0","""default""","""none""","0"
"{citizen 18}","{citizen 48}","[85 0 170 100]","""""","9.9","false","{breed social-friends}","0","""default""","""none""","0"
"{citizen 18}","{citizen 49}","[85 0 170 100]","""""","9.9","false","{breed social-friends}","0","""default""","""none""","0"
"{citizen 19}","{citizen 0}","[85 0 170 100]","""""","9.9","false","{breed social-friends}","0","""default""","""none""","0"
"{citizen 19}","{citizen 1}","[85 0 170 100]","""""","9.9","false","{breed social-friends}","0","""default""","""none""","0"
"{citizen 19}","{citizen 2}","[85 0 170 100]","""""","9.9","false","{breed social-friends}","0","""default""","""none""","0"
"{citizen 19}","{citizen 3}","[85 0 170 100]","""""","9.9","false","{breed social-friends}","0","""default""","""none""","0"
"{citizen 19}","{citizen 4}","[85 0 170 100]","""""","9.9","false","{breed social-friends}","0","""default""","""none""","0"
"{citizen 19}","{citizen 5}","[85 0 170 100]","""""","9.9","false","{breed social-friends}","0","""default""","""none""","0"
"{citizen 19}","{citizen 6}","[85 0 170 100]","""""","9.9","false","{breed social-friends}","0","""default""","""none""","0"
"{citizen 19}","{citizen 7}","[85 0 170 100]","""""","9.9","false","{breed social-friends}","0","""default""","""none""","0"
"{citizen 19}","{citizen 8}","[85 0 170 100]","""""","9.9","false","{breed social-friends}","0","""default""","""none""","0"
"{citizen 19}","{citizen 9}","[85 0 170 100]","""""","9.9","false","{breed social-friends}","0","""default""","""none""","0"
"{citizen 19}","{citizen 10}","[85 0 170 100]","""""","9.9","false","{breed social-friends}","0","""default""","""none""","0"
"{citizen 19}","{citizen 11}","[85 0 170 100]","""""","9.9","false","{breed social-friends}","0","""default""","""none""","0"
"{citizen 19}","{citizen 12}","[85 0 170 100]","""""","9.9","false","{breed social-friends}","0","""default""","""none""","0"
"{citizen 19}","{citizen 13}","[85 0 170 100]","""""","9.9","false","{breed social-friends}","0","""default""","""none""","0"
"{citizen 19}","{citizen 14}","[85 0 170 100]","""""","9.9","false","{breed social-friends}","0","""default""","""none""","0"
"{citizen 19}","{citizen 15}","[85 0 170 100]","""""","9.9","false","{breed social-friends}","0","""default""","""none""","0"
"{citizen 19}","{citizen 16}","[85 0 170 100]","""""","9.9","false","{breed social-friends}","0","""default""","""none""","0"
"{citizen 19}","{citizen 17}","[85 0 170 100]","""""","9.9","false","{breed social-friends}","0","""default""","""none""","0"
"{citizen 19}","{citizen 18}","[85 0 170 100]","""""","9.9","false","{breed social-friends}","0","""default""","""none""","0"
"{citizen 19}","{citizen 20}","[85 0 170 100]","""""","9.9","false","{breed social-friends}","0","""default""","""none""","0"
"{citizen 19}","{citizen 21}","[85 0 170 100]","""""","9.9","false","{breed social-friends}","0","""default""","""none""","0"
"{citizen 19}","{citizen 22}","[85 0 170 100]","""""","9.9","false","{breed social-friends}","0","""default""","""none""","0"
"{citizen 19}","{citizen 23}","[85 0 170 100]","""""","9.9","false","{breed social-friends}","0","""default""","""none""","0"
"{citizen 19}","{citizen 24}","[85 0 170 100]","""""","9.9","false","{breed social-friends}","0","""default""","""none""","0"
"{citizen 19}","{citizen 25}","[85 0 170 100]","""""","9.9","false","{breed social-friends}","0","""default""","""none""","0"
"{citizen 19}","{citizen 26}","[85 0 170 100]","""""","9.9","false","{breed social-friends}","0","""default""","""none""","0"
"{citizen 19}","{citizen 27}","[85 0 170 100]","""""","9.9","false","{breed social-friends}","0","""default""","""none""","0"
"{citizen 19}","{citizen 28}","[85 0 170 100]","""""","9.9","false","{breed social-friends}","0","""default""","""none""","0"
"{citizen 19}","{citizen 29}","[85 0 170 100]","""""","9.9","false","{breed social-friends}","0","""default""","""none""","0"
"{citizen 19}","{citizen 30}","[85 0 170 100]","""""","9.9","false","{breed social-friends}","0","""default""","""none""","0"
"{citizen 19}","{citizen 31}","[85 0 170 100]","""""","9.9","false","{breed social-friends}","0","""default""","""none""","0"
"{citizen 19}","{citizen 32}","[85 0 170 100]","""""","9.9","false","{breed social-friends}","0","""default""","""none""","0"
"{citizen 19}","{citizen 33}","[85 0 170 100]","""""","9.9","false","{breed social-friends}","0","""default""","""none""","0"
"{citizen 19}","{citizen 34}","[85 0 170 100]","""""","9.9","false","{breed social-friends}","0","""default""","""none""","0"
"{citizen 19}","{citizen 35}","[85 0 170 100]","""""","9.9","false","{breed social-friends}","0","""default""","""none""","0"
"{citizen 19}","{citizen 36}","[85 0 170 100]","""""","9.9","false","{breed social-friends}","0","""default""","""none""","0"
"{citizen 19}","{citizen 37}","[85 0 170 100]","""""","9.9","false","{breed social-friends}","0","""default""","""none""","0"
"{citizen 19}","{citizen 38}","[85 0 170 100]","""""","9.9","false","{breed social-friends}","0","""default""","""none""","0"
"{citizen 19}","{citizen 39}","[85 0 170 100]","""""","9.9","false","{breed social-friends}","0","""default""","""none""","0"
"{citizen 19}","{citizen 40}","[85 0 170 100]","""""","9.9","false","{breed social-friends}","0","""default""","""none""","0"
"{citizen 19}","{citizen 41}","[85 0 170 100]","""""","9.9","false","{breed social-friends}","0","""default""","""none""","0"
"{citizen 19}","{citizen 42}","[85 0 170 100]","""""","9.9","false","{breed social-friends}","0","""default""","""none""","0"
"{citizen 19}","{citizen 43}","[85 0 170 100]","""""","9.9","false","{breed social-friends}","0","""default""","""none""","0"
"{citizen 19}","{citizen 44}","[85 0 170 100]","""""","9.9","false","{breed social-friends}","0","""default""","""none""","0"
"{citizen 19}","{citizen 45}","[85 0 170 100]","""""","9.9","false","{breed social-friends}","0","""default""","""none""","0"
"{citizen 19}","{citizen 46}","[85 0 170 100]","""""","9.9","false","{breed social-friends}","0","""default""","""none""","0"
"{citizen 19}","{citizen 47}","[85 0 170 100]","""""","9.9","false","{breed social-friends}","0","""default""","""none""","0"
"{citizen 19}","{citizen 48}","[85 0 170 100]","""""","9.9","false","{breed social-friends}","0","""default""","""none""","0"
"{citizen 19}","{citizen 49}","[85 0 170 100]","""""","9.9","false","{breed social-friends}","0","""default""","""none""","0"
"{citizen 20}","{citizen 0}","[85 0 170 100]","""""","9.9","false","{breed social-friends}","0","""default""","""none""","0"
"{citizen 20}","{citizen 1}","[85 0 170 100]","""""","9.9","false","{breed social-friends}","0","""default""","""none""","0"
"{citizen 20}","{citizen 2}","[85 0 170 100]","""""","9.9","false","{breed social-friends}","0","""default""","""none""","0"
"{citizen 20}","{citizen 3}","[85 0 170 100]","""""","9.9","false","{breed social-friends}","0","""default""","""none""","0"
"{citizen 20}","{citizen 4}","[85 0 170 100]","""""","9.9","false","{breed social-friends}","0","""default""","""none""","0"
"{citizen 20}","{citizen 5}","[85 0 170 100]","""""","9.9","false","{breed social-friends}","0","""default""","""none""","0"
"{citizen 20}","{citizen 6}","[85 0 170 100]","""""","9.9","false","{breed social-friends}","0","""default""","""none""","0"
"{citizen 20}","{citizen 7}","[85 0 170 100]","""""","9.9","false","{breed social-friends}","0","""default""","""none""","0"
"{citizen 20}","{citizen 8}","[85 0 170 100]","""""","9.9","false","{breed social-friends}","0","""default""","""none""","0"
"{citizen 20}","{citizen 9}","[85 0 170 100]","""""","9.9","false","{breed social-friends}","0","""default""","""none""","0"
"{citizen 20}","{citizen 10}","[85 0 170 100]","""""","9.9","false","{breed social-friends}","0","""default""","""none""","0"
"{citizen 20}","{citizen 11}","[85 0 170 100]","""""","9.9","false","{breed social-friends}","0","""default""","""none""","0"
"{citizen 20}","{citizen 12}","[85 0 170 100]","""""","9.9","false","{breed social-friends}","0","""default""","""none""","0"
"{citizen 20}","{citizen 13}","[85 0 170 100]","""""","9.9","false","{breed social-friends}","0","""default""","""none""","0"
"{citizen 20}","{citizen 14}","[85 0 170 100]","""""","9.9","false","{breed social-friends}","0","""default""","""none""","0"
"{citizen 20}","{citizen 15}","[85 0 170 100]","""""","9.9","false","{breed social-friends}","0","""default""","""none""","0"
"{citizen 20}","{citizen 16}","[85 0 170 100]","""""","9.9","false","{breed social-friends}","0","""default""","""none""","0"
"{citizen 20}","{citizen 17}","[85 0 170 100]","""""","9.9","false","{breed social-friends}","0","""default""","""none""","0"
"{citizen 20}","{citizen 18}","[85 0 170 100]","""""","9.9","false","{breed social-friends}","0","""default""","""none""","0"
"{citizen 20}","{citizen 19}","[85 0 170 100]","""""","9.9","false","{breed social-friends}","0","""default""","""none""","0"
"{citizen 20}","{citizen 21}","[85 0 170 100]","""""","9.9","false","{breed social-friends}","0","""default""","""none""","0"
"{citizen 20}","{citizen 22}","[85 0 170 100]","""""","9.9","false","{breed social-friends}","0","""default""","""none""","0"
"{citizen 20}","{citizen 23}","[85 0 170 100]","""""","9.9","false","{breed social-friends}","0","""default""","""none""","0"
"{citizen 20}","{citizen 24}","[85 0 170 100]","""""","9.9","false","{breed social-friends}","0","""default""","""none""","0"
"{citizen 20}","{citizen 25}","[85 0 170 100]","""""","9.9","false","{breed social-friends}","0","""default""","""none""","0"
"{citizen 20}","{citizen 26}","[85 0 170 100]","""""","9.9","false","{breed social-friends}","0","""default""","""none""","0"
"{citizen 20}","{citizen 27}","[85 0 170 100]","""""","9.9","false","{breed social-friends}","0","""default""","""none""","0"
"{citizen 20}","{citizen 28}","[85 0 170 100]","""""","9.9","false","{breed social-friends}","0","""default""","""none""","0"
"{citizen 20}","{citizen 29}","[85 0 170 100]","""""","9.9","false","{breed social-friends}","0","""default""","""none""","0"
"{citizen 20}","{citizen 30}","[85 0 170 100]","""""","9.9","false","{breed social-friends}","0","""default""","""none""","0"
"{citizen 20}","{citizen 31}","[85 0 170 100]","""""","9.9","false","{breed social-friends}","0","""default""","""none""","0"
"{citizen 20}","{citizen 32}","[85 0 170 100]","""""","9.9","false","{breed social-friends}","0","""default""","""none""","0"
"{citizen 20}","{citizen 33}","[85 0 170 100]","""""","9.9","false","{breed social-friends}","0","""default""","""none""","0"
"{citizen 20}","{citizen 34}","[85 0 170 100]","""""","9.9","false","{breed social-friends}","0","""default""","""none""","0"
"{citizen 20}","{citizen 35}","[85 0 170 100]","""""","9.9","false","{breed social-friends}","0","""default""","""none""","0"
"{citizen 20}","{citizen 36}","[85 0 170 100]","""""","9.9","false","{breed social-friends}","0","""default""","""none""","0"
"{citizen 20}","{citizen 37}","[85 0 170 100]","""""","9.9","false","{breed social-friends}","0","""default""","""none""","0"
"{citizen 20}","{citizen 38}","[85 0 170 100]","""""","9.9","false","{breed social-friends}","0","""default""","""none""","0"
"{citizen 20}","{citizen 39}","[85 0 170 100]","""""","9.9","false","{breed social-friends}","0","""default""","""none""","0"
"{citizen 20}","{citizen 40}","[85 0 170 100]","""""","9.9","false","{breed social-friends}","0","""default""","""none""","0"
"{citizen 20}","{citizen 41}","[85 0 170 100]","""""","9.9","false","{breed social-friends}","0","""default""","""none""","0"
"{citizen 20}","{citizen 42}","[85 0 170 100]","""""","9.9","false","{breed social-friends}","0","""default""","""none""","0"
"{citizen 20}","{citizen 43}","[85 0 170 100]","""""","9.9","false","{breed social-friends}","0","""default""","""none""","0"
"{citizen 20}","{citizen 44}","[85 0 170 100]","""""","9.9","false","{breed social-friends}","0","""default""","""none""","0"
"{citizen 20}","{citizen 45}","[85 0 170 100]","""""","9.9","false","{breed social-friends}","0","""default""","""none""","0"
"{citizen 20}","{citizen 46}","[85 0 170 100]","""""","9.9","false","{breed social-friends}","0","""default""","""none""","0"
"{citizen 20}","{citizen 47}","[85 0 170 100]","""""","9.9","false","{breed social-friends}","0","""default""","""none""","0"
"{citizen 20}","{citizen 48}","[85 0 170 100]","""""","9.9","false","{breed social-friends}","0","""default""","""none""","0"
"{citizen 20}","{citizen 49}","[85 0 170 100]","""""","9.9","false","{breed social-friends}","0","""default""","""none""","0"
"{citizen 21}","{citizen 0}","[85 0 170 100]","""""","9.9","false","{breed social-friends}","0","""default""","""none""","0"
"{citizen 21}","{citizen 1}","[85 0 170 100]","""""","9.9","false","{breed social-friends}","0","""default""","""none""","0"
"{citizen 21}","{citizen 2}","[85 0 170 100]","""""","9.9","false","{breed social-friends}","0","""default""","""none""","0"
"{citizen 21}","{citizen 3}","[85 0 170 100]","""""","9.9","false","{breed social-friends}","0","""default""","""none""","0"
"{citizen 21}","{citizen 4}","[85 0 170 100]","""""","9.9","false","{breed social-friends}","0","""default""","""none""","0"
"{citizen 21}","{citizen 5}","[85 0 170 100]","""""","9.9","false","{breed social-friends}","0","""default""","""none""","0"
"{citizen 21}","{citizen 6}","[85 0 170 100]","""""","9.9","false","{breed social-friends}","0","""default""","""none""","0"
"{citizen 21}","{citizen 7}","[85 0 170 100]","""""","9.9","false","{breed social-friends}","0","""default""","""none""","0"
"{citizen 21}","{citizen 8}","[85 0 170 100]","""""","9.9","false","{breed social-friends}","0","""default""","""none""","0"
"{citizen 21}","{citizen 9}","[85 0 170 100]","""""","9.9","false","{breed social-friends}","0","""default""","""none""","0"
"{citizen 21}","{citizen 10}","[85 0 170 100]","""""","9.9","false","{breed social-friends}","0","""default""","""none""","0"
"{citizen 21}","{citizen 11}","[85 0 170 100]","""""","9.9","false","{breed social-friends}","0","""default""","""none""","0"
"{citizen 21}","{citizen 12}","[85 0 170 100]","""""","9.9","false","{breed social-friends}","0","""default""","""none""","0"
"{citizen 21}","{citizen 13}","[85 0 170 100]","""""","9.9","false","{breed social-friends}","0","""default""","""none""","0"
"{citizen 21}","{citizen 14}","[85 0 170 100]","""""","9.9","false","{breed social-friends}","0","""default""","""none""","0"
"{citizen 21}","{citizen 15}","[85 0 170 100]","""""","9.9","false","{breed social-friends}","0","""default""","""none""","0"
"{citizen 21}","{citizen 16}","[85 0 170 100]","""""","9.9","false","{breed social-friends}","0","""default""","""none""","0"
"{citizen 21}","{citizen 17}","[85 0 170 100]","""""","9.9","false","{breed social-friends}","0","""default""","""none""","0"
"{citizen 21}","{citizen 18}","[85 0 170 100]","""""","9.9","false","{breed social-friends}","0","""default""","""none""","0"
"{citizen 21}","{citizen 19}","[85 0 170 100]","""""","9.9","false","{breed social-friends}","0","""default""","""none""","0"
"{citizen 21}","{citizen 20}","[85 0 170 100]","""""","9.9","false","{breed social-friends}","0","""default""","""none""","0"
"{citizen 21}","{citizen 22}","[85 0 170 100]","""""","9.9","false","{breed social-friends}","0","""default""","""none""","0"
"{citizen 21}","{citizen 23}","[85 0 170 100]","""""","9.9","false","{breed social-friends}","0","""default""","""none""","0"
"{citizen 21}","{citizen 24}","[85 0 170 100]","""""","9.9","false","{breed social-friends}","0","""default""","""none""","0"
"{citizen 21}","{citizen 25}","[85 0 170 100]","""""","9.9","false","{breed social-friends}","0","""default""","""none""","0"
"{citizen 21}","{citizen 26}","[85 0 170 100]","""""","9.9","false","{breed social-friends}","0","""default""","""none""","0"
"{citizen 21}","{citizen 27}","[85 0 170 100]","""""","9.9","false","{breed social-friends}","0","""default""","""none""","0"
"{citizen 21}","{citizen 28}","[85 0 170 100]","""""","9.9","false","{breed social-friends}","0","""default""","""none""","0"
"{citizen 21}","{citizen 29}","[85 0 170 100]","""""","9.9","false","{breed social-friends}","0","""default""","""none""","0"
"{citizen 21}","{citizen 30}","[85 0 170 100]","""""","9.9","false","{breed social-friends}","0","""default""","""none""","0"
"{citizen 21}","{citizen 31}","[85 0 170 100]","""""","9.9","false","{breed social-friends}","0","""default""","""none""","0"
"{citizen 21}","{citizen 32}","[85 0 170 100]","""""","9.9","false","{breed social-friends}","0","""default""","""none""","0"
"{citizen 21}","{citizen 33}","[85 0 170 100]","""""","9.9","false","{breed social-friends}","0","""default""","""none""","0"
"{citizen 21}","{citizen 34}","[85 0 170 100]","""""","9.9","false","{breed social-friends}","0","""default""","""none""","0"
"{citizen 21}","{citizen 35}","[85 0 170 100]","""""","9.9","false","{breed social-friends}","0","""default""","""none""","0"
"{citizen 21}","{citizen 36}","[85 0 170 100]","""""","9.9","false","{breed social-friends}","0","""default""","""none""","0"
"{citizen 21}","{citizen 37}","[85 0 170 100]","""""","9.9","false","{breed social-friends}","0","""default""","""none""","0"
"{citizen 21}","{citizen 38}","[85 0 170 100]","""""","9.9","false","{breed social-friends}","0","""default""","""none""","0"
"{citizen 21}","{citizen 39}","[85 0 170 100]","""""","9.9","false","{breed social-friends}","0","""default""","""none""","0"
"{citizen 21}","{citizen 40}","[85 0 170 100]","""""","9.9","false","{breed social-friends}","0","""default""","""none""","0"
"{citizen 21}","{citizen 41}","[85 0 170 100]","""""","9.9","false","{breed social-friends}","0","""default""","""none""","0"
"{citizen 21}","{citizen 42}","[85 0 170 100]","""""","9.9","false","{breed social-friends}","0","""default""","""none""","0"
"{citizen 21}","{citizen 43}","[85 0 170 100]","""""","9.9","false","{breed social-friends}","0","""default""","""none""","0"
"{citizen 21}","{citizen 44}","[85 0 170 100]","""""","9.9","false","{breed social-friends}","0","""default""","""none""","0"
"{citizen 21}","{citizen 45}","[85 0 170 100]","""""","9.9","false","{breed social-friends}","0","""default""","""none""","0"
"{citizen 21}","{citizen 46}","[85 0 170 100]","""""","9.9","false","{breed social-friends}","0","""default""","""none""","0"
"{citizen 21}","{citizen 47}","[85 0 170 100]","""""","9.9","false","{breed social-friends}","0","""default""","""none""","0"
"{citizen 21}","{citizen 48}","[85 0 170 100]","""""","9.9","false","{breed social-friends}","0","""default""","""none""","0"
"{citizen 21}","{citizen 49}","[85 0 170 100]","""""","9.9","false","{breed social-friends}","0","""default""","""none""","0"
"{citizen 22}","{citizen 0}","[85 0 170 100]","""""","9.9","false","{breed social-friends}","0","""default""","""none""","0"
"{citizen 22}","{citizen 1}","[85 0 170 100]","""""","9.9","false","{breed social-friends}","0","""default""","""none""","0"
"{citizen 22}","{citizen 2}","[85 0 170 100]","""""","9.9","false","{breed social-friends}","0","""default""","""none""","0"
"{citizen 22}","{citizen 3}","[85 0 170 100]","""""","9.9","false","{breed social-friends}","0","""default""","""none""","0"
"{citizen 22}","{citizen 4}","[85 0 170 100]","""""","9.9","false","{breed social-friends}","0","""default""","""none""","0"
"{citizen 22}","{citizen 5}","[85 0 170 100]","""""","9.9","false","{breed social-friends}","0","""default""","""none""","0"
"{citizen 22}","{citizen 6}","[85 0 170 100]","""""","9.9","false","{breed social-friends}","0","""default""","""none""","0"
"{citizen 22}","{citizen 7}","[85 0 170 100]","""""","9.9","false","{breed social-friends}","0","""default""","""none""","0"
"{citizen 22}","{citizen 8}","[85 0 170 100]","""""","9.9","false","{breed social-friends}","0","""default""","""none""","0"
"{citizen 22}","{citizen 9}","[85 0 170 100]","""""","9.9","false","{breed social-friends}","0","""default""","""none""","0"
"{citizen 22}","{citizen 10}","[85 0 170 100]","""""","9.9","false","{breed social-friends}","0","""default""","""none""","0"
"{citizen 22}","{citizen 11}","[85 0 170 100]","""""","9.9","false","{breed social-friends}","0","""default""","""none""","0"
"{citizen 22}","{citizen 12}","[85 0 170 100]","""""","9.9","false","{breed social-friends}","0","""default""","""none""","0"
"{citizen 22}","{citizen 13}","[85 0 170 100]","""""","9.9","false","{breed social-friends}","0","""default""","""none""","0"
"{citizen 22}","{citizen 14}","[85 0 170 100]","""""","9.9","false","{breed social-friends}","0","""default""","""none""","0"
"{citizen 22}","{citizen 15}","[85 0 170 100]","""""","9.9","false","{breed social-friends}","0","""default""","""none""","0"
"{citizen 22}","{citizen 16}","[85 0 170 100]","""""","9.9","false","{breed social-friends}","0","""default""","""none""","0"
"{citizen 22}","{citizen 17}","[85 0 170 100]","""""","9.9","false","{breed social-friends}","0","""default""","""none""","0"
"{citizen 22}","{citizen 18}","[85 0 170 100]","""""","9.9","false","{breed social-friends}","0","""default""","""none""","0"
"{citizen 22}","{citizen 19}","[85 0 170 100]","""""","9.9","false","{breed social-friends}","0","""default""","""none""","0"
"{citizen 22}","{citizen 20}","[85 0 170 100]","""""","9.9","false","{breed social-friends}","0","""default""","""none""","0"
"{citizen 22}","{citizen 21}","[85 0 170 100]","""""","9.9","false","{breed social-friends}","0","""default""","""none""","0"
"{citizen 22}","{citizen 23}","[85 0 170 100]","""""","9.9","false","{breed social-friends}","0","""default""","""none""","0"
"{citizen 22}","{citizen 24}","[85 0 170 100]","""""","9.9","false","{breed social-friends}","0","""default""","""none""","0"
"{citizen 22}","{citizen 25}","[85 0 170 100]","""""","9.9","false","{breed social-friends}","0","""default""","""none""","0"
"{citizen 22}","{citizen 26}","[85 0 170 100]","""""","9.9","false","{breed social-friends}","0","""default""","""none""","0"
"{citizen 22}","{citizen 27}","[85 0 170 100]","""""","9.9","false","{breed social-friends}","0","""default""","""none""","0"
"{citizen 22}","{citizen 28}","[85 0 170 100]","""""","9.9","false","{breed social-friends}","0","""default""","""none""","0"
"{citizen 22}","{citizen 29}","[85 0 170 100]","""""","9.9","false","{breed social-friends}","0","""default""","""none""","0"
"{citizen 22}","{citizen 30}","[85 0 170 100]","""""","9.9","false","{breed social-friends}","0","""default""","""none""","0"
"{citizen 22}","{citizen 31}","[85 0 170 100]","""""","9.9","false","{breed social-friends}","0","""default""","""none""","0"
"{citizen 22}","{citizen 32}","[85 0 170 100]","""""","9.9","false","{breed social-friends}","0","""default""","""none""","0"
"{citizen 22}","{citizen 33}","[85 0 170 100]","""""","9.9","false","{breed social-friends}","0","""default""","""none""","0"
"{citizen 22}","{citizen 34}","[85 0 170 100]","""""","9.9","false","{breed social-friends}","0","""default""","""none""","0"
"{citizen 22}","{citizen 35}","[85 0 170 100]","""""","9.9","false","{breed social-friends}","0","""default""","""none""","0"
"{citizen 22}","{citizen 36}","[85 0 170 100]","""""","9.9","false","{breed social-friends}","0","""default""","""none""","0"
"{citizen 22}","{citizen 37}","[85 0 170 100]","""""","9.9","false","{breed social-friends}","0","""default""","""none""","0"
"{citizen 22}","{citizen 38}","[85 0 170 100]","""""","9.9","false","{breed social-friends}","0","""default""","""none""","0"
"{citizen 22}","{citizen 39}","[85 0 170 100]","""""","9.9","false","{breed social-friends}","0","""default""","""none""","0"
"{citizen 22}","{citizen 40}","[85 0 170 100]","""""","9.9","false","{breed social-friends}","0","""default""","""none""","0"
"{citizen 22}","{citizen 41}","[85 0 170 100]","""""","9.9","false","{breed social-friends}","0","""default""","""none""","0"
"{citizen 22}","{citizen 42}","[85 0 170 100]","""""","9.9","false","{breed social-friends}","0","""default""","""none""","0"
"{citizen 22}","{citizen 43}","[85 0 170 100]","""""","9.9","false","{breed social-friends}","0","""default""","""none""","0"
"{citizen 22}","{citizen 44}","[85 0 170 100]","""""","9.9","false","{breed social-friends}","0","""default""","""none""","0"
"{citizen 22}","{citizen 45}","[85 0 170 100]","""""","9.9","false","{breed social-friends}","0","""default""","""none""","0"
"{citizen 22}","{citizen 46}","[85 0 170 100]","""""","9.9","false","{breed social-friends}","0","""default""","""none""","0"
"{citizen 22}","{citizen 47}","[85 0 170 100]","""""","9.9","false","{breed social-friends}","0","""default""","""none""","0"
"{citizen 22}","{citizen 48}","[85 0 170 100]","""""","9.9","false","{breed social-friends}","0","""default""","""none""","0"
"{citizen 22}","{citizen 49}","[85 0 170 100]","""""","9.9","false","{breed social-friends}","0","""default""","""none""","0"
"{citizen 23}","{citizen 0}","[85 0 170 100]","""""","9.9","false","{breed social-friends}","0","""default""","""none""","0"
"{citizen 23}","{citizen 1}","[85 0 170 100]","""""","9.9","false","{breed social-friends}","0","""default""","""none""","0"
"{citizen 23}","{citizen 2}","[85 0 170 100]","""""","9.9","false","{breed social-friends}","0","""default""","""none""","0"
"{citizen 23}","{citizen 3}","[85 0 170 100]","""""","9.9","false","{breed social-friends}","0","""default""","""none""","0"
"{citizen 23}","{citizen 4}","[85 0 170 100]","""""","9.9","false","{breed social-friends}","0","""default""","""none""","0"
"{citizen 23}","{citizen 5}","[85 0 170 100]","""""","9.9","false","{breed social-friends}","0","""default""","""none""","0"
"{citizen 23}","{citizen 6}","[85 0 170 100]","""""","9.9","false","{breed social-friends}","0","""default""","""none""","0"
"{citizen 23}","{citizen 7}","[85 0 170 100]","""""","9.9","false","{breed social-friends}","0","""default""","""none""","0"
"{citizen 23}","{citizen 8}","[85 0 170 100]","""""","9.9","false","{breed social-friends}","0","""default""","""none""","0"
"{citizen 23}","{citizen 9}","[85 0 170 100]","""""","9.9","false","{breed social-friends}","0","""default""","""none""","0"
"{citizen 23}","{citizen 10}","[85 0 170 100]","""""","9.9","false","{breed social-friends}","0","""default""","""none""","0"
"{citizen 23}","{citizen 11}","[85 0 170 100]","""""","9.9","false","{breed social-friends}","0","""default""","""none""","0"
"{citizen 23}","{citizen 12}","[85 0 170 100]","""""","9.9","false","{breed social-friends}","0","""default""","""none""","0"
"{citizen 23}","{citizen 13}","[85 0 170 100]","""""","9.9","false","{breed social-friends}","0","""default""","""none""","0"
"{citizen 23}","{citizen 14}","[85 0 170 100]","""""","9.9","false","{breed social-friends}","0","""default""","""none""","0"
"{citizen 23}","{citizen 15}","[85 0 170 100]","""""","9.9","false","{breed social-friends}","0","""default""","""none""","0"
"{citizen 23}","{citizen 16}","[85 0 170 100]","""""","9.9","false","{breed social-friends}","0","""default""","""none""","0"
"{citizen 23}","{citizen 17}","[85 0 170 100]","""""","9.9","false","{breed social-friends}","0","""default""","""none""","0"
"{citizen 23}","{citizen 18}","[85 0 170 100]","""""","9.9","false","{breed social-friends}","0","""default""","""none""","0"
"{citizen 23}","{citizen 19}","[85 0 170 100]","""""","9.9","false","{breed social-friends}","0","""default""","""none""","0"
"{citizen 23}","{citizen 20}","[85 0 170 100]","""""","9.9","false","{breed social-friends}","0","""default""","""none""","0"
"{citizen 23}","{citizen 21}","[85 0 170 100]","""""","9.9","false","{breed social-friends}","0","""default""","""none""","0"
"{citizen 23}","{citizen 22}","[85 0 170 100]","""""","9.9","false","{breed social-friends}","0","""default""","""none""","0"
"{citizen 23}","{citizen 24}","[85 0 170 100]","""""","9.9","false","{breed social-friends}","0","""default""","""none""","0"
"{citizen 23}","{citizen 25}","[85 0 170 100]","""""","9.9","false","{breed social-friends}","0","""default""","""none""","0"
"{citizen 23}","{citizen 26}","[85 0 170 100]","""""","9.9","false","{breed social-friends}","0","""default""","""none""","0"
"{citizen 23}","{citizen 27}","[85 0 170 100]","""""","9.9","false","{breed social-friends}","0","""default""","""none""","0"
"{citizen 23}","{citizen 28}","[85 0 170 100]","""""","9.9","false","{breed social-friends}","0","""default""","""none""","0"
"{citizen 23}","{citizen 29}","[85 0 170 100]","""""","9.9","false","{breed social-friends}","0","""default""","""none""","0"
"{citizen 23}","{citizen 30}","[85 0 170 100]","""""","9.9","false","{breed social-friends}","0","""default""","""none""","0"
"{citizen 23}","{citizen 31}","[85 0 170 100]","""""","9.9","false","{breed social-friends}","0","""default""","""none""","0"
"{citizen 23}","{citizen 32}","[85 0 170 100]","""""","9.9","false","{breed social-friends}","0","""default""","""none""","0"
"{citizen 23}","{citizen 33}","[85 0 170 100]","""""","9.9","false","{breed social-friends}","0","""default""","""none""","0"
"{citizen 23}","{citizen 34}","[85 0 170 100]","""""","9.9","false","{breed social-friends}","0","""default""","""none""","0"
"{citizen 23}","{citizen 35}","[85 0 170 100]","""""","9.9","false","{breed social-friends}","0","""default""","""none""","0"
"{citizen 23}","{citizen 36}","[85 0 170 100]","""""","9.9","false","{breed social-friends}","0","""default""","""none""","0"
"{citizen 23}","{citizen 37}","[85 0 170 100]","""""","9.9","false","{breed social-friends}","0","""default""","""none""","0"
"{citizen 23}","{citizen 38}","[85 0 170 100]","""""","9.9","false","{breed social-friends}","0","""default""","""none""","0"
"{citizen 23}","{citizen 39}","[85 0 170 100]","""""","9.9","false","{breed social-friends}","0","""default""","""none""","0"
"{citizen 23}","{citizen 40}","[85 0 170 100]","""""","9.9","false","{breed social-friends}","0","""default""","""none""","0"
"{citizen 23}","{citizen 41}","[85 0 170 100]","""""","9.9","false","{breed social-friends}","0","""default""","""none""","0"
"{citizen 23}","{citizen 42}","[85 0 170 100]","""""","9.9","false","{breed social-friends}","0","""default""","""none""","0"
"{citizen 23}","{citizen 43}","[85 0 170 100]","""""","9.9","false","{breed social-friends}","0","""default""","""none""","0"
"{citizen 23}","{citizen 44}","[85 0 170 100]","""""","9.9","false","{breed social-friends}","0","""default""","""none""","0"
"{citizen 23}","{citizen 45}","[85 0 170 100]","""""","9.9","false","{breed social-friends}","0","""default""","""none""","0"
"{citizen 23}","{citizen 46}","[85 0 170 100]","""""","9.9","false","{breed social-friends}","0","""default""","""none""","0"
"{citizen 23}","{citizen 47}","[85 0 170 100]","""""","9.9","false","{breed social-friends}","0","""default""","""none""","0"
"{citizen 23}","{citizen 48}","[85 0 170 100]","""""","9.9","false","{breed social-friends}","0","""default""","""none""","0"
"{citizen 23}","{citizen 49}","[85 0 170 100]","""""","9.9","false","{breed social-friends}","0","""default""","""none""","0"
"{citizen 24}","{citizen 0}","[85 0 170 100]","""""","9.9","false","{breed social-friends}","0","""default""","""none""","0"
"{citizen 24}","{citizen 1}","[85 0 170 100]","""""","9.9","false","{breed social-friends}","0","""default""","""none""","0"
"{citizen 24}","{citizen 2}","[85 0 170 100]","""""","9.9","false","{breed social-friends}","0","""default""","""none""","0"
"{citizen 24}","{citizen 3}","[85 0 170 100]","""""","9.9","false","{breed social-friends}","0","""default""","""none""","0"
"{citizen 24}","{citizen 4}","[85 0 170 100]","""""","9.9","false","{breed social-friends}","0","""default""","""none""","0"
"{citizen 24}","{citizen 5}","[85 0 170 100]","""""","9.9","false","{breed social-friends}","0","""default""","""none""","0"
"{citizen 24}","{citizen 6}","[85 0 170 100]","""""","9.9","false","{breed social-friends}","0","""default""","""none""","0"
"{citizen 24}","{citizen 7}","[85 0 170 100]","""""","9.9","false","{breed social-friends}","0","""default""","""none""","0"
"{citizen 24}","{citizen 8}","[85 0 170 100]","""""","9.9","false","{breed social-friends}","0","""default""","""none""","0"
"{citizen 24}","{citizen 9}","[85 0 170 100]","""""","9.9","false","{breed social-friends}","0","""default""","""none""","0"
"{citizen 24}","{citizen 10}","[85 0 170 100]","""""","9.9","false","{breed social-friends}","0","""default""","""none""","0"
"{citizen 24}","{citizen 11}","[85 0 170 100]","""""","9.9","false","{breed social-friends}","0","""default""","""none""","0"
"{citizen 24}","{citizen 12}","[85 0 170 100]","""""","9.9","false","{breed social-friends}","0","""default""","""none""","0"
"{citizen 24}","{citizen 13}","[85 0 170 100]","""""","9.9","false","{breed social-friends}","0","""default""","""none""","0"
"{citizen 24}","{citizen 14}","[85 0 170 100]","""""","9.9","false","{breed social-friends}","0","""default""","""none""","0"
"{citizen 24}","{citizen 15}","[85 0 170 100]","""""","9.9","false","{breed social-friends}","0","""default""","""none""","0"
"{citizen 24}","{citizen 16}","[85 0 170 100]","""""","9.9","false","{breed social-friends}","0","""default""","""none""","0"
"{citizen 24}","{citizen 17}","[85 0 170 100]","""""","9.9","false","{breed social-friends}","0","""default""","""none""","0"
"{citizen 24}","{citizen 18}","[85 0 170 100]","""""","9.9","false","{breed social-friends}","0","""default""","""none""","0"
"{citizen 24}","{citizen 19}","[85 0 170 100]","""""","9.9","false","{breed social-friends}","0","""default""","""none""","0"
"{citizen 24}","{citizen 20}","[85 0 170 100]","""""","9.9","false","{breed social-friends}","0","""default""","""none""","0"
"{citizen 24}","{citizen 21}","[85 0 170 100]","""""","9.9","false","{breed social-friends}","0","""default""","""none""","0"
"{citizen 24}","{citizen 22}","[85 0 170 100]","""""","9.9","false","{breed social-friends}","0","""default""","""none""","0"
"{citizen 24}","{citizen 23}","[85 0 170 100]","""""","9.9","false","{breed social-friends}","0","""default""","""none""","0"
"{citizen 24}","{citizen 25}","[85 0 170 100]","""""","9.9","false","{breed social-friends}","0","""default""","""none""","0"
"{citizen 24}","{citizen 26}","[85 0 170 100]","""""","9.9","false","{breed social-friends}","0","""default""","""none""","0"
"{citizen 24}","{citizen 27}","[85 0 170 100]","""""","9.9","false","{breed social-friends}","0","""default""","""none""","0"
"{citizen 24}","{citizen 28}","[85 0 170 100]","""""","9.9","false","{breed social-friends}","0","""default""","""none""","0"
"{citizen 24}","{citizen 29}","[85 0 170 100]","""""","9.9","false","{breed social-friends}","0","""default""","""none""","0"
"{citizen 24}","{citizen 30}","[85 0 170 100]","""""","9.9","false","{breed social-friends}","0","""default""","""none""","0"
"{citizen 24}","{citizen 31}","[85 0 170 100]","""""","9.9","false","{breed social-friends}","0","""default""","""none""","0"
"{citizen 24}","{citizen 32}","[85 0 170 100]","""""","9.9","false","{breed social-friends}","0","""default""","""none""","0"
"{citizen 24}","{citizen 33}","[85 0 170 100]","""""","9.9","false","{breed social-friends}","0","""default""","""none""","0"
"{citizen 24}","{citizen 34}","[85 0 170 100]","""""","9.9","false","{breed social-friends}","0","""default""","""none""","0"
"{citizen 24}","{citizen 35}","[85 0 170 100]","""""","9.9","false","{breed social-friends}","0","""default""","""none""","0"
"{citizen 24}","{citizen 36}","[85 0 170 100]","""""","9.9","false","{breed social-friends}","0","""default""","""none""","0"
"{citizen 24}","{citizen 37}","[85 0 170 100]","""""","9.9","false","{breed social-friends}","0","""default""","""none""","0"
"{citizen 24}","{citizen 38}","[85 0 170 100]","""""","9.9","false","{breed social-friends}","0","""default""","""none""","0"
"{citizen 24}","{citizen 39}","[85 0 170 100]","""""","9.9","false","{breed social-friends}","0","""default""","""none""","0"
"{citizen 24}","{citizen 40}","[85 0 170 100]","""""","9.9","false","{breed social-friends}","0","""default""","""none""","0"
"{citizen 24}","{citizen 41}","[85 0 170 100]","""""","9.9","false","{breed social-friends}","0","""default""","""none""","0"
"{citizen 24}","{citizen 42}","[85 0 170 100]","""""","9.9","false","{breed social-friends}","0","""default""","""none""","0"
"{citizen 24}","{citizen 43}","[85 0 170 100]","""""","9.9","false","{breed social-friends}","0","""default""","""none""","0"
"{citizen 24}","{citizen 44}","[85 0 170 100]","""""","9.9","false","{breed social-friends}","0","""default""","""none""","0"
"{citizen 24}","{citizen 45}","[85 0 170 100]","""""","9.9","false","{breed social-friends}","0","""default""","""none""","0"
"{citizen 24}","{citizen 46}","[85 0 170 100]","""""","9.9","false","{breed social-friends}","0","""default""","""none""","0"
"{citizen 24}","{citizen 47}","[85 0 170 100]","""""","9.9","false","{breed social-friends}","0","""default""","""none""","0"
"{citizen 24}","{citizen 48}","[85 0 170 100]","""""","9.9","false","{breed social-friends}","0","""default""","""none""","0"
"{citizen 24}","{citizen 49}","[85 0 170 100]","""""","9.9","false","{breed social-friends}","0","""default""","""none""","0"
"{citizen 25}","{citizen 0}","[85 0 170 100]","""""","9.9","false","{breed social-friends}","0","""default""","""none""","0"
"{citizen 25}","{citizen 1}","[85 0 170 100]","""""","9.9","false","{breed social-friends}","0","""default""","""none""","0"
"{citizen 25}","{citizen 2}","[85 0 170 100]","""""","9.9","false","{breed social-friends}","0","""default""","""none""","0"
"{citizen 25}","{citizen 3}","[85 0 170 100]","""""","9.9","false","{breed social-friends}","0","""default""","""none""","0"
"{citizen 25}","{citizen 4}","[85 0 170 100]","""""","9.9","false","{breed social-friends}","0","""default""","""none""","0"
"{citizen 25}","{citizen 5}","[85 0 170 100]","""""","9.9","false","{breed social-friends}","0","""default""","""none""","0"
"{citizen 25}","{citizen 6}","[85 0 170 100]","""""","9.9","false","{breed social-friends}","0","""default""","""none""","0"
"{citizen 25}","{citizen 7}","[85 0 170 100]","""""","9.9","false","{breed social-friends}","0","""default""","""none""","0"
"{citizen 25}","{citizen 8}","[85 0 170 100]","""""","9.9","false","{breed social-friends}","0","""default""","""none""","0"
"{citizen 25}","{citizen 9}","[85 0 170 100]","""""","9.9","false","{breed social-friends}","0","""default""","""none""","0"
"{citizen 25}","{citizen 10}","[85 0 170 100]","""""","9.9","false","{breed social-friends}","0","""default""","""none""","0"
"{citizen 25}","{citizen 11}","[85 0 170 100]","""""","9.9","false","{breed social-friends}","0","""default""","""none""","0"
"{citizen 25}","{citizen 12}","[85 0 170 100]","""""","9.9","false","{breed social-friends}","0","""default""","""none""","0"
"{citizen 25}","{citizen 13}","[85 0 170 100]","""""","9.9","false","{breed social-friends}","0","""default""","""none""","0"
"{citizen 25}","{citizen 14}","[85 0 170 100]","""""","9.9","false","{breed social-friends}","0","""default""","""none""","0"
"{citizen 25}","{citizen 15}","[85 0 170 100]","""""","9.9","false","{breed social-friends}","0","""default""","""none""","0"
"{citizen 25}","{citizen 16}","[85 0 170 100]","""""","9.9","false","{breed social-friends}","0","""default""","""none""","0"
"{citizen 25}","{citizen 17}","[85 0 170 100]","""""","9.9","false","{breed social-friends}","0","""default""","""none""","0"
"{citizen 25}","{citizen 18}","[85 0 170 100]","""""","9.9","false","{breed social-friends}","0","""default""","""none""","0"
"{citizen 25}","{citizen 19}","[85 0 170 100]","""""","9.9","false","{breed social-friends}","0","""default""","""none""","0"
"{citizen 25}","{citizen 20}","[85 0 170 100]","""""","9.9","false","{breed social-friends}","0","""default""","""none""","0"
"{citizen 25}","{citizen 21}","[85 0 170 100]","""""","9.9","false","{breed social-friends}","0","""default""","""none""","0"
"{citizen 25}","{citizen 22}","[85 0 170 100]","""""","9.9","false","{breed social-friends}","0","""default""","""none""","0"
"{citizen 25}","{citizen 23}","[85 0 170 100]","""""","9.9","false","{breed social-friends}","0","""default""","""none""","0"
"{citizen 25}","{citizen 24}","[85 0 170 100]","""""","9.9","false","{breed social-friends}","0","""default""","""none""","0"
"{citizen 25}","{citizen 26}","[85 0 170 100]","""""","9.9","false","{breed social-friends}","0","""default""","""none""","0"
"{citizen 25}","{citizen 27}","[85 0 170 100]","""""","9.9","false","{breed social-friends}","0","""default""","""none""","0"
"{citizen 25}","{citizen 28}","[85 0 170 100]","""""","9.9","false","{breed social-friends}","0","""default""","""none""","0"
"{citizen 25}","{citizen 29}","[85 0 170 100]","""""","9.9","false","{breed social-friends}","0","""default""","""none""","0"
"{citizen 25}","{citizen 30}","[85 0 170 100]","""""","9.9","false","{breed social-friends}","0","""default""","""none""","0"
"{citizen 25}","{citizen 31}","[85 0 170 100]","""""","9.9","false","{breed social-friends}","0","""default""","""none""","0"
"{citizen 25}","{citizen 32}","[85 0 170 100]","""""","9.9","false","{breed social-friends}","0","""default""","""none""","0"
"{citizen 25}","{citizen 33}","[85 0 170 100]","""""","9.9","false","{breed social-friends}","0","""default""","""none""","0"
"{citizen 25}","{citizen 34}","[85 0 170 100]","""""","9.9","false","{breed social-friends}","0","""default""","""none""","0"
"{citizen 25}","{citizen 35}","[85 0 170 100]","""""","9.9","false","{breed social-friends}","0","""default""","""none""","0"
"{citizen 25}","{citizen 36}","[85 0 170 100]","""""","9.9","false","{breed social-friends}","0","""default""","""none""","0"
"{citizen 25}","{citizen 37}","[85 0 170 100]","""""","9.9","false","{breed social-friends}","0","""default""","""none""","0"
"{citizen 25}","{citizen 38}","[85 0 170 100]","""""","9.9","false","{breed social-friends}","0","""default""","""none""","0"
"{citizen 25}","{citizen 39}","[85 0 170 100]","""""","9.9","false","{breed social-friends}","0","""default""","""none""","0"
"{citizen 25}","{citizen 40}","[85 0 170 100]","""""","9.9","false","{breed social-friends}","0","""default""","""none""","0"
"{citizen 25}","{citizen 41}","[85 0 170 100]","""""","9.9","false","{breed social-friends}","0","""default""","""none""","0"
"{citizen 25}","{citizen 42}","[85 0 170 100]","""""","9.9","false","{breed social-friends}","0","""default""","""none""","0"
"{citizen 25}","{citizen 43}","[85 0 170 100]","""""","9.9","false","{breed social-friends}","0","""default""","""none""","0"
"{citizen 25}","{citizen 44}","[85 0 170 100]","""""","9.9","false","{breed social-friends}","0","""default""","""none""","0"
"{citizen 25}","{citizen 45}","[85 0 170 100]","""""","9.9","false","{breed social-friends}","0","""default""","""none""","0"
"{citizen 25}","{citizen 46}","[85 0 170 100]","""""","9.9","false","{breed social-friends}","0","""default""","""none""","0"
"{citizen 25}","{citizen 47}","[85 0 170 100]","""""","9.9","false","{breed social-friends}","0","""default""","""none""","0"
"{citizen 25}","{citizen 48}","[85 0 170 100]","""""","9.9","false","{breed social-friends}","0","""default""","""none""","0"
"{citizen 25}","{citizen 49}","[85 0 170 100]","""""","9.9","false","{breed social-friends}","0","""default""","""none""","0"
"{citizen 26}","{citizen 0}","[85 0 170 100]","""""","9.9","false","{breed social-friends}","0","""default""","""none""","0"
"{citizen 26}","{citizen 1}","[85 0 170 100]","""""","9.9","false","{breed social-friends}","0","""default""","""none""","0"
"{citizen 26}","{citizen 2}","[85 0 170 100]","""""","9.9","false","{breed social-friends}","0","""default""","""none""","0"
"{citizen 26}","{citizen 3}","[85 0 170 100]","""""","9.9","false","{breed social-friends}","0","""default""","""none""","0"
"{citizen 26}","{citizen 4}","[85 0 170 100]","""""","9.9","false","{breed social-friends}","0","""default""","""none""","0"
"{citizen 26}","{citizen 5}","[85 0 170 100]","""""","9.9","false","{breed social-friends}","0","""default""","""none""","0"
"{citizen 26}","{citizen 6}","[85 0 170 100]","""""","9.9","false","{breed social-friends}","0","""default""","""none""","0"
"{citizen 26}","{citizen 7}","[85 0 170 100]","""""","9.9","false","{breed social-friends}","0","""default""","""none""","0"
"{citizen 26}","{citizen 8}","[85 0 170 100]","""""","9.9","false","{breed social-friends}","0","""default""","""none""","0"
"{citizen 26}","{citizen 9}","[85 0 170 100]","""""","9.9","false","{breed social-friends}","0","""default""","""none""","0"
"{citizen 26}","{citizen 10}","[85 0 170 100]","""""","9.9","false","{breed social-friends}","0","""default""","""none""","0"
"{citizen 26}","{citizen 11}","[85 0 170 100]","""""","9.9","false","{breed social-friends}","0","""default""","""none""","0"
"{citizen 26}","{citizen 12}","[85 0 170 100]","""""","9.9","false","{breed social-friends}","0","""default""","""none""","0"
"{citizen 26}","{citizen 13}","[85 0 170 100]","""""","9.9","false","{breed social-friends}","0","""default""","""none""","0"
"{citizen 26}","{citizen 14}","[85 0 170 100]","""""","9.9","false","{breed social-friends}","0","""default""","""none""","0"
"{citizen 26}","{citizen 15}","[85 0 170 100]","""""","9.9","false","{breed social-friends}","0","""default""","""none""","0"
"{citizen 26}","{citizen 16}","[85 0 170 100]","""""","9.9","false","{breed social-friends}","0","""default""","""none""","0"
"{citizen 26}","{citizen 17}","[85 0 170 100]","""""","9.9","false","{breed social-friends}","0","""default""","""none""","0"
"{citizen 26}","{citizen 18}","[85 0 170 100]","""""","9.9","false","{breed social-friends}","0","""default""","""none""","0"
"{citizen 26}","{citizen 19}","[85 0 170 100]","""""","9.9","false","{breed social-friends}","0","""default""","""none""","0"
"{citizen 26}","{citizen 20}","[85 0 170 100]","""""","9.9","false","{breed social-friends}","0","""default""","""none""","0"
"{citizen 26}","{citizen 21}","[85 0 170 100]","""""","9.9","false","{breed social-friends}","0","""default""","""none""","0"
"{citizen 26}","{citizen 22}","[85 0 170 100]","""""","9.9","false","{breed social-friends}","0","""default""","""none""","0"
"{citizen 26}","{citizen 23}","[85 0 170 100]","""""","9.9","false","{breed social-friends}","0","""default""","""none""","0"
"{citizen 26}","{citizen 24}","[85 0 170 100]","""""","9.9","false","{breed social-friends}","0","""default""","""none""","0"
"{citizen 26}","{citizen 25}","[85 0 170 100]","""""","9.9","false","{breed social-friends}","0","""default""","""none""","0"
"{citizen 26}","{citizen 27}","[85 0 170 100]","""""","9.9","false","{breed social-friends}","0","""default""","""none""","0"
"{citizen 26}","{citizen 28}","[85 0 170 100]","""""","9.9","false","{breed social-friends}","0","""default""","""none""","0"
"{citizen 26}","{citizen 29}","[85 0 170 100]","""""","9.9","false","{breed social-friends}","0","""default""","""none""","0"
"{citizen 26}","{citizen 30}","[85 0 170 100]","""""","9.9","false","{breed social-friends}","0","""default""","""none""","0"
"{citizen 26}","{citizen 31}","[85 0 170 100]","""""","9.9","false","{breed social-friends}","0","""default""","""none""","0"
"{citizen 26}","{citizen 32}","[85 0 170 100]","""""","9.9","false","{breed social-friends}","0","""default""","""none""","0"
"{citizen 26}","{citizen 33}","[85 0 170 100]","""""","9.9","false","{breed social-friends}","0","""default""","""none""","0"
"{citizen 26}","{citizen 34}","[85 0 170 100]","""""","9.9","false","{breed social-friends}","0","""default""","""none""","0"
"{citizen 26}","{citizen 35}","[85 0 170 100]","""""","9.9","false","{breed social-friends}","0","""default""","""none""","0"
"{citizen 26}","{citizen 36}","[85 0 170 100]","""""","9.9","false","{breed social-friends}","0","""default""","""none""","0"
"{citizen 26}","{citizen 37}","[85 0 170 100]","""""","9.9","false","{breed social-friends}","0","""default""","""none""","0"
"{citizen 26}","{citizen 38}","[85 0 170 100]","""""","9.9","false","{breed social-friends}","0","""default""","""none""","0"
"{citizen 26}","{citizen 39}","[85 0 170 100]","""""","9.9","false","{breed social-friends}","0","""default""","""none""","0"
"{citizen 26}","{citizen 40}","[85 0 170 100]","""""","9.9","false","{breed social-friends}","0","""default""","""none""","0"
"{citizen 26}","{citizen 41}","[85 0 170 100]","""""","9.9","false","{breed social-friends}","0","""default""","""none""","0"
"{citizen 26}","{citizen 42}","[85 0 170 100]","""""","9.9","false","{breed social-friends}","0","""default""","""none""","0"
"{citizen 26}","{citizen 43}","[85 0 170 100]","""""","9.9","false","{breed social-friends}","0","""default""","""none""","0"
"{citizen 26}","{citizen 44}","[85 0 170 100]","""""","9.9","false","{breed social-friends}","0","""default""","""none""","0"
"{citizen 26}","{citizen 45}","[85 0 170 100]","""""","9.9","false","{breed social-friends}","0","""default""","""none""","0"
"{citizen 26}","{citizen 46}","[85 0 170 100]","""""","9.9","false","{breed social-friends}","0","""default""","""none""","0"
"{citizen 26}","{citizen 47}","[85 0 170 100]","""""","9.9","false","{breed social-friends}","0","""default""","""none""","0"
"{citizen 26}","{citizen 48}","[85 0 170 100]","""""","9.9","false","{breed social-friends}","0","""default""","""none""","0"
"{citizen 26}","{citizen 49}","[85 0 170 100]","""""","9.9","false","{breed social-friends}","0","""default""","""none""","0"
"{citizen 27}","{citizen 0}","[85 0 170 100]","""""","9.9","false","{breed social-friends}","0","""default""","""none""","0"
"{citizen 27}","{citizen 1}","[85 0 170 100]","""""","9.9","false","{breed social-friends}","0","""default""","""none""","0"
"{citizen 27}","{citizen 2}","[85 0 170 100]","""""","9.9","false","{breed social-friends}","0","""default""","""none""","0"
"{citizen 27}","{citizen 3}","[85 0 170 100]","""""","9.9","false","{breed social-friends}","0","""default""","""none""","0"
"{citizen 27}","{citizen 4}","[85 0 170 100]","""""","9.9","false","{breed social-friends}","0","""default""","""none""","0"
"{citizen 27}","{citizen 5}","[85 0 170 100]","""""","9.9","false","{breed social-friends}","0","""default""","""none""","0"
"{citizen 27}","{citizen 6}","[85 0 170 100]","""""","9.9","false","{breed social-friends}","0","""default""","""none""","0"
"{citizen 27}","{citizen 7}","[85 0 170 100]","""""","9.9","false","{breed social-friends}","0","""default""","""none""","0"
"{citizen 27}","{citizen 8}","[85 0 170 100]","""""","9.9","false","{breed social-friends}","0","""default""","""none""","0"
"{citizen 27}","{citizen 9}","[85 0 170 100]","""""","9.9","false","{breed social-friends}","0","""default""","""none""","0"
"{citizen 27}","{citizen 10}","[85 0 170 100]","""""","9.9","false","{breed social-friends}","0","""default""","""none""","0"
"{citizen 27}","{citizen 11}","[85 0 170 100]","""""","9.9","false","{breed social-friends}","0","""default""","""none""","0"
"{citizen 27}","{citizen 12}","[85 0 170 100]","""""","9.9","false","{breed social-friends}","0","""default""","""none""","0"
"{citizen 27}","{citizen 13}","[85 0 170 100]","""""","9.9","false","{breed social-friends}","0","""default""","""none""","0"
"{citizen 27}","{citizen 14}","[85 0 170 100]","""""","9.9","false","{breed social-friends}","0","""default""","""none""","0"
"{citizen 27}","{citizen 15}","[85 0 170 100]","""""","9.9","false","{breed social-friends}","0","""default""","""none""","0"
"{citizen 27}","{citizen 16}","[85 0 170 100]","""""","9.9","false","{breed social-friends}","0","""default""","""none""","0"
"{citizen 27}","{citizen 17}","[85 0 170 100]","""""","9.9","false","{breed social-friends}","0","""default""","""none""","0"
"{citizen 27}","{citizen 18}","[85 0 170 100]","""""","9.9","false","{breed social-friends}","0","""default""","""none""","0"
"{citizen 27}","{citizen 19}","[85 0 170 100]","""""","9.9","false","{breed social-friends}","0","""default""","""none""","0"
"{citizen 27}","{citizen 20}","[85 0 170 100]","""""","9.9","false","{breed social-friends}","0","""default""","""none""","0"
"{citizen 27}","{citizen 21}","[85 0 170 100]","""""","9.9","false","{breed social-friends}","0","""default""","""none""","0"
"{citizen 27}","{citizen 22}","[85 0 170 100]","""""","9.9","false","{breed social-friends}","0","""default""","""none""","0"
"{citizen 27}","{citizen 23}","[85 0 170 100]","""""","9.9","false","{breed social-friends}","0","""default""","""none""","0"
"{citizen 27}","{citizen 24}","[85 0 170 100]","""""","9.9","false","{breed social-friends}","0","""default""","""none""","0"
"{citizen 27}","{citizen 25}","[85 0 170 100]","""""","9.9","false","{breed social-friends}","0","""default""","""none""","0"
"{citizen 27}","{citizen 26}","[85 0 170 100]","""""","9.9","false","{breed social-friends}","0","""default""","""none""","0"
"{citizen 27}","{citizen 28}","[85 0 170 100]","""""","9.9","false","{breed social-friends}","0","""default""","""none""","0"
"{citizen 27}","{citizen 29}","[85 0 170 100]","""""","9.9","false","{breed social-friends}","0","""default""","""none""","0"
"{citizen 27}","{citizen 30}","[85 0 170 100]","""""","9.9","false","{breed social-friends}","0","""default""","""none""","0"
"{citizen 27}","{citizen 31}","[85 0 170 100]","""""","9.9","false","{breed social-friends}","0","""default""","""none""","0"
"{citizen 27}","{citizen 32}","[85 0 170 100]","""""","9.9","false","{breed social-friends}","0","""default""","""none""","0"
"{citizen 27}","{citizen 33}","[85 0 170 100]","""""","9.9","false","{breed social-friends}","0","""default""","""none""","0"
"{citizen 27}","{citizen 34}","[85 0 170 100]","""""","9.9","false","{breed social-friends}","0","""default""","""none""","0"
"{citizen 27}","{citizen 35}","[85 0 170 100]","""""","9.9","false","{breed social-friends}","0","""default""","""none""","0"
"{citizen 27}","{citizen 36}","[85 0 170 100]","""""","9.9","false","{breed social-friends}","0","""default""","""none""","0"
"{citizen 27}","{citizen 37}","[85 0 170 100]","""""","9.9","false","{breed social-friends}","0","""default""","""none""","0"
"{citizen 27}","{citizen 38}","[85 0 170 100]","""""","9.9","false","{breed social-friends}","0","""default""","""none""","0"
"{citizen 27}","{citizen 39}","[85 0 170 100]","""""","9.9","false","{breed social-friends}","0","""default""","""none""","0"
"{citizen 27}","{citizen 40}","[85 0 170 100]","""""","9.9","false","{breed social-friends}","0","""default""","""none""","0"
"{citizen 27}","{citizen 41}","[85 0 170 100]","""""","9.9","false","{breed social-friends}","0","""default""","""none""","0"
"{citizen 27}","{citizen 42}","[85 0 170 100]","""""","9.9","false","{breed social-friends}","0","""default""","""none""","0"
"{citizen 27}","{citizen 43}","[85 0 170 100]","""""","9.9","false","{breed social-friends}","0","""default""","""none""","0"
"{citizen 27}","{citizen 44}","[85 0 170 100]","""""","9.9","false","{breed social-friends}","0","""default""","""none""","0"
"{citizen 27}","{citizen 45}","[85 0 170 100]","""""","9.9","false","{breed social-friends}","0","""default""","""none""","0"
"{citizen 27}","{citizen 46}","[85 0 170 100]","""""","9.9","false","{breed social-friends}","0","""default""","""none""","0"
"{citizen 27}","{citizen 47}","[85 0 170 100]","""""","9.9","false","{breed social-friends}","0","""default""","""none""","0"
"{citizen 27}","{citizen 48}","[85 0 170 100]","""""","9.9","false","{breed social-friends}","0","""default""","""none""","0"
"{citizen 27}","{citizen 49}","[85 0 170 100]","""""","9.9","false","{breed social-friends}","0","""default""","""none""","0"
"{citizen 28}","{citizen 0}","[85 0 170 100]","""""","9.9","false","{breed social-friends}","0","""default""","""none""","0"
"{citizen 28}","{citizen 1}","[85 0 170 100]","""""","9.9","false","{breed social-friends}","0","""default""","""none""","0"
"{citizen 28}","{citizen 2}","[85 0 170 100]","""""","9.9","false","{breed social-friends}","0","""default""","""none""","0"
"{citizen 28}","{citizen 3}","[85 0 170 100]","""""","9.9","false","{breed social-friends}","0","""default""","""none""","0"
"{citizen 28}","{citizen 4}","[85 0 170 100]","""""","9.9","false","{breed social-friends}","0","""default""","""none""","0"
"{citizen 28}","{citizen 5}","[85 0 170 100]","""""","9.9","false","{breed social-friends}","0","""default""","""none""","0"
"{citizen 28}","{citizen 6}","[85 0 170 100]","""""","9.9","false","{breed social-friends}","0","""default""","""none""","0"
"{citizen 28}","{citizen 7}","[85 0 170 100]","""""","9.9","false","{breed social-friends}","0","""default""","""none""","0"
"{citizen 28}","{citizen 8}","[85 0 170 100]","""""","9.9","false","{breed social-friends}","0","""default""","""none""","0"
"{citizen 28}","{citizen 9}","[85 0 170 100]","""""","9.9","false","{breed social-friends}","0","""default""","""none""","0"
"{citizen 28}","{citizen 10}","[85 0 170 100]","""""","9.9","false","{breed social-friends}","0","""default""","""none""","0"
"{citizen 28}","{citizen 11}","[85 0 170 100]","""""","9.9","false","{breed social-friends}","0","""default""","""none""","0"
"{citizen 28}","{citizen 12}","[85 0 170 100]","""""","9.9","false","{breed social-friends}","0","""default""","""none""","0"
"{citizen 28}","{citizen 13}","[85 0 170 100]","""""","9.9","false","{breed social-friends}","0","""default""","""none""","0"
"{citizen 28}","{citizen 14}","[85 0 170 100]","""""","9.9","false","{breed social-friends}","0","""default""","""none""","0"
"{citizen 28}","{citizen 15}","[85 0 170 100]","""""","9.9","false","{breed social-friends}","0","""default""","""none""","0"
"{citizen 28}","{citizen 16}","[85 0 170 100]","""""","9.9","false","{breed social-friends}","0","""default""","""none""","0"
"{citizen 28}","{citizen 17}","[85 0 170 100]","""""","9.9","false","{breed social-friends}","0","""default""","""none""","0"
"{citizen 28}","{citizen 18}","[85 0 170 100]","""""","9.9","false","{breed social-friends}","0","""default""","""none""","0"
"{citizen 28}","{citizen 19}","[85 0 170 100]","""""","9.9","false","{breed social-friends}","0","""default""","""none""","0"
"{citizen 28}","{citizen 20}","[85 0 170 100]","""""","9.9","false","{breed social-friends}","0","""default""","""none""","0"
"{citizen 28}","{citizen 21}","[85 0 170 100]","""""","9.9","false","{breed social-friends}","0","""default""","""none""","0"
"{citizen 28}","{citizen 22}","[85 0 170 100]","""""","9.9","false","{breed social-friends}","0","""default""","""none""","0"
"{citizen 28}","{citizen 23}","[85 0 170 100]","""""","9.9","false","{breed social-friends}","0","""default""","""none""","0"
"{citizen 28}","{citizen 24}","[85 0 170 100]","""""","9.9","false","{breed social-friends}","0","""default""","""none""","0"
"{citizen 28}","{citizen 25}","[85 0 170 100]","""""","9.9","false","{breed social-friends}","0","""default""","""none""","0"
"{citizen 28}","{citizen 26}","[85 0 170 100]","""""","9.9","false","{breed social-friends}","0","""default""","""none""","0"
"{citizen 28}","{citizen 27}","[85 0 170 100]","""""","9.9","false","{breed social-friends}","0","""default""","""none""","0"
"{citizen 28}","{citizen 29}","[85 0 170 100]","""""","9.9","false","{breed social-friends}","0","""default""","""none""","0"
"{citizen 28}","{citizen 30}","[85 0 170 100]","""""","9.9","false","{breed social-friends}","0","""default""","""none""","0"
"{citizen 28}","{citizen 31}","[85 0 170 100]","""""","9.9","false","{breed social-friends}","0","""default""","""none""","0"
"{citizen 28}","{citizen 32}","[85 0 170 100]","""""","9.9","false","{breed social-friends}","0","""default""","""none""","0"
"{citizen 28}","{citizen 33}","[85 0 170 100]","""""","9.9","false","{breed social-friends}","0","""default""","""none""","0"
"{citizen 28}","{citizen 34}","[85 0 170 100]","""""","9.9","false","{breed social-friends}","0","""default""","""none""","0"
"{citizen 28}","{citizen 35}","[85 0 170 100]","""""","9.9","false","{breed social-friends}","0","""default""","""none""","0"
"{citizen 28}","{citizen 36}","[85 0 170 100]","""""","9.9","false","{breed social-friends}","0","""default""","""none""","0"
"{citizen 28}","{citizen 37}","[85 0 170 100]","""""","9.9","false","{breed social-friends}","0","""default""","""none""","0"
"{citizen 28}","{citizen 38}","[85 0 170 100]","""""","9.9","false","{breed social-friends}","0","""default""","""none""","0"
"{citizen 28}","{citizen 39}","[85 0 170 100]","""""","9.9","false","{breed social-friends}","0","""default""","""none""","0"
"{citizen 28}","{citizen 40}","[85 0 170 100]","""""","9.9","false","{breed social-friends}","0","""default""","""none""","0"
"{citizen 28}","{citizen 41}","[85 0 170 100]","""""","9.9","false","{breed social-friends}","0","""default""","""none""","0"
"{citizen 28}","{citizen 42}","[85 0 170 100]","""""","9.9","false","{breed social-friends}","0","""default""","""none""","0"
"{citizen 28}","{citizen 43}","[85 0 170 100]","""""","9.9","false","{breed social-friends}","0","""default""","""none""","0"
"{citizen 28}","{citizen 44}","[85 0 170 100]","""""","9.9","false","{breed social-friends}","0","""default""","""none""","0"
"{citizen 28}","{citizen 45}","[85 0 170 100]","""""","9.9","false","{breed social-friends}","0","""default""","""none""","0"
"{citizen 28}","{citizen 46}","[85 0 170 100]","""""","9.9","false","{breed social-friends}","0","""default""","""none""","0"
"{citizen 28}","{citizen 47}","[85 0 170 100]","""""","9.9","false","{breed social-friends}","0","""default""","""none""","0"
"{citizen 28}","{citizen 48}","[85 0 170 100]","""""","9.9","false","{breed social-friends}","0","""default""","""none""","0"
"{citizen 28}","{citizen 49}","[85 0 170 100]","""""","9.9","false","{breed social-friends}","0","""default""","""none""","0"
"{citizen 29}","{citizen 0}","[85 0 170 100]","""""","9.9","false","{breed social-friends}","0","""default""","""none""","0"
"{citizen 29}","{citizen 1}","[85 0 170 100]","""""","9.9","false","{breed social-friends}","0","""default""","""none""","0"
"{citizen 29}","{citizen 2}","[85 0 170 100]","""""","9.9","false","{breed social-friends}","0","""default""","""none""","0"
"{citizen 29}","{citizen 3}","[85 0 170 100]","""""","9.9","false","{breed social-friends}","0","""default""","""none""","0"
"{citizen 29}","{citizen 4}","[85 0 170 100]","""""","9.9","false","{breed social-friends}","0","""default""","""none""","0"
"{citizen 29}","{citizen 5}","[85 0 170 100]","""""","9.9","false","{breed social-friends}","0","""default""","""none""","0"
"{citizen 29}","{citizen 6}","[85 0 170 100]","""""","9.9","false","{breed social-friends}","0","""default""","""none""","0"
"{citizen 29}","{citizen 7}","[85 0 170 100]","""""","9.9","false","{breed social-friends}","0","""default""","""none""","0"
"{citizen 29}","{citizen 8}","[85 0 170 100]","""""","9.9","false","{breed social-friends}","0","""default""","""none""","0"
"{citizen 29}","{citizen 9}","[85 0 170 100]","""""","9.9","false","{breed social-friends}","0","""default""","""none""","0"
"{citizen 29}","{citizen 10}","[85 0 170 100]","""""","9.9","false","{breed social-friends}","0","""default""","""none""","0"
"{citizen 29}","{citizen 11}","[85 0 170 100]","""""","9.9","false","{breed social-friends}","0","""default""","""none""","0"
"{citizen 29}","{citizen 12}","[85 0 170 100]","""""","9.9","false","{breed social-friends}","0","""default""","""none""","0"
"{citizen 29}","{citizen 13}","[85 0 170 100]","""""","9.9","false","{breed social-friends}","0","""default""","""none""","0"
"{citizen 29}","{citizen 14}","[85 0 170 100]","""""","9.9","false","{breed social-friends}","0","""default""","""none""","0"
"{citizen 29}","{citizen 15}","[85 0 170 100]","""""","9.9","false","{breed social-friends}","0","""default""","""none""","0"
"{citizen 29}","{citizen 16}","[85 0 170 100]","""""","9.9","false","{breed social-friends}","0","""default""","""none""","0"
"{citizen 29}","{citizen 17}","[85 0 170 100]","""""","9.9","false","{breed social-friends}","0","""default""","""none""","0"
"{citizen 29}","{citizen 18}","[85 0 170 100]","""""","9.9","false","{breed social-friends}","0","""default""","""none""","0"
"{citizen 29}","{citizen 19}","[85 0 170 100]","""""","9.9","false","{breed social-friends}","0","""default""","""none""","0"
"{citizen 29}","{citizen 20}","[85 0 170 100]","""""","9.9","false","{breed social-friends}","0","""default""","""none""","0"
"{citizen 29}","{citizen 21}","[85 0 170 100]","""""","9.9","false","{breed social-friends}","0","""default""","""none""","0"
"{citizen 29}","{citizen 22}","[85 0 170 100]","""""","9.9","false","{breed social-friends}","0","""default""","""none""","0"
"{citizen 29}","{citizen 23}","[85 0 170 100]","""""","9.9","false","{breed social-friends}","0","""default""","""none""","0"
"{citizen 29}","{citizen 24}","[85 0 170 100]","""""","9.9","false","{breed social-friends}","0","""default""","""none""","0"
"{citizen 29}","{citizen 25}","[85 0 170 100]","""""","9.9","false","{breed social-friends}","0","""default""","""none""","0"
"{citizen 29}","{citizen 26}","[85 0 170 100]","""""","9.9","false","{breed social-friends}","0","""default""","""none""","0"
"{citizen 29}","{citizen 27}","[85 0 170 100]","""""","9.9","false","{breed social-friends}","0","""default""","""none""","0"
"{citizen 29}","{citizen 28}","[85 0 170 100]","""""","9.9","false","{breed social-friends}","0","""default""","""none""","0"
"{citizen 29}","{citizen 30}","[85 0 170 100]","""""","9.9","false","{breed social-friends}","0","""default""","""none""","0"
"{citizen 29}","{citizen 31}","[85 0 170 100]","""""","9.9","false","{breed social-friends}","0","""default""","""none""","0"
"{citizen 29}","{citizen 32}","[85 0 170 100]","""""","9.9","false","{breed social-friends}","0","""default""","""none""","0"
"{citizen 29}","{citizen 33}","[85 0 170 100]","""""","9.9","false","{breed social-friends}","0","""default""","""none""","0"
"{citizen 29}","{citizen 34}","[85 0 170 100]","""""","9.9","false","{breed social-friends}","0","""default""","""none""","0"
"{citizen 29}","{citizen 35}","[85 0 170 100]","""""","9.9","false","{breed social-friends}","0","""default""","""none""","0"
"{citizen 29}","{citizen 36}","[85 0 170 100]","""""","9.9","false","{breed social-friends}","0","""default""","""none""","0"
"{citizen 29}","{citizen 37}","[85 0 170 100]","""""","9.9","false","{breed social-friends}","0","""default""","""none""","0"
"{citizen 29}","{citizen 38}","[85 0 170 100]","""""","9.9","false","{breed social-friends}","0","""default""","""none""","0"
"{citizen 29}","{citizen 39}","[85 0 170 100]","""""","9.9","false","{breed social-friends}","0","""default""","""none""","0"
"{citizen 29}","{citizen 40}","[85 0 170 100]","""""","9.9","false","{breed social-friends}","0","""default""","""none""","0"
"{citizen 29}","{citizen 41}","[85 0 170 100]","""""","9.9","false","{breed social-friends}","0","""default""","""none""","0"
"{citizen 29}","{citizen 42}","[85 0 170 100]","""""","9.9","false","{breed social-friends}","0","""default""","""none""","0"
"{citizen 29}","{citizen 43}","[85 0 170 100]","""""","9.9","false","{breed social-friends}","0","""default""","""none""","0"
"{citizen 29}","{citizen 44}","[85 0 170 100]","""""","9.9","false","{breed social-friends}","0","""default""","""none""","0"
"{citizen 29}","{citizen 45}","[85 0 170 100]","""""","9.9","false","{breed social-friends}","0","""default""","""none""","0"
"{citizen 29}","{citizen 46}","[85 0 170 100]","""""","9.9","false","{breed social-friends}","0","""default""","""none""","0"
"{citizen 29}","{citizen 47}","[85 0 170 100]","""""","9.9","false","{breed social-friends}","0","""default""","""none""","0"
"{citizen 29}","{citizen 48}","[85 0 170 100]","""""","9.9","false","{breed social-friends}","0","""default""","""none""","0"
"{citizen 29}","{citizen 49}","[85 0 170 100]","""""","9.9","false","{breed social-friends}","0","""default""","""none""","0"
"{citizen 30}","{citizen 0}","[85 0 170 100]","""""","9.9","false","{breed social-friends}","0","""default""","""none""","0"
"{citizen 30}","{citizen 1}","[85 0 170 100]","""""","9.9","false","{breed social-friends}","0","""default""","""none""","0"
"{citizen 30}","{citizen 2}","[85 0 170 100]","""""","9.9","false","{breed social-friends}","0","""default""","""none""","0"
"{citizen 30}","{citizen 3}","[85 0 170 100]","""""","9.9","false","{breed social-friends}","0","""default""","""none""","0"
"{citizen 30}","{citizen 4}","[85 0 170 100]","""""","9.9","false","{breed social-friends}","0","""default""","""none""","0"
"{citizen 30}","{citizen 5}","[85 0 170 100]","""""","9.9","false","{breed social-friends}","0","""default""","""none""","0"
"{citizen 30}","{citizen 6}","[85 0 170 100]","""""","9.9","false","{breed social-friends}","0","""default""","""none""","0"
"{citizen 30}","{citizen 7}","[85 0 170 100]","""""","9.9","false","{breed social-friends}","0","""default""","""none""","0"
"{citizen 30}","{citizen 8}","[85 0 170 100]","""""","9.9","false","{breed social-friends}","0","""default""","""none""","0"
"{citizen 30}","{citizen 9}","[85 0 170 100]","""""","9.9","false","{breed social-friends}","0","""default""","""none""","0"
"{citizen 30}","{citizen 10}","[85 0 170 100]","""""","9.9","false","{breed social-friends}","0","""default""","""none""","0"
"{citizen 30}","{citizen 11}","[85 0 170 100]","""""","9.9","false","{breed social-friends}","0","""default""","""none""","0"
"{citizen 30}","{citizen 12}","[85 0 170 100]","""""","9.9","false","{breed social-friends}","0","""default""","""none""","0"
"{citizen 30}","{citizen 13}","[85 0 170 100]","""""","9.9","false","{breed social-friends}","0","""default""","""none""","0"
"{citizen 30}","{citizen 14}","[85 0 170 100]","""""","9.9","false","{breed social-friends}","0","""default""","""none""","0"
"{citizen 30}","{citizen 15}","[85 0 170 100]","""""","9.9","false","{breed social-friends}","0","""default""","""none""","0"
"{citizen 30}","{citizen 16}","[85 0 170 100]","""""","9.9","false","{breed social-friends}","0","""default""","""none""","0"
"{citizen 30}","{citizen 17}","[85 0 170 100]","""""","9.9","false","{breed social-friends}","0","""default""","""none""","0"
"{citizen 30}","{citizen 18}","[85 0 170 100]","""""","9.9","false","{breed social-friends}","0","""default""","""none""","0"
"{citizen 30}","{citizen 19}","[85 0 170 100]","""""","9.9","false","{breed social-friends}","0","""default""","""none""","0"
"{citizen 30}","{citizen 20}","[85 0 170 100]","""""","9.9","false","{breed social-friends}","0","""default""","""none""","0"
"{citizen 30}","{citizen 21}","[85 0 170 100]","""""","9.9","false","{breed social-friends}","0","""default""","""none""","0"
"{citizen 30}","{citizen 22}","[85 0 170 100]","""""","9.9","false","{breed social-friends}","0","""default""","""none""","0"
"{citizen 30}","{citizen 23}","[85 0 170 100]","""""","9.9","false","{breed social-friends}","0","""default""","""none""","0"
"{citizen 30}","{citizen 24}","[85 0 170 100]","""""","9.9","false","{breed social-friends}","0","""default""","""none""","0"
"{citizen 30}","{citizen 25}","[85 0 170 100]","""""","9.9","false","{breed social-friends}","0","""default""","""none""","0"
"{citizen 30}","{citizen 26}","[85 0 170 100]","""""","9.9","false","{breed social-friends}","0","""default""","""none""","0"
"{citizen 30}","{citizen 27}","[85 0 170 100]","""""","9.9","false","{breed social-friends}","0","""default""","""none""","0"
"{citizen 30}","{citizen 28}","[85 0 170 100]","""""","9.9","false","{breed social-friends}","0","""default""","""none""","0"
"{citizen 30}","{citizen 29}","[85 0 170 100]","""""","9.9","false","{breed social-friends}","0","""default""","""none""","0"
"{citizen 30}","{citizen 31}","[85 0 170 100]","""""","9.9","false","{breed social-friends}","0","""default""","""none""","0"
"{citizen 30}","{citizen 32}","[85 0 170 100]","""""","9.9","false","{breed social-friends}","0","""default""","""none""","0"
"{citizen 30}","{citizen 33}","[85 0 170 100]","""""","9.9","false","{breed social-friends}","0","""default""","""none""","0"
"{citizen 30}","{citizen 34}","[85 0 170 100]","""""","9.9","false","{breed social-friends}","0","""default""","""none""","0"
"{citizen 30}","{citizen 35}","[85 0 170 100]","""""","9.9","false","{breed social-friends}","0","""default""","""none""","0"
"{citizen 30}","{citizen 36}","[85 0 170 100]","""""","9.9","false","{breed social-friends}","0","""default""","""none""","0"
"{citizen 30}","{citizen 37}","[85 0 170 100]","""""","9.9","false","{breed social-friends}","0","""default""","""none""","0"
"{citizen 30}","{citizen 38}","[85 0 170 100]","""""","9.9","false","{breed social-friends}","0","""default""","""none""","0"
"{citizen 30}","{citizen 39}","[85 0 170 100]","""""","9.9","false","{breed social-friends}","0","""default""","""none""","0"
"{citizen 30}","{citizen 40}","[85 0 170 100]","""""","9.9","false","{breed social-friends}","0","""default""","""none""","0"
"{citizen 30}","{citizen 41}","[85 0 170 100]","""""","9.9","false","{breed social-friends}","0","""default""","""none""","0"
"{citizen 30}","{citizen 42}","[85 0 170 100]","""""","9.9","false","{breed social-friends}","0","""default""","""none""","0"
"{citizen 30}","{citizen 43}","[85 0 170 100]","""""","9.9","false","{breed social-friends}","0","""default""","""none""","0"
"{citizen 30}","{citizen 44}","[85 0 170 100]","""""","9.9","false","{breed social-friends}","0","""default""","""none""","0"
"{citizen 30}","{citizen 45}","[85 0 170 100]","""""","9.9","false","{breed social-friends}","0","""default""","""none""","0"
"{citizen 30}","{citizen 46}","[85 0 170 100]","""""","9.9","false","{breed social-friends}","0","""default""","""none""","0"
"{citizen 30}","{citizen 47}","[85 0 170 100]","""""","9.9","false","{breed social-friends}","0","""default""","""none""","0"
"{citizen 30}","{citizen 48}","[85 0 170 100]","""""","9.9","false","{breed social-friends}","0","""default""","""none""","0"
"{citizen 30}","{citizen 49}","[85 0 170 100]","""""","9.9","false","{breed social-friends}","0","""default""","""none""","0"
"{citizen 31}","{citizen 0}","[85 0 170 100]","""""","9.9","false","{breed social-friends}","0","""default""","""none""","0"
"{citizen 31}","{citizen 1}","[85 0 170 100]","""""","9.9","false","{breed social-friends}","0","""default""","""none""","0"
"{citizen 31}","{citizen 2}","[85 0 170 100]","""""","9.9","false","{breed social-friends}","0","""default""","""none""","0"
"{citizen 31}","{citizen 3}","[85 0 170 100]","""""","9.9","false","{breed social-friends}","0","""default""","""none""","0"
"{citizen 31}","{citizen 4}","[85 0 170 100]","""""","9.9","false","{breed social-friends}","0","""default""","""none""","0"
"{citizen 31}","{citizen 5}","[85 0 170 100]","""""","9.9","false","{breed social-friends}","0","""default""","""none""","0"
"{citizen 31}","{citizen 6}","[85 0 170 100]","""""","9.9","false","{breed social-friends}","0","""default""","""none""","0"
"{citizen 31}","{citizen 7}","[85 0 170 100]","""""","9.9","false","{breed social-friends}","0","""default""","""none""","0"
"{citizen 31}","{citizen 8}","[85 0 170 100]","""""","9.9","false","{breed social-friends}","0","""default""","""none""","0"
"{citizen 31}","{citizen 9}","[85 0 170 100]","""""","9.9","false","{breed social-friends}","0","""default""","""none""","0"
"{citizen 31}","{citizen 10}","[85 0 170 100]","""""","9.9","false","{breed social-friends}","0","""default""","""none""","0"
"{citizen 31}","{citizen 11}","[85 0 170 100]","""""","9.9","false","{breed social-friends}","0","""default""","""none""","0"
"{citizen 31}","{citizen 12}","[85 0 170 100]","""""","9.9","false","{breed social-friends}","0","""default""","""none""","0"
"{citizen 31}","{citizen 13}","[85 0 170 100]","""""","9.9","false","{breed social-friends}","0","""default""","""none""","0"
"{citizen 31}","{citizen 14}","[85 0 170 100]","""""","9.9","false","{breed social-friends}","0","""default""","""none""","0"
"{citizen 31}","{citizen 15}","[85 0 170 100]","""""","9.9","false","{breed social-friends}","0","""default""","""none""","0"
"{citizen 31}","{citizen 16}","[85 0 170 100]","""""","9.9","false","{breed social-friends}","0","""default""","""none""","0"
"{citizen 31}","{citizen 17}","[85 0 170 100]","""""","9.9","false","{breed social-friends}","0","""default""","""none""","0"
"{citizen 31}","{citizen 18}","[85 0 170 100]","""""","9.9","false","{breed social-friends}","0","""default""","""none""","0"
"{citizen 31}","{citizen 19}","[85 0 170 100]","""""","9.9","false","{breed social-friends}","0","""default""","""none""","0"
"{citizen 31}","{citizen 20}","[85 0 170 100]","""""","9.9","false","{breed social-friends}","0","""default""","""none""","0"
"{citizen 31}","{citizen 21}","[85 0 170 100]","""""","9.9","false","{breed social-friends}","0","""default""","""none""","0"
"{citizen 31}","{citizen 22}","[85 0 170 100]","""""","9.9","false","{breed social-friends}","0","""default""","""none""","0"
"{citizen 31}","{citizen 23}","[85 0 170 100]","""""","9.9","false","{breed social-friends}","0","""default""","""none""","0"
"{citizen 31}","{citizen 24}","[85 0 170 100]","""""","9.9","false","{breed social-friends}","0","""default""","""none""","0"
"{citizen 31}","{citizen 25}","[85 0 170 100]","""""","9.9","false","{breed social-friends}","0","""default""","""none""","0"
"{citizen 31}","{citizen 26}","[85 0 170 100]","""""","9.9","false","{breed social-friends}","0","""default""","""none""","0"
"{citizen 31}","{citizen 27}","[85 0 170 100]","""""","9.9","false","{breed social-friends}","0","""default""","""none""","0"
"{citizen 31}","{citizen 28}","[85 0 170 100]","""""","9.9","false","{breed social-friends}","0","""default""","""none""","0"
"{citizen 31}","{citizen 29}","[85 0 170 100]","""""","9.9","false","{breed social-friends}","0","""default""","""none""","0"
"{citizen 31}","{citizen 30}","[85 0 170 100]","""""","9.9","false","{breed social-friends}","0","""default""","""none""","0"
"{citizen 31}","{citizen 32}","[85 0 170 100]","""""","9.9","false","{breed social-friends}","0","""default""","""none""","0"
"{citizen 31}","{citizen 33}","[85 0 170 100]","""""","9.9","false","{breed social-friends}","0","""default""","""none""","0"
"{citizen 31}","{citizen 34}","[85 0 170 100]","""""","9.9","false","{breed social-friends}","0","""default""","""none""","0"
"{citizen 31}","{citizen 35}","[85 0 170 100]","""""","9.9","false","{breed social-friends}","0","""default""","""none""","0"
"{citizen 31}","{citizen 36}","[85 0 170 100]","""""","9.9","false","{breed social-friends}","0","""default""","""none""","0"
"{citizen 31}","{citizen 37}","[85 0 170 100]","""""","9.9","false","{breed social-friends}","0","""default""","""none""","0"
"{citizen 31}","{citizen 38}","[85 0 170 100]","""""","9.9","false","{breed social-friends}","0","""default""","""none""","0"
"{citizen 31}","{citizen 39}","[85 0 170 100]","""""","9.9","false","{breed social-friends}","0","""default""","""none""","0"
"{citizen 31}","{citizen 40}","[85 0 170 100]","""""","9.9","false","{breed social-friends}","0","""default""","""none""","0"
"{citizen 31}","{citizen 41}","[85 0 170 100]","""""","9.9","false","{breed social-friends}","0","""default""","""none""","0"
"{citizen 31}","{citizen 42}","[85 0 170 100]","""""","9.9","false","{breed social-friends}","0","""default""","""none""","0"
"{citizen 31}","{citizen 43}","[85 0 170 100]","""""","9.9","false","{breed social-friends}","0","""default""","""none""","0"
"{citizen 31}","{citizen 44}","[85 0 170 100]","""""","9.9","false","{breed social-friends}","0","""default""","""none""","0"
"{citizen 31}","{citizen 45}","[85 0 170 100]","""""","9.9","false","{breed social-friends}","0","""default""","""none""","0"
"{citizen 31}","{citizen 46}","[85 0 170 100]","""""","9.9","false","{breed social-friends}","0","""default""","""none""","0"
"{citizen 31}","{citizen 47}","[85 0 170 100]","""""","9.9","false","{breed social-friends}","0","""default""","""none""","0"
"{citizen 31}","{citizen 48}","[85 0 170 100]","""""","9.9","false","{breed social-friends}","0","""default""","""none""","0"
"{citizen 31}","{citizen 49}","[85 0 170 100]","""""","9.9","false","{breed social-friends}","0","""default""","""none""","0"
"{citizen 32}","{citizen 0}","[85 0 170 100]","""""","9.9","false","{breed social-friends}","0","""default""","""none""","0"
"{citizen 32}","{citizen 1}","[85 0 170 100]","""""","9.9","false","{breed social-friends}","0","""default""","""none""","0"
"{citizen 32}","{citizen 2}","[85 0 170 100]","""""","9.9","false","{breed social-friends}","0","""default""","""none""","0"
"{citizen 32}","{citizen 3}","[85 0 170 100]","""""","9.9","false","{breed social-friends}","0","""default""","""none""","0"
"{citizen 32}","{citizen 4}","[85 0 170 100]","""""","9.9","false","{breed social-friends}","0","""default""","""none""","0"
"{citizen 32}","{citizen 5}","[85 0 170 100]","""""","9.9","false","{breed social-friends}","0","""default""","""none""","0"
"{citizen 32}","{citizen 6}","[85 0 170 100]","""""","9.9","false","{breed social-friends}","0","""default""","""none""","0"
"{citizen 32}","{citizen 7}","[85 0 170 100]","""""","9.9","false","{breed social-friends}","0","""default""","""none""","0"
"{citizen 32}","{citizen 8}","[85 0 170 100]","""""","9.9","false","{breed social-friends}","0","""default""","""none""","0"
"{citizen 32}","{citizen 9}","[85 0 170 100]","""""","9.9","false","{breed social-friends}","0","""default""","""none""","0"
"{citizen 32}","{citizen 10}","[85 0 170 100]","""""","9.9","false","{breed social-friends}","0","""default""","""none""","0"
"{citizen 32}","{citizen 11}","[85 0 170 100]","""""","9.9","false","{breed social-friends}","0","""default""","""none""","0"
"{citizen 32}","{citizen 12}","[85 0 170 100]","""""","9.9","false","{breed social-friends}","0","""default""","""none""","0"
"{citizen 32}","{citizen 13}","[85 0 170 100]","""""","9.9","false","{breed social-friends}","0","""default""","""none""","0"
"{citizen 32}","{citizen 14}","[85 0 170 100]","""""","9.9","false","{breed social-friends}","0","""default""","""none""","0"
"{citizen 32}","{citizen 15}","[85 0 170 100]","""""","9.9","false","{breed social-friends}","0","""default""","""none""","0"
"{citizen 32}","{citizen 16}","[85 0 170 100]","""""","9.9","false","{breed social-friends}","0","""default""","""none""","0"
"{citizen 32}","{citizen 17}","[85 0 170 100]","""""","9.9","false","{breed social-friends}","0","""default""","""none""","0"
"{citizen 32}","{citizen 18}","[85 0 170 100]","""""","9.9","false","{breed social-friends}","0","""default""","""none""","0"
"{citizen 32}","{citizen 19}","[85 0 170 100]","""""","9.9","false","{breed social-friends}","0","""default""","""none""","0"
"{citizen 32}","{citizen 20}","[85 0 170 100]","""""","9.9","false","{breed social-friends}","0","""default""","""none""","0"
"{citizen 32}","{citizen 21}","[85 0 170 100]","""""","9.9","false","{breed social-friends}","0","""default""","""none""","0"
"{citizen 32}","{citizen 22}","[85 0 170 100]","""""","9.9","false","{breed social-friends}","0","""default""","""none""","0"
"{citizen 32}","{citizen 23}","[85 0 170 100]","""""","9.9","false","{breed social-friends}","0","""default""","""none""","0"
"{citizen 32}","{citizen 24}","[85 0 170 100]","""""","9.9","false","{breed social-friends}","0","""default""","""none""","0"
"{citizen 32}","{citizen 25}","[85 0 170 100]","""""","9.9","false","{breed social-friends}","0","""default""","""none""","0"
"{citizen 32}","{citizen 26}","[85 0 170 100]","""""","9.9","false","{breed social-friends}","0","""default""","""none""","0"
"{citizen 32}","{citizen 27}","[85 0 170 100]","""""","9.9","false","{breed social-friends}","0","""default""","""none""","0"
"{citizen 32}","{citizen 28}","[85 0 170 100]","""""","9.9","false","{breed social-friends}","0","""default""","""none""","0"
"{citizen 32}","{citizen 29}","[85 0 170 100]","""""","9.9","false","{breed social-friends}","0","""default""","""none""","0"
"{citizen 32}","{citizen 30}","[85 0 170 100]","""""","9.9","false","{breed social-friends}","0","""default""","""none""","0"
"{citizen 32}","{citizen 31}","[85 0 170 100]","""""","9.9","false","{breed social-friends}","0","""default""","""none""","0"
"{citizen 32}","{citizen 33}","[85 0 170 100]","""""","9.9","false","{breed social-friends}","0","""default""","""none""","0"
"{citizen 32}","{citizen 34}","[85 0 170 100]","""""","9.9","false","{breed social-friends}","0","""default""","""none""","0"
"{citizen 32}","{citizen 35}","[85 0 170 100]","""""","9.9","false","{breed social-friends}","0","""default""","""none""","0"
"{citizen 32}","{citizen 36}","[85 0 170 100]","""""","9.9","false","{breed social-friends}","0","""default""","""none""","0"
"{citizen 32}","{citizen 37}","[85 0 170 100]","""""","9.9","false","{breed social-friends}","0","""default""","""none""","0"
"{citizen 32}","{citizen 38}","[85 0 170 100]","""""","9.9","false","{breed social-friends}","0","""default""","""none""","0"
"{citizen 32}","{citizen 39}","[85 0 170 100]","""""","9.9","false","{breed social-friends}","0","""default""","""none""","0"
"{citizen 32}","{citizen 40}","[85 0 170 100]","""""","9.9","false","{breed social-friends}","0","""default""","""none""","0"
"{citizen 32}","{citizen 41}","[85 0 170 100]","""""","9.9","false","{breed social-friends}","0","""default""","""none""","0"
"{citizen 32}","{citizen 42}","[85 0 170 100]","""""","9.9","false","{breed social-friends}","0","""default""","""none""","0"
"{citizen 32}","{citizen 43}","[85 0 170 100]","""""","9.9","false","{breed social-friends}","0","""default""","""none""","0"
"{citizen 32}","{citizen 44}","[85 0 170 100]","""""","9.9","false","{breed social-friends}","0","""default""","""none""","0"
"{citizen 32}","{citizen 45}","[85 0 170 100]","""""","9.9","false","{breed social-friends}","0","""default""","""none""","0"
"{citizen 32}","{citizen 46}","[85 0 170 100]","""""","9.9","false","{breed social-friends}","0","""default""","""none""","0"
"{citizen 32}","{citizen 47}","[85 0 170 100]","""""","9.9","false","{breed social-friends}","0","""default""","""none""","0"
"{citizen 32}","{citizen 48}","[85 0 170 100]","""""","9.9","false","{breed social-friends}","0","""default""","""none""","0"
"{citizen 32}","{citizen 49}","[85 0 170 100]","""""","9.9","false","{breed social-friends}","0","""default""","""none""","0"
"{citizen 33}","{citizen 0}","[85 0 170 100]","""""","9.9","false","{breed social-friends}","0","""default""","""none""","0"
"{citizen 33}","{citizen 1}","[85 0 170 100]","""""","9.9","false","{breed social-friends}","0","""default""","""none""","0"
"{citizen 33}","{citizen 2}","[85 0 170 100]","""""","9.9","false","{breed social-friends}","0","""default""","""none""","0"
"{citizen 33}","{citizen 3}","[85 0 170 100]","""""","9.9","false","{breed social-friends}","0","""default""","""none""","0"
"{citizen 33}","{citizen 4}","[85 0 170 100]","""""","9.9","false","{breed social-friends}","0","""default""","""none""","0"
"{citizen 33}","{citizen 5}","[85 0 170 100]","""""","9.9","false","{breed social-friends}","0","""default""","""none""","0"
"{citizen 33}","{citizen 6}","[85 0 170 100]","""""","9.9","false","{breed social-friends}","0","""default""","""none""","0"
"{citizen 33}","{citizen 7}","[85 0 170 100]","""""","9.9","false","{breed social-friends}","0","""default""","""none""","0"
"{citizen 33}","{citizen 8}","[85 0 170 100]","""""","9.9","false","{breed social-friends}","0","""default""","""none""","0"
"{citizen 33}","{citizen 9}","[85 0 170 100]","""""","9.9","false","{breed social-friends}","0","""default""","""none""","0"
"{citizen 33}","{citizen 10}","[85 0 170 100]","""""","9.9","false","{breed social-friends}","0","""default""","""none""","0"
"{citizen 33}","{citizen 11}","[85 0 170 100]","""""","9.9","false","{breed social-friends}","0","""default""","""none""","0"
"{citizen 33}","{citizen 12}","[85 0 170 100]","""""","9.9","false","{breed social-friends}","0","""default""","""none""","0"
"{citizen 33}","{citizen 13}","[85 0 170 100]","""""","9.9","false","{breed social-friends}","0","""default""","""none""","0"
"{citizen 33}","{citizen 14}","[85 0 170 100]","""""","9.9","false","{breed social-friends}","0","""default""","""none""","0"
"{citizen 33}","{citizen 15}","[85 0 170 100]","""""","9.9","false","{breed social-friends}","0","""default""","""none""","0"
"{citizen 33}","{citizen 16}","[85 0 170 100]","""""","9.9","false","{breed social-friends}","0","""default""","""none""","0"
"{citizen 33}","{citizen 17}","[85 0 170 100]","""""","9.9","false","{breed social-friends}","0","""default""","""none""","0"
"{citizen 33}","{citizen 18}","[85 0 170 100]","""""","9.9","false","{breed social-friends}","0","""default""","""none""","0"
"{citizen 33}","{citizen 19}","[85 0 170 100]","""""","9.9","false","{breed social-friends}","0","""default""","""none""","0"
"{citizen 33}","{citizen 20}","[85 0 170 100]","""""","9.9","false","{breed social-friends}","0","""default""","""none""","0"
"{citizen 33}","{citizen 21}","[85 0 170 100]","""""","9.9","false","{breed social-friends}","0","""default""","""none""","0"
"{citizen 33}","{citizen 22}","[85 0 170 100]","""""","9.9","false","{breed social-friends}","0","""default""","""none""","0"
"{citizen 33}","{citizen 23}","[85 0 170 100]","""""","9.9","false","{breed social-friends}","0","""default""","""none""","0"
"{citizen 33}","{citizen 24}","[85 0 170 100]","""""","9.9","false","{breed social-friends}","0","""default""","""none""","0"
"{citizen 33}","{citizen 25}","[85 0 170 100]","""""","9.9","false","{breed social-friends}","0","""default""","""none""","0"
"{citizen 33}","{citizen 26}","[85 0 170 100]","""""","9.9","false","{breed social-friends}","0","""default""","""none""","0"
"{citizen 33}","{citizen 27}","[85 0 170 100]","""""","9.9","false","{breed social-friends}","0","""default""","""none""","0"
"{citizen 33}","{citizen 28}","[85 0 170 100]","""""","9.9","false","{breed social-friends}","0","""default""","""none""","0"
"{citizen 33}","{citizen 29}","[85 0 170 100]","""""","9.9","false","{breed social-friends}","0","""default""","""none""","0"
"{citizen 33}","{citizen 30}","[85 0 170 100]","""""","9.9","false","{breed social-friends}","0","""default""","""none""","0"
"{citizen 33}","{citizen 31}","[85 0 170 100]","""""","9.9","false","{breed social-friends}","0","""default""","""none""","0"
"{citizen 33}","{citizen 32}","[85 0 170 100]","""""","9.9","false","{breed social-friends}","0","""default""","""none""","0"
"{citizen 33}","{citizen 34}","[85 0 170 100]","""""","9.9","false","{breed social-friends}","0","""default""","""none""","0"
"{citizen 33}","{citizen 35}","[85 0 170 100]","""""","9.9","false","{breed social-friends}","0","""default""","""none""","0"
"{citizen 33}","{citizen 36}","[85 0 170 100]","""""","9.9","false","{breed social-friends}","0","""default""","""none""","0"
"{citizen 33}","{citizen 37}","[85 0 170 100]","""""","9.9","false","{breed social-friends}","0","""default""","""none""","0"
"{citizen 33}","{citizen 38}","[85 0 170 100]","""""","9.9","false","{breed social-friends}","0","""default""","""none""","0"
"{citizen 33}","{citizen 39}","[85 0 170 100]","""""","9.9","false","{breed social-friends}","0","""default""","""none""","0"
"{citizen 33}","{citizen 40}","[85 0 170 100]","""""","9.9","false","{breed social-friends}","0","""default""","""none""","0"
"{citizen 33}","{citizen 41}","[85 0 170 100]","""""","9.9","false","{breed social-friends}","0","""default""","""none""","0"
"{citizen 33}","{citizen 42}","[85 0 170 100]","""""","9.9","false","{breed social-friends}","0","""default""","""none""","0"
"{citizen 33}","{citizen 43}","[85 0 170 100]","""""","9.9","false","{breed social-friends}","0","""default""","""none""","0"
"{citizen 33}","{citizen 44}","[85 0 170 100]","""""","9.9","false","{breed social-friends}","0","""default""","""none""","0"
"{citizen 33}","{citizen 45}","[85 0 170 100]","""""","9.9","false","{breed social-friends}","0","""default""","""none""","0"
"{citizen 33}","{citizen 46}","[85 0 170 100]","""""","9.9","false","{breed social-friends}","0","""default""","""none""","0"
"{citizen 33}","{citizen 47}","[85 0 170 100]","""""","9.9","false","{breed social-friends}","0","""default""","""none""","0"
"{citizen 33}","{citizen 48}","[85 0 170 100]","""""","9.9","false","{breed social-friends}","0","""default""","""none""","0"
"{citizen 33}","{citizen 49}","[85 0 170 100]","""""","9.9","false","{breed social-friends}","0","""default""","""none""","0"
"{citizen 34}","{citizen 0}","[85 0 170 100]","""""","9.9","false","{breed social-friends}","0","""default""","""none""","0"
"{citizen 34}","{citizen 1}","[85 0 170 100]","""""","9.9","false","{breed social-friends}","0","""default""","""none""","0"
"{citizen 34}","{citizen 2}","[85 0 170 100]","""""","9.9","false","{breed social-friends}","0","""default""","""none""","0"
"{citizen 34}","{citizen 3}","[85 0 170 100]","""""","9.9","false","{breed social-friends}","0","""default""","""none""","0"
"{citizen 34}","{citizen 4}","[85 0 170 100]","""""","9.9","false","{breed social-friends}","0","""default""","""none""","0"
"{citizen 34}","{citizen 5}","[85 0 170 100]","""""","9.9","false","{breed social-friends}","0","""default""","""none""","0"
"{citizen 34}","{citizen 6}","[85 0 170 100]","""""","9.9","false","{breed social-friends}","0","""default""","""none""","0"
"{citizen 34}","{citizen 7}","[85 0 170 100]","""""","9.9","false","{breed social-friends}","0","""default""","""none""","0"
"{citizen 34}","{citizen 8}","[85 0 170 100]","""""","9.9","false","{breed social-friends}","0","""default""","""none""","0"
"{citizen 34}","{citizen 9}","[85 0 170 100]","""""","9.9","false","{breed social-friends}","0","""default""","""none""","0"
"{citizen 34}","{citizen 10}","[85 0 170 100]","""""","9.9","false","{breed social-friends}","0","""default""","""none""","0"
"{citizen 34}","{citizen 11}","[85 0 170 100]","""""","9.9","false","{breed social-friends}","0","""default""","""none""","0"
"{citizen 34}","{citizen 12}","[85 0 170 100]","""""","9.9","false","{breed social-friends}","0","""default""","""none""","0"
"{citizen 34}","{citizen 13}","[85 0 170 100]","""""","9.9","false","{breed social-friends}","0","""default""","""none""","0"
"{citizen 34}","{citizen 14}","[85 0 170 100]","""""","9.9","false","{breed social-friends}","0","""default""","""none""","0"
"{citizen 34}","{citizen 15}","[85 0 170 100]","""""","9.9","false","{breed social-friends}","0","""default""","""none""","0"
"{citizen 34}","{citizen 16}","[85 0 170 100]","""""","9.9","false","{breed social-friends}","0","""default""","""none""","0"
"{citizen 34}","{citizen 17}","[85 0 170 100]","""""","9.9","false","{breed social-friends}","0","""default""","""none""","0"
"{citizen 34}","{citizen 18}","[85 0 170 100]","""""","9.9","false","{breed social-friends}","0","""default""","""none""","0"
"{citizen 34}","{citizen 19}","[85 0 170 100]","""""","9.9","false","{breed social-friends}","0","""default""","""none""","0"
"{citizen 34}","{citizen 20}","[85 0 170 100]","""""","9.9","false","{breed social-friends}","0","""default""","""none""","0"
"{citizen 34}","{citizen 21}","[85 0 170 100]","""""","9.9","false","{breed social-friends}","0","""default""","""none""","0"
"{citizen 34}","{citizen 22}","[85 0 170 100]","""""","9.9","false","{breed social-friends}","0","""default""","""none""","0"
"{citizen 34}","{citizen 23}","[85 0 170 100]","""""","9.9","false","{breed social-friends}","0","""default""","""none""","0"
"{citizen 34}","{citizen 24}","[85 0 170 100]","""""","9.9","false","{breed social-friends}","0","""default""","""none""","0"
"{citizen 34}","{citizen 25}","[85 0 170 100]","""""","9.9","false","{breed social-friends}","0","""default""","""none""","0"
"{citizen 34}","{citizen 26}","[85 0 170 100]","""""","9.9","false","{breed social-friends}","0","""default""","""none""","0"
"{citizen 34}","{citizen 27}","[85 0 170 100]","""""","9.9","false","{breed social-friends}","0","""default""","""none""","0"
"{citizen 34}","{citizen 28}","[85 0 170 100]","""""","9.9","false","{breed social-friends}","0","""default""","""none""","0"
"{citizen 34}","{citizen 29}","[85 0 170 100]","""""","9.9","false","{breed social-friends}","0","""default""","""none""","0"
"{citizen 34}","{citizen 30}","[85 0 170 100]","""""","9.9","false","{breed social-friends}","0","""default""","""none""","0"
"{citizen 34}","{citizen 31}","[85 0 170 100]","""""","9.9","false","{breed social-friends}","0","""default""","""none""","0"
"{citizen 34}","{citizen 32}","[85 0 170 100]","""""","9.9","false","{breed social-friends}","0","""default""","""none""","0"
"{citizen 34}","{citizen 33}","[85 0 170 100]","""""","9.9","false","{breed social-friends}","0","""default""","""none""","0"
"{citizen 34}","{citizen 35}","[85 0 170 100]","""""","9.9","false","{breed social-friends}","0","""default""","""none""","0"
"{citizen 34}","{citizen 36}","[85 0 170 100]","""""","9.9","false","{breed social-friends}","0","""default""","""none""","0"
"{citizen 34}","{citizen 37}","[85 0 170 100]","""""","9.9","false","{breed social-friends}","0","""default""","""none""","0"
"{citizen 34}","{citizen 38}","[85 0 170 100]","""""","9.9","false","{breed social-friends}","0","""default""","""none""","0"
"{citizen 34}","{citizen 39}","[85 0 170 100]","""""","9.9","false","{breed social-friends}","0","""default""","""none""","0"
"{citizen 34}","{citizen 40}","[85 0 170 100]","""""","9.9","false","{breed social-friends}","0","""default""","""none""","0"
"{citizen 34}","{citizen 41}","[85 0 170 100]","""""","9.9","false","{breed social-friends}","0","""default""","""none""","0"
"{citizen 34}","{citizen 42}","[85 0 170 100]","""""","9.9","false","{breed social-friends}","0","""default""","""none""","0"
"{citizen 34}","{citizen 43}","[85 0 170 100]","""""","9.9","false","{breed social-friends}","0","""default""","""none""","0"
"{citizen 34}","{citizen 44}","[85 0 170 100]","""""","9.9","false","{breed social-friends}","0","""default""","""none""","0"
"{citizen 34}","{citizen 45}","[85 0 170 100]","""""","9.9","false","{breed social-friends}","0","""default""","""none""","0"
"{citizen 34}","{citizen 46}","[85 0 170 100]","""""","9.9","false","{breed social-friends}","0","""default""","""none""","0"
"{citizen 34}","{citizen 47}","[85 0 170 100]","""""","9.9","false","{breed social-friends}","0","""default""","""none""","0"
"{citizen 34}","{citizen 48}","[85 0 170 100]","""""","9.9","false","{breed social-friends}","0","""default""","""none""","0"
"{citizen 34}","{citizen 49}","[85 0 170 100]","""""","9.9","false","{breed social-friends}","0","""default""","""none""","0"
"{citizen 35}","{citizen 0}","[85 0 170 100]","""""","9.9","false","{breed social-friends}","0","""default""","""none""","0"
"{citizen 35}","{citizen 1}","[85 0 170 100]","""""","9.9","false","{breed social-friends}","0","""default""","""none""","0"
"{citizen 35}","{citizen 2}","[85 0 170 100]","""""","9.9","false","{breed social-friends}","0","""default""","""none""","0"
"{citizen 35}","{citizen 3}","[85 0 170 100]","""""","9.9","false","{breed social-friends}","0","""default""","""none""","0"
"{citizen 35}","{citizen 4}","[85 0 170 100]","""""","9.9","false","{breed social-friends}","0","""default""","""none""","0"
"{citizen 35}","{citizen 5}","[85 0 170 100]","""""","9.9","false","{breed social-friends}","0","""default""","""none""","0"
"{citizen 35}","{citizen 6}","[85 0 170 100]","""""","9.9","false","{breed social-friends}","0","""default""","""none""","0"
"{citizen 35}","{citizen 7}","[85 0 170 100]","""""","9.9","false","{breed social-friends}","0","""default""","""none""","0"
"{citizen 35}","{citizen 8}","[85 0 170 100]","""""","9.9","false","{breed social-friends}","0","""default""","""none""","0"
"{citizen 35}","{citizen 9}","[85 0 170 100]","""""","9.9","false","{breed social-friends}","0","""default""","""none""","0"
"{citizen 35}","{citizen 10}","[85 0 170 100]","""""","9.9","false","{breed social-friends}","0","""default""","""none""","0"
"{citizen 35}","{citizen 11}","[85 0 170 100]","""""","9.9","false","{breed social-friends}","0","""default""","""none""","0"
"{citizen 35}","{citizen 12}","[85 0 170 100]","""""","9.9","false","{breed social-friends}","0","""default""","""none""","0"
"{citizen 35}","{citizen 13}","[85 0 170 100]","""""","9.9","false","{breed social-friends}","0","""default""","""none""","0"
"{citizen 35}","{citizen 14}","[85 0 170 100]","""""","9.9","false","{breed social-friends}","0","""default""","""none""","0"
"{citizen 35}","{citizen 15}","[85 0 170 100]","""""","9.9","false","{breed social-friends}","0","""default""","""none""","0"
"{citizen 35}","{citizen 16}","[85 0 170 100]","""""","9.9","false","{breed social-friends}","0","""default""","""none""","0"
"{citizen 35}","{citizen 17}","[85 0 170 100]","""""","9.9","false","{breed social-friends}","0","""default""","""none""","0"
"{citizen 35}","{citizen 18}","[85 0 170 100]","""""","9.9","false","{breed social-friends}","0","""default""","""none""","0"
"{citizen 35}","{citizen 19}","[85 0 170 100]","""""","9.9","false","{breed social-friends}","0","""default""","""none""","0"
"{citizen 35}","{citizen 20}","[85 0 170 100]","""""","9.9","false","{breed social-friends}","0","""default""","""none""","0"
"{citizen 35}","{citizen 21}","[85 0 170 100]","""""","9.9","false","{breed social-friends}","0","""default""","""none""","0"
"{citizen 35}","{citizen 22}","[85 0 170 100]","""""","9.9","false","{breed social-friends}","0","""default""","""none""","0"
"{citizen 35}","{citizen 23}","[85 0 170 100]","""""","9.9","false","{breed social-friends}","0","""default""","""none""","0"
"{citizen 35}","{citizen 24}","[85 0 170 100]","""""","9.9","false","{breed social-friends}","0","""default""","""none""","0"
"{citizen 35}","{citizen 25}","[85 0 170 100]","""""","9.9","false","{breed social-friends}","0","""default""","""none""","0"
"{citizen 35}","{citizen 26}","[85 0 170 100]","""""","9.9","false","{breed social-friends}","0","""default""","""none""","0"
"{citizen 35}","{citizen 27}","[85 0 170 100]","""""","9.9","false","{breed social-friends}","0","""default""","""none""","0"
"{citizen 35}","{citizen 28}","[85 0 170 100]","""""","9.9","false","{breed social-friends}","0","""default""","""none""","0"
"{citizen 35}","{citizen 29}","[85 0 170 100]","""""","9.9","false","{breed social-friends}","0","""default""","""none""","0"
"{citizen 35}","{citizen 30}","[85 0 170 100]","""""","9.9","false","{breed social-friends}","0","""default""","""none""","0"
"{citizen 35}","{citizen 31}","[85 0 170 100]","""""","9.9","false","{breed social-friends}","0","""default""","""none""","0"
"{citizen 35}","{citizen 32}","[85 0 170 100]","""""","9.9","false","{breed social-friends}","0","""default""","""none""","0"
"{citizen 35}","{citizen 33}","[85 0 170 100]","""""","9.9","false","{breed social-friends}","0","""default""","""none""","0"
"{citizen 35}","{citizen 34}","[85 0 170 100]","""""","9.9","false","{breed social-friends}","0","""default""","""none""","0"
"{citizen 35}","{citizen 36}","[85 0 170 100]","""""","9.9","false","{breed social-friends}","0","""default""","""none""","0"
"{citizen 35}","{citizen 37}","[85 0 170 100]","""""","9.9","false","{breed social-friends}","0","""default""","""none""","0"
"{citizen 35}","{citizen 38}","[85 0 170 100]","""""","9.9","false","{breed social-friends}","0","""default""","""none""","0"
"{citizen 35}","{citizen 39}","[85 0 170 100]","""""","9.9","false","{breed social-friends}","0","""default""","""none""","0"
"{citizen 35}","{citizen 40}","[85 0 170 100]","""""","9.9","false","{breed social-friends}","0","""default""","""none""","0"
"{citizen 35}","{citizen 41}","[85 0 170 100]","""""","9.9","false","{breed social-friends}","0","""default""","""none""","0"
"{citizen 35}","{citizen 42}","[85 0 170 100]","""""","9.9","false","{breed social-friends}","0","""default""","""none""","0"
"{citizen 35}","{citizen 43}","[85 0 170 100]","""""","9.9","false","{breed social-friends}","0","""default""","""none""","0"
"{citizen 35}","{citizen 44}","[85 0 170 100]","""""","9.9","false","{breed social-friends}","0","""default""","""none""","0"
"{citizen 35}","{citizen 45}","[85 0 170 100]","""""","9.9","false","{breed social-friends}","0","""default""","""none""","0"
"{citizen 35}","{citizen 46}","[85 0 170 100]","""""","9.9","false","{breed social-friends}","0","""default""","""none""","0"
"{citizen 35}","{citizen 47}","[85 0 170 100]","""""","9.9","false","{breed social-friends}","0","""default""","""none""","0"
"{citizen 35}","{citizen 48}","[85 0 170 100]","""""","9.9","false","{breed social-friends}","0","""default""","""none""","0"
"{citizen 35}","{citizen 49}","[85 0 170 100]","""""","9.9","false","{breed social-friends}","0","""default""","""none""","0"
"{citizen 36}","{citizen 0}","[85 0 170 100]","""""","9.9","false","{breed social-friends}","0","""default""","""none""","0"
"{citizen 36}","{citizen 1}","[85 0 170 100]","""""","9.9","false","{breed social-friends}","0","""default""","""none""","0"
"{citizen 36}","{citizen 2}","[85 0 170 100]","""""","9.9","false","{breed social-friends}","0","""default""","""none""","0"
"{citizen 36}","{citizen 3}","[85 0 170 100]","""""","9.9","false","{breed social-friends}","0","""default""","""none""","0"
"{citizen 36}","{citizen 4}","[85 0 170 100]","""""","9.9","false","{breed social-friends}","0","""default""","""none""","0"
"{citizen 36}","{citizen 5}","[85 0 170 100]","""""","9.9","false","{breed social-friends}","0","""default""","""none""","0"
"{citizen 36}","{citizen 6}","[85 0 170 100]","""""","9.9","false","{breed social-friends}","0","""default""","""none""","0"
"{citizen 36}","{citizen 7}","[85 0 170 100]","""""","9.9","false","{breed social-friends}","0","""default""","""none""","0"
"{citizen 36}","{citizen 8}","[85 0 170 100]","""""","9.9","false","{breed social-friends}","0","""default""","""none""","0"
"{citizen 36}","{citizen 9}","[85 0 170 100]","""""","9.9","false","{breed social-friends}","0","""default""","""none""","0"
"{citizen 36}","{citizen 10}","[85 0 170 100]","""""","9.9","false","{breed social-friends}","0","""default""","""none""","0"
"{citizen 36}","{citizen 11}","[85 0 170 100]","""""","9.9","false","{breed social-friends}","0","""default""","""none""","0"
"{citizen 36}","{citizen 12}","[85 0 170 100]","""""","9.9","false","{breed social-friends}","0","""default""","""none""","0"
"{citizen 36}","{citizen 13}","[85 0 170 100]","""""","9.9","false","{breed social-friends}","0","""default""","""none""","0"
"{citizen 36}","{citizen 14}","[85 0 170 100]","""""","9.9","false","{breed social-friends}","0","""default""","""none""","0"
"{citizen 36}","{citizen 15}","[85 0 170 100]","""""","9.9","false","{breed social-friends}","0","""default""","""none""","0"
"{citizen 36}","{citizen 16}","[85 0 170 100]","""""","9.9","false","{breed social-friends}","0","""default""","""none""","0"
"{citizen 36}","{citizen 17}","[85 0 170 100]","""""","9.9","false","{breed social-friends}","0","""default""","""none""","0"
"{citizen 36}","{citizen 18}","[85 0 170 100]","""""","9.9","false","{breed social-friends}","0","""default""","""none""","0"
"{citizen 36}","{citizen 19}","[85 0 170 100]","""""","9.9","false","{breed social-friends}","0","""default""","""none""","0"
"{citizen 36}","{citizen 20}","[85 0 170 100]","""""","9.9","false","{breed social-friends}","0","""default""","""none""","0"
"{citizen 36}","{citizen 21}","[85 0 170 100]","""""","9.9","false","{breed social-friends}","0","""default""","""none""","0"
"{citizen 36}","{citizen 22}","[85 0 170 100]","""""","9.9","false","{breed social-friends}","0","""default""","""none""","0"
"{citizen 36}","{citizen 23}","[85 0 170 100]","""""","9.9","false","{breed social-friends}","0","""default""","""none""","0"
"{citizen 36}","{citizen 24}","[85 0 170 100]","""""","9.9","false","{breed social-friends}","0","""default""","""none""","0"
"{citizen 36}","{citizen 25}","[85 0 170 100]","""""","9.9","false","{breed social-friends}","0","""default""","""none""","0"
"{citizen 36}","{citizen 26}","[85 0 170 100]","""""","9.9","false","{breed social-friends}","0","""default""","""none""","0"
"{citizen 36}","{citizen 27}","[85 0 170 100]","""""","9.9","false","{breed social-friends}","0","""default""","""none""","0"
"{citizen 36}","{citizen 28}","[85 0 170 100]","""""","9.9","false","{breed social-friends}","0","""default""","""none""","0"
"{citizen 36}","{citizen 29}","[85 0 170 100]","""""","9.9","false","{breed social-friends}","0","""default""","""none""","0"
"{citizen 36}","{citizen 30}","[85 0 170 100]","""""","9.9","false","{breed social-friends}","0","""default""","""none""","0"
"{citizen 36}","{citizen 31}","[85 0 170 100]","""""","9.9","false","{breed social-friends}","0","""default""","""none""","0"
"{citizen 36}","{citizen 32}","[85 0 170 100]","""""","9.9","false","{breed social-friends}","0","""default""","""none""","0"
"{citizen 36}","{citizen 33}","[85 0 170 100]","""""","9.9","false","{breed social-friends}","0","""default""","""none""","0"
"{citizen 36}","{citizen 34}","[85 0 170 100]","""""","9.9","false","{breed social-friends}","0","""default""","""none""","0"
"{citizen 36}","{citizen 35}","[85 0 170 100]","""""","9.9","false","{breed social-friends}","0","""default""","""none""","0"
"{citizen 36}","{citizen 37}","[85 0 170 100]","""""","9.9","false","{breed social-friends}","0","""default""","""none""","0"
"{citizen 36}","{citizen 38}","[85 0 170 100]","""""","9.9","false","{breed social-friends}","0","""default""","""none""","0"
"{citizen 36}","{citizen 39}","[85 0 170 100]","""""","9.9","false","{breed social-friends}","0","""default""","""none""","0"
"{citizen 36}","{citizen 40}","[85 0 170 100]","""""","9.9","false","{breed social-friends}","0","""default""","""none""","0"
"{citizen 36}","{citizen 41}","[85 0 170 100]","""""","9.9","false","{breed social-friends}","0","""default""","""none""","0"
"{citizen 36}","{citizen 42}","[85 0 170 100]","""""","9.9","false","{breed social-friends}","0","""default""","""none""","0"
"{citizen 36}","{citizen 43}","[85 0 170 100]","""""","9.9","false","{breed social-friends}","0","""default""","""none""","0"
"{citizen 36}","{citizen 44}","[85 0 170 100]","""""","9.9","false","{breed social-friends}","0","""default""","""none""","0"
"{citizen 36}","{citizen 45}","[85 0 170 100]","""""","9.9","false","{breed social-friends}","0","""default""","""none""","0"
"{citizen 36}","{citizen 46}","[85 0 170 100]","""""","9.9","false","{breed social-friends}","0","""default""","""none""","0"
"{citizen 36}","{citizen 47}","[85 0 170 100]","""""","9.9","false","{breed social-friends}","0","""default""","""none""","0"
"{citizen 36}","{citizen 48}","[85 0 170 100]","""""","9.9","false","{breed social-friends}","0","""default""","""none""","0"
"{citizen 36}","{citizen 49}","[85 0 170 100]","""""","9.9","false","{breed social-friends}","0","""default""","""none""","0"
"{citizen 37}","{citizen 0}","[85 0 170 100]","""""","9.9","false","{breed social-friends}","0","""default""","""none""","0"
"{citizen 37}","{citizen 1}","[85 0 170 100]","""""","9.9","false","{breed social-friends}","0","""default""","""none""","0"
"{citizen 37}","{citizen 2}","[85 0 170 100]","""""","9.9","false","{breed social-friends}","0","""default""","""none""","0"
"{citizen 37}","{citizen 3}","[85 0 170 100]","""""","9.9","false","{breed social-friends}","0","""default""","""none""","0"
"{citizen 37}","{citizen 4}","[85 0 170 100]","""""","9.9","false","{breed social-friends}","0","""default""","""none""","0"
"{citizen 37}","{citizen 5}","[85 0 170 100]","""""","9.9","false","{breed social-friends}","0","""default""","""none""","0"
"{citizen 37}","{citizen 6}","[85 0 170 100]","""""","9.9","false","{breed social-friends}","0","""default""","""none""","0"
"{citizen 37}","{citizen 7}","[85 0 170 100]","""""","9.9","false","{breed social-friends}","0","""default""","""none""","0"
"{citizen 37}","{citizen 8}","[85 0 170 100]","""""","9.9","false","{breed social-friends}","0","""default""","""none""","0"
"{citizen 37}","{citizen 9}","[85 0 170 100]","""""","9.9","false","{breed social-friends}","0","""default""","""none""","0"
"{citizen 37}","{citizen 10}","[85 0 170 100]","""""","9.9","false","{breed social-friends}","0","""default""","""none""","0"
"{citizen 37}","{citizen 11}","[85 0 170 100]","""""","9.9","false","{breed social-friends}","0","""default""","""none""","0"
"{citizen 37}","{citizen 12}","[85 0 170 100]","""""","9.9","false","{breed social-friends}","0","""default""","""none""","0"
"{citizen 37}","{citizen 13}","[85 0 170 100]","""""","9.9","false","{breed social-friends}","0","""default""","""none""","0"
"{citizen 37}","{citizen 14}","[85 0 170 100]","""""","9.9","false","{breed social-friends}","0","""default""","""none""","0"
"{citizen 37}","{citizen 15}","[85 0 170 100]","""""","9.9","false","{breed social-friends}","0","""default""","""none""","0"
"{citizen 37}","{citizen 16}","[85 0 170 100]","""""","9.9","false","{breed social-friends}","0","""default""","""none""","0"
"{citizen 37}","{citizen 17}","[85 0 170 100]","""""","9.9","false","{breed social-friends}","0","""default""","""none""","0"
"{citizen 37}","{citizen 18}","[85 0 170 100]","""""","9.9","false","{breed social-friends}","0","""default""","""none""","0"
"{citizen 37}","{citizen 19}","[85 0 170 100]","""""","9.9","false","{breed social-friends}","0","""default""","""none""","0"
"{citizen 37}","{citizen 20}","[85 0 170 100]","""""","9.9","false","{breed social-friends}","0","""default""","""none""","0"
"{citizen 37}","{citizen 21}","[85 0 170 100]","""""","9.9","false","{breed social-friends}","0","""default""","""none""","0"
"{citizen 37}","{citizen 22}","[85 0 170 100]","""""","9.9","false","{breed social-friends}","0","""default""","""none""","0"
"{citizen 37}","{citizen 23}","[85 0 170 100]","""""","9.9","false","{breed social-friends}","0","""default""","""none""","0"
"{citizen 37}","{citizen 24}","[85 0 170 100]","""""","9.9","false","{breed social-friends}","0","""default""","""none""","0"
"{citizen 37}","{citizen 25}","[85 0 170 100]","""""","9.9","false","{breed social-friends}","0","""default""","""none""","0"
"{citizen 37}","{citizen 26}","[85 0 170 100]","""""","9.9","false","{breed social-friends}","0","""default""","""none""","0"
"{citizen 37}","{citizen 27}","[85 0 170 100]","""""","9.9","false","{breed social-friends}","0","""default""","""none""","0"
"{citizen 37}","{citizen 28}","[85 0 170 100]","""""","9.9","false","{breed social-friends}","0","""default""","""none""","0"
"{citizen 37}","{citizen 29}","[85 0 170 100]","""""","9.9","false","{breed social-friends}","0","""default""","""none""","0"
"{citizen 37}","{citizen 30}","[85 0 170 100]","""""","9.9","false","{breed social-friends}","0","""default""","""none""","0"
"{citizen 37}","{citizen 31}","[85 0 170 100]","""""","9.9","false","{breed social-friends}","0","""default""","""none""","0"
"{citizen 37}","{citizen 32}","[85 0 170 100]","""""","9.9","false","{breed social-friends}","0","""default""","""none""","0"
"{citizen 37}","{citizen 33}","[85 0 170 100]","""""","9.9","false","{breed social-friends}","0","""default""","""none""","0"
"{citizen 37}","{citizen 34}","[85 0 170 100]","""""","9.9","false","{breed social-friends}","0","""default""","""none""","0"
"{citizen 37}","{citizen 35}","[85 0 170 100]","""""","9.9","false","{breed social-friends}","0","""default""","""none""","0"
"{citizen 37}","{citizen 36}","[85 0 170 100]","""""","9.9","false","{breed social-friends}","0","""default""","""none""","0"
"{citizen 37}","{citizen 38}","[85 0 170 100]","""""","9.9","false","{breed social-friends}","0","""default""","""none""","0"
"{citizen 37}","{citizen 39}","[85 0 170 100]","""""","9.9","false","{breed social-friends}","0","""default""","""none""","0"
"{citizen 37}","{citizen 40}","[85 0 170 100]","""""","9.9","false","{breed social-friends}","0","""default""","""none""","0"
"{citizen 37}","{citizen 41}","[85 0 170 100]","""""","9.9","false","{breed social-friends}","0","""default""","""none""","0"
"{citizen 37}","{citizen 42}","[85 0 170 100]","""""","9.9","false","{breed social-friends}","0","""default""","""none""","0"
"{citizen 37}","{citizen 43}","[85 0 170 100]","""""","9.9","false","{breed social-friends}","0","""default""","""none""","0"
"{citizen 37}","{citizen 44}","[85 0 170 100]","""""","9.9","false","{breed social-friends}","0","""default""","""none""","0"
"{citizen 37}","{citizen 45}","[85 0 170 100]","""""","9.9","false","{breed social-friends}","0","""default""","""none""","0"
"{citizen 37}","{citizen 46}","[85 0 170 100]","""""","9.9","false","{breed social-friends}","0","""default""","""none""","0"
"{citizen 37}","{citizen 47}","[85 0 170 100]","""""","9.9","false","{breed social-friends}","0","""default""","""none""","0"
"{citizen 37}","{citizen 48}","[85 0 170 100]","""""","9.9","false","{breed social-friends}","0","""default""","""none""","0"
"{citizen 37}","{citizen 49}","[85 0 170 100]","""""","9.9","false","{breed social-friends}","0","""default""","""none""","0"
"{citizen 38}","{citizen 0}","[85 0 170 100]","""""","9.9","false","{breed social-friends}","0","""default""","""none""","0"
"{citizen 38}","{citizen 1}","[85 0 170 100]","""""","9.9","false","{breed social-friends}","0","""default""","""none""","0"
"{citizen 38}","{citizen 2}","[85 0 170 100]","""""","9.9","false","{breed social-friends}","0","""default""","""none""","0"
"{citizen 38}","{citizen 3}","[85 0 170 100]","""""","9.9","false","{breed social-friends}","0","""default""","""none""","0"
"{citizen 38}","{citizen 4}","[85 0 170 100]","""""","9.9","false","{breed social-friends}","0","""default""","""none""","0"
"{citizen 38}","{citizen 5}","[85 0 170 100]","""""","9.9","false","{breed social-friends}","0","""default""","""none""","0"
"{citizen 38}","{citizen 6}","[85 0 170 100]","""""","9.9","false","{breed social-friends}","0","""default""","""none""","0"
"{citizen 38}","{citizen 7}","[85 0 170 100]","""""","9.9","false","{breed social-friends}","0","""default""","""none""","0"
"{citizen 38}","{citizen 8}","[85 0 170 100]","""""","9.9","false","{breed social-friends}","0","""default""","""none""","0"
"{citizen 38}","{citizen 9}","[85 0 170 100]","""""","9.9","false","{breed social-friends}","0","""default""","""none""","0"
"{citizen 38}","{citizen 10}","[85 0 170 100]","""""","9.9","false","{breed social-friends}","0","""default""","""none""","0"
"{citizen 38}","{citizen 11}","[85 0 170 100]","""""","9.9","false","{breed social-friends}","0","""default""","""none""","0"
"{citizen 38}","{citizen 12}","[85 0 170 100]","""""","9.9","false","{breed social-friends}","0","""default""","""none""","0"
"{citizen 38}","{citizen 13}","[85 0 170 100]","""""","9.9","false","{breed social-friends}","0","""default""","""none""","0"
"{citizen 38}","{citizen 14}","[85 0 170 100]","""""","9.9","false","{breed social-friends}","0","""default""","""none""","0"
"{citizen 38}","{citizen 15}","[85 0 170 100]","""""","9.9","false","{breed social-friends}","0","""default""","""none""","0"
"{citizen 38}","{citizen 16}","[85 0 170 100]","""""","9.9","false","{breed social-friends}","0","""default""","""none""","0"
"{citizen 38}","{citizen 17}","[85 0 170 100]","""""","9.9","false","{breed social-friends}","0","""default""","""none""","0"
"{citizen 38}","{citizen 18}","[85 0 170 100]","""""","9.9","false","{breed social-friends}","0","""default""","""none""","0"
"{citizen 38}","{citizen 19}","[85 0 170 100]","""""","9.9","false","{breed social-friends}","0","""default""","""none""","0"
"{citizen 38}","{citizen 20}","[85 0 170 100]","""""","9.9","false","{breed social-friends}","0","""default""","""none""","0"
"{citizen 38}","{citizen 21}","[85 0 170 100]","""""","9.9","false","{breed social-friends}","0","""default""","""none""","0"
"{citizen 38}","{citizen 22}","[85 0 170 100]","""""","9.9","false","{breed social-friends}","0","""default""","""none""","0"
"{citizen 38}","{citizen 23}","[85 0 170 100]","""""","9.9","false","{breed social-friends}","0","""default""","""none""","0"
"{citizen 38}","{citizen 24}","[85 0 170 100]","""""","9.9","false","{breed social-friends}","0","""default""","""none""","0"
"{citizen 38}","{citizen 25}","[85 0 170 100]","""""","9.9","false","{breed social-friends}","0","""default""","""none""","0"
"{citizen 38}","{citizen 26}","[85 0 170 100]","""""","9.9","false","{breed social-friends}","0","""default""","""none""","0"
"{citizen 38}","{citizen 27}","[85 0 170 100]","""""","9.9","false","{breed social-friends}","0","""default""","""none""","0"
"{citizen 38}","{citizen 28}","[85 0 170 100]","""""","9.9","false","{breed social-friends}","0","""default""","""none""","0"
"{citizen 38}","{citizen 29}","[85 0 170 100]","""""","9.9","false","{breed social-friends}","0","""default""","""none""","0"
"{citizen 38}","{citizen 30}","[85 0 170 100]","""""","9.9","false","{breed social-friends}","0","""default""","""none""","0"
"{citizen 38}","{citizen 31}","[85 0 170 100]","""""","9.9","false","{breed social-friends}","0","""default""","""none""","0"
"{citizen 38}","{citizen 32}","[85 0 170 100]","""""","9.9","false","{breed social-friends}","0","""default""","""none""","0"
"{citizen 38}","{citizen 33}","[85 0 170 100]","""""","9.9","false","{breed social-friends}","0","""default""","""none""","0"
"{citizen 38}","{citizen 34}","[85 0 170 100]","""""","9.9","false","{breed social-friends}","0","""default""","""none""","0"
"{citizen 38}","{citizen 35}","[85 0 170 100]","""""","9.9","false","{breed social-friends}","0","""default""","""none""","0"
"{citizen 38}","{citizen 36}","[85 0 170 100]","""""","9.9","false","{breed social-friends}","0","""default""","""none""","0"
"{citizen 38}","{citizen 37}","[85 0 170 100]","""""","9.9","false","{breed social-friends}","0","""default""","""none""","0"
"{citizen 38}","{citizen 39}","[85 0 170 100]","""""","9.9","false","{breed social-friends}","0","""default""","""none""","0"
"{citizen 38}","{citizen 40}","[85 0 170 100]","""""","9.9","false","{breed social-friends}","0","""default""","""none""","0"
"{citizen 38}","{citizen 41}","[85 0 170 100]","""""","9.9","false","{breed social-friends}","0","""default""","""none""","0"
"{citizen 38}","{citizen 42}","[85 0 170 100]","""""","9.9","false","{breed social-friends}","0","""default""","""none""","0"
"{citizen 38}","{citizen 43}","[85 0 170 100]","""""","9.9","false","{breed social-friends}","0","""default""","""none""","0"
"{citizen 38}","{citizen 44}","[85 0 170 100]","""""","9.9","false","{breed social-friends}","0","""default""","""none""","0"
"{citizen 38}","{citizen 45}","[85 0 170 100]","""""","9.9","false","{breed social-friends}","0","""default""","""none""","0"
"{citizen 38}","{citizen 46}","[85 0 170 100]","""""","9.9","false","{breed social-friends}","0","""default""","""none""","0"
"{citizen 38}","{citizen 47}","[85 0 170 100]","""""","9.9","false","{breed social-friends}","0","""default""","""none""","0"
"{citizen 38}","{citizen 48}","[85 0 170 100]","""""","9.9","false","{breed social-friends}","0","""default""","""none""","0"
"{citizen 38}","{citizen 49}","[85 0 170 100]","""""","9.9","false","{breed social-friends}","0","""default""","""none""","0"
"{citizen 39}","{citizen 0}","[85 0 170 100]","""""","9.9","false","{breed social-friends}","0","""default""","""none""","0"
"{citizen 39}","{citizen 1}","[85 0 170 100]","""""","9.9","false","{breed social-friends}","0","""default""","""none""","0"
"{citizen 39}","{citizen 2}","[85 0 170 100]","""""","9.9","false","{breed social-friends}","0","""default""","""none""","0"
"{citizen 39}","{citizen 3}","[85 0 170 100]","""""","9.9","false","{breed social-friends}","0","""default""","""none""","0"
"{citizen 39}","{citizen 4}","[85 0 170 100]","""""","9.9","false","{breed social-friends}","0","""default""","""none""","0"
"{citizen 39}","{citizen 5}","[85 0 170 100]","""""","9.9","false","{breed social-friends}","0","""default""","""none""","0"
"{citizen 39}","{citizen 6}","[85 0 170 100]","""""","9.9","false","{breed social-friends}","0","""default""","""none""","0"
"{citizen 39}","{citizen 7}","[85 0 170 100]","""""","9.9","false","{breed social-friends}","0","""default""","""none""","0"
"{citizen 39}","{citizen 8}","[85 0 170 100]","""""","9.9","false","{breed social-friends}","0","""default""","""none""","0"
"{citizen 39}","{citizen 9}","[85 0 170 100]","""""","9.9","false","{breed social-friends}","0","""default""","""none""","0"
"{citizen 39}","{citizen 10}","[85 0 170 100]","""""","9.9","false","{breed social-friends}","0","""default""","""none""","0"
"{citizen 39}","{citizen 11}","[85 0 170 100]","""""","9.9","false","{breed social-friends}","0","""default""","""none""","0"
"{citizen 39}","{citizen 12}","[85 0 170 100]","""""","9.9","false","{breed social-friends}","0","""default""","""none""","0"
"{citizen 39}","{citizen 13}","[85 0 170 100]","""""","9.9","false","{breed social-friends}","0","""default""","""none""","0"
"{citizen 39}","{citizen 14}","[85 0 170 100]","""""","9.9","false","{breed social-friends}","0","""default""","""none""","0"
"{citizen 39}","{citizen 15}","[85 0 170 100]","""""","9.9","false","{breed social-friends}","0","""default""","""none""","0"
"{citizen 39}","{citizen 16}","[85 0 170 100]","""""","9.9","false","{breed social-friends}","0","""default""","""none""","0"
"{citizen 39}","{citizen 17}","[85 0 170 100]","""""","9.9","false","{breed social-friends}","0","""default""","""none""","0"
"{citizen 39}","{citizen 18}","[85 0 170 100]","""""","9.9","false","{breed social-friends}","0","""default""","""none""","0"
"{citizen 39}","{citizen 19}","[85 0 170 100]","""""","9.9","false","{breed social-friends}","0","""default""","""none""","0"
"{citizen 39}","{citizen 20}","[85 0 170 100]","""""","9.9","false","{breed social-friends}","0","""default""","""none""","0"
"{citizen 39}","{citizen 21}","[85 0 170 100]","""""","9.9","false","{breed social-friends}","0","""default""","""none""","0"
"{citizen 39}","{citizen 22}","[85 0 170 100]","""""","9.9","false","{breed social-friends}","0","""default""","""none""","0"
"{citizen 39}","{citizen 23}","[85 0 170 100]","""""","9.9","false","{breed social-friends}","0","""default""","""none""","0"
"{citizen 39}","{citizen 24}","[85 0 170 100]","""""","9.9","false","{breed social-friends}","0","""default""","""none""","0"
"{citizen 39}","{citizen 25}","[85 0 170 100]","""""","9.9","false","{breed social-friends}","0","""default""","""none""","0"
"{citizen 39}","{citizen 26}","[85 0 170 100]","""""","9.9","false","{breed social-friends}","0","""default""","""none""","0"
"{citizen 39}","{citizen 27}","[85 0 170 100]","""""","9.9","false","{breed social-friends}","0","""default""","""none""","0"
"{citizen 39}","{citizen 28}","[85 0 170 100]","""""","9.9","false","{breed social-friends}","0","""default""","""none""","0"
"{citizen 39}","{citizen 29}","[85 0 170 100]","""""","9.9","false","{breed social-friends}","0","""default""","""none""","0"
"{citizen 39}","{citizen 30}","[85 0 170 100]","""""","9.9","false","{breed social-friends}","0","""default""","""none""","0"
"{citizen 39}","{citizen 31}","[85 0 170 100]","""""","9.9","false","{breed social-friends}","0","""default""","""none""","0"
"{citizen 39}","{citizen 32}","[85 0 170 100]","""""","9.9","false","{breed social-friends}","0","""default""","""none""","0"
"{citizen 39}","{citizen 33}","[85 0 170 100]","""""","9.9","false","{breed social-friends}","0","""default""","""none""","0"
"{citizen 39}","{citizen 34}","[85 0 170 100]","""""","9.9","false","{breed social-friends}","0","""default""","""none""","0"
"{citizen 39}","{citizen 35}","[85 0 170 100]","""""","9.9","false","{breed social-friends}","0","""default""","""none""","0"
"{citizen 39}","{citizen 36}","[85 0 170 100]","""""","9.9","false","{breed social-friends}","0","""default""","""none""","0"
"{citizen 39}","{citizen 37}","[85 0 170 100]","""""","9.9","false","{breed social-friends}","0","""default""","""none""","0"
"{citizen 39}","{citizen 38}","[85 0 170 100]","""""","9.9","false","{breed social-friends}","0","""default""","""none""","0"
"{citizen 39}","{citizen 40}","[85 0 170 100]","""""","9.9","false","{breed social-friends}","0","""default""","""none""","0"
"{citizen 39}","{citizen 41}","[85 0 170 100]","""""","9.9","false","{breed social-friends}","0","""default""","""none""","0"
"{citizen 39}","{citizen 42}","[85 0 170 100]","""""","9.9","false","{breed social-friends}","0","""default""","""none""","0"
"{citizen 39}","{citizen 43}","[85 0 170 100]","""""","9.9","false","{breed social-friends}","0","""default""","""none""","0"
"{citizen 39}","{citizen 44}","[85 0 170 100]","""""","9.9","false","{breed social-friends}","0","""default""","""none""","0"
"{citizen 39}","{citizen 45}","[85 0 170 100]","""""","9.9","false","{breed social-friends}","0","""default""","""none""","0"
"{citizen 39}","{citizen 46}","[85 0 170 100]","""""","9.9","false","{breed social-friends}","0","""default""","""none""","0"
"{citizen 39}","{citizen 47}","[85 0 170 100]","""""","9.9","false","{breed social-friends}","0","""default""","""none""","0"
"{citizen 39}","{citizen 48}","[85 0 170 100]","""""","9.9","false","{breed social-friends}","0","""default""","""none""","0"
"{citizen 39}","{citizen 49}","[85 0 170 100]","""""","9.9","false","{breed social-friends}","0","""default""","""none""","0"
"{citizen 40}","{citizen 0}","[85 0 170 100]","""""","9.9","false","{breed social-friends}","0","""default""","""none""","0"
"{citizen 40}","{citizen 1}","[85 0 170 100]","""""","9.9","false","{breed social-friends}","0","""default""","""none""","0"
"{citizen 40}","{citizen 2}","[85 0 170 100]","""""","9.9","false","{breed social-friends}","0","""default""","""none""","0"
"{citizen 40}","{citizen 3}","[85 0 170 100]","""""","9.9","false","{breed social-friends}","0","""default""","""none""","0"
"{citizen 40}","{citizen 4}","[85 0 170 100]","""""","9.9","false","{breed social-friends}","0","""default""","""none""","0"
"{citizen 40}","{citizen 5}","[85 0 170 100]","""""","9.9","false","{breed social-friends}","0","""default""","""none""","0"
"{citizen 40}","{citizen 6}","[85 0 170 100]","""""","9.9","false","{breed social-friends}","0","""default""","""none""","0"
"{citizen 40}","{citizen 7}","[85 0 170 100]","""""","9.9","false","{breed social-friends}","0","""default""","""none""","0"
"{citizen 40}","{citizen 8}","[85 0 170 100]","""""","9.9","false","{breed social-friends}","0","""default""","""none""","0"
"{citizen 40}","{citizen 9}","[85 0 170 100]","""""","9.9","false","{breed social-friends}","0","""default""","""none""","0"
"{citizen 40}","{citizen 10}","[85 0 170 100]","""""","9.9","false","{breed social-friends}","0","""default""","""none""","0"
"{citizen 40}","{citizen 11}","[85 0 170 100]","""""","9.9","false","{breed social-friends}","0","""default""","""none""","0"
"{citizen 40}","{citizen 12}","[85 0 170 100]","""""","9.9","false","{breed social-friends}","0","""default""","""none""","0"
"{citizen 40}","{citizen 13}","[85 0 170 100]","""""","9.9","false","{breed social-friends}","0","""default""","""none""","0"
"{citizen 40}","{citizen 14}","[85 0 170 100]","""""","9.9","false","{breed social-friends}","0","""default""","""none""","0"
"{citizen 40}","{citizen 15}","[85 0 170 100]","""""","9.9","false","{breed social-friends}","0","""default""","""none""","0"
"{citizen 40}","{citizen 16}","[85 0 170 100]","""""","9.9","false","{breed social-friends}","0","""default""","""none""","0"
"{citizen 40}","{citizen 17}","[85 0 170 100]","""""","9.9","false","{breed social-friends}","0","""default""","""none""","0"
"{citizen 40}","{citizen 18}","[85 0 170 100]","""""","9.9","false","{breed social-friends}","0","""default""","""none""","0"
"{citizen 40}","{citizen 19}","[85 0 170 100]","""""","9.9","false","{breed social-friends}","0","""default""","""none""","0"
"{citizen 40}","{citizen 20}","[85 0 170 100]","""""","9.9","false","{breed social-friends}","0","""default""","""none""","0"
"{citizen 40}","{citizen 21}","[85 0 170 100]","""""","9.9","false","{breed social-friends}","0","""default""","""none""","0"
"{citizen 40}","{citizen 22}","[85 0 170 100]","""""","9.9","false","{breed social-friends}","0","""default""","""none""","0"
"{citizen 40}","{citizen 23}","[85 0 170 100]","""""","9.9","false","{breed social-friends}","0","""default""","""none""","0"
"{citizen 40}","{citizen 24}","[85 0 170 100]","""""","9.9","false","{breed social-friends}","0","""default""","""none""","0"
"{citizen 40}","{citizen 25}","[85 0 170 100]","""""","9.9","false","{breed social-friends}","0","""default""","""none""","0"
"{citizen 40}","{citizen 26}","[85 0 170 100]","""""","9.9","false","{breed social-friends}","0","""default""","""none""","0"
"{citizen 40}","{citizen 27}","[85 0 170 100]","""""","9.9","false","{breed social-friends}","0","""default""","""none""","0"
"{citizen 40}","{citizen 28}","[85 0 170 100]","""""","9.9","false","{breed social-friends}","0","""default""","""none""","0"
"{citizen 40}","{citizen 29}","[85 0 170 100]","""""","9.9","false","{breed social-friends}","0","""default""","""none""","0"
"{citizen 40}","{citizen 30}","[85 0 170 100]","""""","9.9","false","{breed social-friends}","0","""default""","""none""","0"
"{citizen 40}","{citizen 31}","[85 0 170 100]","""""","9.9","false","{breed social-friends}","0","""default""","""none""","0"
"{citizen 40}","{citizen 32}","[85 0 170 100]","""""","9.9","false","{breed social-friends}","0","""default""","""none""","0"
"{citizen 40}","{citizen 33}","[85 0 170 100]","""""","9.9","false","{breed social-friends}","0","""default""","""none""","0"
"{citizen 40}","{citizen 34}","[85 0 170 100]","""""","9.9","false","{breed social-friends}","0","""default""","""none""","0"
"{citizen 40}","{citizen 35}","[85 0 170 100]","""""","9.9","false","{breed social-friends}","0","""default""","""none""","0"
"{citizen 40}","{citizen 36}","[85 0 170 100]","""""","9.9","false","{breed social-friends}","0","""default""","""none""","0"
"{citizen 40}","{citizen 37}","[85 0 170 100]","""""","9.9","false","{breed social-friends}","0","""default""","""none""","0"
"{citizen 40}","{citizen 38}","[85 0 170 100]","""""","9.9","false","{breed social-friends}","0","""default""","""none""","0"
"{citizen 40}","{citizen 39}","[85 0 170 100]","""""","9.9","false","{breed social-friends}","0","""default""","""none""","0"
"{citizen 40}","{citizen 41}","[85 0 170 100]","""""","9.9","false","{breed social-friends}","0","""default""","""none""","0"
"{citizen 40}","{citizen 42}","[85 0 170 100]","""""","9.9","false","{breed social-friends}","0","""default""","""none""","0"
"{citizen 40}","{citizen 43}","[85 0 170 100]","""""","9.9","false","{breed social-friends}","0","""default""","""none""","0"
"{citizen 40}","{citizen 44}","[85 0 170 100]","""""","9.9","false","{breed social-friends}","0","""default""","""none""","0"
"{citizen 40}","{citizen 45}","[85 0 170 100]","""""","9.9","false","{breed social-friends}","0","""default""","""none""","0"
"{citizen 40}","{citizen 46}","[85 0 170 100]","""""","9.9","false","{breed social-friends}","0","""default""","""none""","0"
"{citizen 40}","{citizen 47}","[85 0 170 100]","""""","9.9","false","{breed social-friends}","0","""default""","""none""","0"
"{citizen 40}","{citizen 48}","[85 0 170 100]","""""","9.9","false","{breed social-friends}","0","""default""","""none""","0"
"{citizen 40}","{citizen 49}","[85 0 170 100]","""""","9.9","false","{breed social-friends}","0","""default""","""none""","0"
"{citizen 41}","{citizen 0}","[85 0 170 100]","""""","9.9","false","{breed social-friends}","0","""default""","""none""","0"
"{citizen 41}","{citizen 1}","[85 0 170 100]","""""","9.9","false","{breed social-friends}","0","""default""","""none""","0"
"{citizen 41}","{citizen 2}","[85 0 170 100]","""""","9.9","false","{breed social-friends}","0","""default""","""none""","0"
"{citizen 41}","{citizen 3}","[85 0 170 100]","""""","9.9","false","{breed social-friends}","0","""default""","""none""","0"
"{citizen 41}","{citizen 4}","[85 0 170 100]","""""","9.9","false","{breed social-friends}","0","""default""","""none""","0"
"{citizen 41}","{citizen 5}","[85 0 170 100]","""""","9.9","false","{breed social-friends}","0","""default""","""none""","0"
"{citizen 41}","{citizen 6}","[85 0 170 100]","""""","9.9","false","{breed social-friends}","0","""default""","""none""","0"
"{citizen 41}","{citizen 7}","[85 0 170 100]","""""","9.9","false","{breed social-friends}","0","""default""","""none""","0"
"{citizen 41}","{citizen 8}","[85 0 170 100]","""""","9.9","false","{breed social-friends}","0","""default""","""none""","0"
"{citizen 41}","{citizen 9}","[85 0 170 100]","""""","9.9","false","{breed social-friends}","0","""default""","""none""","0"
"{citizen 41}","{citizen 10}","[85 0 170 100]","""""","9.9","false","{breed social-friends}","0","""default""","""none""","0"
"{citizen 41}","{citizen 11}","[85 0 170 100]","""""","9.9","false","{breed social-friends}","0","""default""","""none""","0"
"{citizen 41}","{citizen 12}","[85 0 170 100]","""""","9.9","false","{breed social-friends}","0","""default""","""none""","0"
"{citizen 41}","{citizen 13}","[85 0 170 100]","""""","9.9","false","{breed social-friends}","0","""default""","""none""","0"
"{citizen 41}","{citizen 14}","[85 0 170 100]","""""","9.9","false","{breed social-friends}","0","""default""","""none""","0"
"{citizen 41}","{citizen 15}","[85 0 170 100]","""""","9.9","false","{breed social-friends}","0","""default""","""none""","0"
"{citizen 41}","{citizen 16}","[85 0 170 100]","""""","9.9","false","{breed social-friends}","0","""default""","""none""","0"
"{citizen 41}","{citizen 17}","[85 0 170 100]","""""","9.9","false","{breed social-friends}","0","""default""","""none""","0"
"{citizen 41}","{citizen 18}","[85 0 170 100]","""""","9.9","false","{breed social-friends}","0","""default""","""none""","0"
"{citizen 41}","{citizen 19}","[85 0 170 100]","""""","9.9","false","{breed social-friends}","0","""default""","""none""","0"
"{citizen 41}","{citizen 20}","[85 0 170 100]","""""","9.9","false","{breed social-friends}","0","""default""","""none""","0"
"{citizen 41}","{citizen 21}","[85 0 170 100]","""""","9.9","false","{breed social-friends}","0","""default""","""none""","0"
"{citizen 41}","{citizen 22}","[85 0 170 100]","""""","9.9","false","{breed social-friends}","0","""default""","""none""","0"
"{citizen 41}","{citizen 23}","[85 0 170 100]","""""","9.9","false","{breed social-friends}","0","""default""","""none""","0"
"{citizen 41}","{citizen 24}","[85 0 170 100]","""""","9.9","false","{breed social-friends}","0","""default""","""none""","0"
"{citizen 41}","{citizen 25}","[85 0 170 100]","""""","9.9","false","{breed social-friends}","0","""default""","""none""","0"
"{citizen 41}","{citizen 26}","[85 0 170 100]","""""","9.9","false","{breed social-friends}","0","""default""","""none""","0"
"{citizen 41}","{citizen 27}","[85 0 170 100]","""""","9.9","false","{breed social-friends}","0","""default""","""none""","0"
"{citizen 41}","{citizen 28}","[85 0 170 100]","""""","9.9","false","{breed social-friends}","0","""default""","""none""","0"
"{citizen 41}","{citizen 29}","[85 0 170 100]","""""","9.9","false","{breed social-friends}","0","""default""","""none""","0"
"{citizen 41}","{citizen 30}","[85 0 170 100]","""""","9.9","false","{breed social-friends}","0","""default""","""none""","0"
"{citizen 41}","{citizen 31}","[85 0 170 100]","""""","9.9","false","{breed social-friends}","0","""default""","""none""","0"
"{citizen 41}","{citizen 32}","[85 0 170 100]","""""","9.9","false","{breed social-friends}","0","""default""","""none""","0"
"{citizen 41}","{citizen 33}","[85 0 170 100]","""""","9.9","false","{breed social-friends}","0","""default""","""none""","0"
"{citizen 41}","{citizen 34}","[85 0 170 100]","""""","9.9","false","{breed social-friends}","0","""default""","""none""","0"
"{citizen 41}","{citizen 35}","[85 0 170 100]","""""","9.9","false","{breed social-friends}","0","""default""","""none""","0"
"{citizen 41}","{citizen 36}","[85 0 170 100]","""""","9.9","false","{breed social-friends}","0","""default""","""none""","0"
"{citizen 41}","{citizen 37}","[85 0 170 100]","""""","9.9","false","{breed social-friends}","0","""default""","""none""","0"
"{citizen 41}","{citizen 38}","[85 0 170 100]","""""","9.9","false","{breed social-friends}","0","""default""","""none""","0"
"{citizen 41}","{citizen 39}","[85 0 170 100]","""""","9.9","false","{breed social-friends}","0","""default""","""none""","0"
"{citizen 41}","{citizen 40}","[85 0 170 100]","""""","9.9","false","{breed social-friends}","0","""default""","""none""","0"
"{citizen 41}","{citizen 42}","[85 0 170 100]","""""","9.9","false","{breed social-friends}","0","""default""","""none""","0"
"{citizen 41}","{citizen 43}","[85 0 170 100]","""""","9.9","false","{breed social-friends}","0","""default""","""none""","0"
"{citizen 41}","{citizen 44}","[85 0 170 100]","""""","9.9","false","{breed social-friends}","0","""default""","""none""","0"
"{citizen 41}","{citizen 45}","[85 0 170 100]","""""","9.9","false","{breed social-friends}","0","""default""","""none""","0"
"{citizen 41}","{citizen 46}","[85 0 170 100]","""""","9.9","false","{breed social-friends}","0","""default""","""none""","0"
"{citizen 41}","{citizen 47}","[85 0 170 100]","""""","9.9","false","{breed social-friends}","0","""default""","""none""","0"
"{citizen 41}","{citizen 48}","[85 0 170 100]","""""","9.9","false","{breed social-friends}","0","""default""","""none""","0"
"{citizen 41}","{citizen 49}","[85 0 170 100]","""""","9.9","false","{breed social-friends}","0","""default""","""none""","0"
"{citizen 42}","{citizen 0}","[85 0 170 100]","""""","9.9","false","{breed social-friends}","0","""default""","""none""","0"
"{citizen 42}","{citizen 1}","[85 0 170 100]","""""","9.9","false","{breed social-friends}","0","""default""","""none""","0"
"{citizen 42}","{citizen 2}","[85 0 170 100]","""""","9.9","false","{breed social-friends}","0","""default""","""none""","0"
"{citizen 42}","{citizen 3}","[85 0 170 100]","""""","9.9","false","{breed social-friends}","0","""default""","""none""","0"
"{citizen 42}","{citizen 4}","[85 0 170 100]","""""","9.9","false","{breed social-friends}","0","""default""","""none""","0"
"{citizen 42}","{citizen 5}","[85 0 170 100]","""""","9.9","false","{breed social-friends}","0","""default""","""none""","0"
"{citizen 42}","{citizen 6}","[85 0 170 100]","""""","9.9","false","{breed social-friends}","0","""default""","""none""","0"
"{citizen 42}","{citizen 7}","[85 0 170 100]","""""","9.9","false","{breed social-friends}","0","""default""","""none""","0"
"{citizen 42}","{citizen 8}","[85 0 170 100]","""""","9.9","false","{breed social-friends}","0","""default""","""none""","0"
"{citizen 42}","{citizen 9}","[85 0 170 100]","""""","9.9","false","{breed social-friends}","0","""default""","""none""","0"
"{citizen 42}","{citizen 10}","[85 0 170 100]","""""","9.9","false","{breed social-friends}","0","""default""","""none""","0"
"{citizen 42}","{citizen 11}","[85 0 170 100]","""""","9.9","false","{breed social-friends}","0","""default""","""none""","0"
"{citizen 42}","{citizen 12}","[85 0 170 100]","""""","9.9","false","{breed social-friends}","0","""default""","""none""","0"
"{citizen 42}","{citizen 13}","[85 0 170 100]","""""","9.9","false","{breed social-friends}","0","""default""","""none""","0"
"{citizen 42}","{citizen 14}","[85 0 170 100]","""""","9.9","false","{breed social-friends}","0","""default""","""none""","0"
"{citizen 42}","{citizen 15}","[85 0 170 100]","""""","9.9","false","{breed social-friends}","0","""default""","""none""","0"
"{citizen 42}","{citizen 16}","[85 0 170 100]","""""","9.9","false","{breed social-friends}","0","""default""","""none""","0"
"{citizen 42}","{citizen 17}","[85 0 170 100]","""""","9.9","false","{breed social-friends}","0","""default""","""none""","0"
"{citizen 42}","{citizen 18}","[85 0 170 100]","""""","9.9","false","{breed social-friends}","0","""default""","""none""","0"
"{citizen 42}","{citizen 19}","[85 0 170 100]","""""","9.9","false","{breed social-friends}","0","""default""","""none""","0"
"{citizen 42}","{citizen 20}","[85 0 170 100]","""""","9.9","false","{breed social-friends}","0","""default""","""none""","0"
"{citizen 42}","{citizen 21}","[85 0 170 100]","""""","9.9","false","{breed social-friends}","0","""default""","""none""","0"
"{citizen 42}","{citizen 22}","[85 0 170 100]","""""","9.9","false","{breed social-friends}","0","""default""","""none""","0"
"{citizen 42}","{citizen 23}","[85 0 170 100]","""""","9.9","false","{breed social-friends}","0","""default""","""none""","0"
"{citizen 42}","{citizen 24}","[85 0 170 100]","""""","9.9","false","{breed social-friends}","0","""default""","""none""","0"
"{citizen 42}","{citizen 25}","[85 0 170 100]","""""","9.9","false","{breed social-friends}","0","""default""","""none""","0"
"{citizen 42}","{citizen 26}","[85 0 170 100]","""""","9.9","false","{breed social-friends}","0","""default""","""none""","0"
"{citizen 42}","{citizen 27}","[85 0 170 100]","""""","9.9","false","{breed social-friends}","0","""default""","""none""","0"
"{citizen 42}","{citizen 28}","[85 0 170 100]","""""","9.9","false","{breed social-friends}","0","""default""","""none""","0"
"{citizen 42}","{citizen 29}","[85 0 170 100]","""""","9.9","false","{breed social-friends}","0","""default""","""none""","0"
"{citizen 42}","{citizen 30}","[85 0 170 100]","""""","9.9","false","{breed social-friends}","0","""default""","""none""","0"
"{citizen 42}","{citizen 31}","[85 0 170 100]","""""","9.9","false","{breed social-friends}","0","""default""","""none""","0"
"{citizen 42}","{citizen 32}","[85 0 170 100]","""""","9.9","false","{breed social-friends}","0","""default""","""none""","0"
"{citizen 42}","{citizen 33}","[85 0 170 100]","""""","9.9","false","{breed social-friends}","0","""default""","""none""","0"
"{citizen 42}","{citizen 34}","[85 0 170 100]","""""","9.9","false","{breed social-friends}","0","""default""","""none""","0"
"{citizen 42}","{citizen 35}","[85 0 170 100]","""""","9.9","false","{breed social-friends}","0","""default""","""none""","0"
"{citizen 42}","{citizen 36}","[85 0 170 100]","""""","9.9","false","{breed social-friends}","0","""default""","""none""","0"
"{citizen 42}","{citizen 37}","[85 0 170 100]","""""","9.9","false","{breed social-friends}","0","""default""","""none""","0"
"{citizen 42}","{citizen 38}","[85 0 170 100]","""""","9.9","false","{breed social-friends}","0","""default""","""none""","0"
"{citizen 42}","{citizen 39}","[85 0 170 100]","""""","9.9","false","{breed social-friends}","0","""default""","""none""","0"
"{citizen 42}","{citizen 40}","[85 0 170 100]","""""","9.9","false","{breed social-friends}","0","""default""","""none""","0"
"{citizen 42}","{citizen 41}","[85 0 170 100]","""""","9.9","false","{breed social-friends}","0","""default""","""none""","0"
"{citizen 42}","{citizen 43}","[85 0 170 100]","""""","9.9","false","{breed social-friends}","0","""default""","""none""","0"
"{citizen 42}","{citizen 44}","[85 0 170 100]","""""","9.9","false","{breed social-friends}","0","""default""","""none""","0"
"{citizen 42}","{citizen 45}","[85 0 170 100]","""""","9.9","false","{breed social-friends}","0","""default""","""none""","0"
"{citizen 42}","{citizen 46}","[85 0 170 100]","""""","9.9","false","{breed social-friends}","0","""default""","""none""","0"
"{citizen 42}","{citizen 47}","[85 0 170 100]","""""","9.9","false","{breed social-friends}","0","""default""","""none""","0"
"{citizen 42}","{citizen 48}","[85 0 170 100]","""""","9.9","false","{breed social-friends}","0","""default""","""none""","0"
"{citizen 42}","{citizen 49}","[85 0 170 100]","""""","9.9","false","{breed social-friends}","0","""default""","""none""","0"
"{citizen 43}","{citizen 0}","[85 0 170 100]","""""","9.9","false","{breed social-friends}","0","""default""","""none""","0"
"{citizen 43}","{citizen 1}","[85 0 170 100]","""""","9.9","false","{breed social-friends}","0","""default""","""none""","0"
"{citizen 43}","{citizen 2}","[85 0 170 100]","""""","9.9","false","{breed social-friends}","0","""default""","""none""","0"
"{citizen 43}","{citizen 3}","[85 0 170 100]","""""","9.9","false","{breed social-friends}","0","""default""","""none""","0"
"{citizen 43}","{citizen 4}","[85 0 170 100]","""""","9.9","false","{breed social-friends}","0","""default""","""none""","0"
"{citizen 43}","{citizen 5}","[85 0 170 100]","""""","9.9","false","{breed social-friends}","0","""default""","""none""","0"
"{citizen 43}","{citizen 6}","[85 0 170 100]","""""","9.9","false","{breed social-friends}","0","""default""","""none""","0"
"{citizen 43}","{citizen 7}","[85 0 170 100]","""""","9.9","false","{breed social-friends}","0","""default""","""none""","0"
"{citizen 43}","{citizen 8}","[85 0 170 100]","""""","9.9","false","{breed social-friends}","0","""default""","""none""","0"
"{citizen 43}","{citizen 9}","[85 0 170 100]","""""","9.9","false","{breed social-friends}","0","""default""","""none""","0"
"{citizen 43}","{citizen 10}","[85 0 170 100]","""""","9.9","false","{breed social-friends}","0","""default""","""none""","0"
"{citizen 43}","{citizen 11}","[85 0 170 100]","""""","9.9","false","{breed social-friends}","0","""default""","""none""","0"
"{citizen 43}","{citizen 12}","[85 0 170 100]","""""","9.9","false","{breed social-friends}","0","""default""","""none""","0"
"{citizen 43}","{citizen 13}","[85 0 170 100]","""""","9.9","false","{breed social-friends}","0","""default""","""none""","0"
"{citizen 43}","{citizen 14}","[85 0 170 100]","""""","9.9","false","{breed social-friends}","0","""default""","""none""","0"
"{citizen 43}","{citizen 15}","[85 0 170 100]","""""","9.9","false","{breed social-friends}","0","""default""","""none""","0"
"{citizen 43}","{citizen 16}","[85 0 170 100]","""""","9.9","false","{breed social-friends}","0","""default""","""none""","0"
"{citizen 43}","{citizen 17}","[85 0 170 100]","""""","9.9","false","{breed social-friends}","0","""default""","""none""","0"
"{citizen 43}","{citizen 18}","[85 0 170 100]","""""","9.9","false","{breed social-friends}","0","""default""","""none""","0"
"{citizen 43}","{citizen 19}","[85 0 170 100]","""""","9.9","false","{breed social-friends}","0","""default""","""none""","0"
"{citizen 43}","{citizen 20}","[85 0 170 100]","""""","9.9","false","{breed social-friends}","0","""default""","""none""","0"
"{citizen 43}","{citizen 21}","[85 0 170 100]","""""","9.9","false","{breed social-friends}","0","""default""","""none""","0"
"{citizen 43}","{citizen 22}","[85 0 170 100]","""""","9.9","false","{breed social-friends}","0","""default""","""none""","0"
"{citizen 43}","{citizen 23}","[85 0 170 100]","""""","9.9","false","{breed social-friends}","0","""default""","""none""","0"
"{citizen 43}","{citizen 24}","[85 0 170 100]","""""","9.9","false","{breed social-friends}","0","""default""","""none""","0"
"{citizen 43}","{citizen 25}","[85 0 170 100]","""""","9.9","false","{breed social-friends}","0","""default""","""none""","0"
"{citizen 43}","{citizen 26}","[85 0 170 100]","""""","9.9","false","{breed social-friends}","0","""default""","""none""","0"
"{citizen 43}","{citizen 27}","[85 0 170 100]","""""","9.9","false","{breed social-friends}","0","""default""","""none""","0"
"{citizen 43}","{citizen 28}","[85 0 170 100]","""""","9.9","false","{breed social-friends}","0","""default""","""none""","0"
"{citizen 43}","{citizen 29}","[85 0 170 100]","""""","9.9","false","{breed social-friends}","0","""default""","""none""","0"
"{citizen 43}","{citizen 30}","[85 0 170 100]","""""","9.9","false","{breed social-friends}","0","""default""","""none""","0"
"{citizen 43}","{citizen 31}","[85 0 170 100]","""""","9.9","false","{breed social-friends}","0","""default""","""none""","0"
"{citizen 43}","{citizen 32}","[85 0 170 100]","""""","9.9","false","{breed social-friends}","0","""default""","""none""","0"
"{citizen 43}","{citizen 33}","[85 0 170 100]","""""","9.9","false","{breed social-friends}","0","""default""","""none""","0"
"{citizen 43}","{citizen 34}","[85 0 170 100]","""""","9.9","false","{breed social-friends}","0","""default""","""none""","0"
"{citizen 43}","{citizen 35}","[85 0 170 100]","""""","9.9","false","{breed social-friends}","0","""default""","""none""","0"
"{citizen 43}","{citizen 36}","[85 0 170 100]","""""","9.9","false","{breed social-friends}","0","""default""","""none""","0"
"{citizen 43}","{citizen 37}","[85 0 170 100]","""""","9.9","false","{breed social-friends}","0","""default""","""none""","0"
"{citizen 43}","{citizen 38}","[85 0 170 100]","""""","9.9","false","{breed social-friends}","0","""default""","""none""","0"
"{citizen 43}","{citizen 39}","[85 0 170 100]","""""","9.9","false","{breed social-friends}","0","""default""","""none""","0"
"{citizen 43}","{citizen 40}","[85 0 170 100]","""""","9.9","false","{breed social-friends}","0","""default""","""none""","0"
"{citizen 43}","{citizen 41}","[85 0 170 100]","""""","9.9","false","{breed social-friends}","0","""default""","""none""","0"
"{citizen 43}","{citizen 42}","[85 0 170 100]","""""","9.9","false","{breed social-friends}","0","""default""","""none""","0"
"{citizen 43}","{citizen 44}","[85 0 170 100]","""""","9.9","false","{breed social-friends}","0","""default""","""none""","0"
"{citizen 43}","{citizen 45}","[85 0 170 100]","""""","9.9","false","{breed social-friends}","0","""default""","""none""","0"
"{citizen 43}","{citizen 46}","[85 0 170 100]","""""","9.9","false","{breed social-friends}","0","""default""","""none""","0"
"{citizen 43}","{citizen 47}","[85 0 170 100]","""""","9.9","false","{breed social-friends}","0","""default""","""none""","0"
"{citizen 43}","{citizen 48}","[85 0 170 100]","""""","9.9","false","{breed social-friends}","0","""default""","""none""","0"
"{citizen 43}","{citizen 49}","[85 0 170 100]","""""","9.9","false","{breed social-friends}","0","""default""","""none""","0"
"{citizen 44}","{citizen 0}","[85 0 170 100]","""""","9.9","false","{breed social-friends}","0","""default""","""none""","0"
"{citizen 44}","{citizen 1}","[85 0 170 100]","""""","9.9","false","{breed social-friends}","0","""default""","""none""","0"
"{citizen 44}","{citizen 2}","[85 0 170 100]","""""","9.9","false","{breed social-friends}","0","""default""","""none""","0"
"{citizen 44}","{citizen 3}","[85 0 170 100]","""""","9.9","false","{breed social-friends}","0","""default""","""none""","0"
"{citizen 44}","{citizen 4}","[85 0 170 100]","""""","9.9","false","{breed social-friends}","0","""default""","""none""","0"
"{citizen 44}","{citizen 5}","[85 0 170 100]","""""","9.9","false","{breed social-friends}","0","""default""","""none""","0"
"{citizen 44}","{citizen 6}","[85 0 170 100]","""""","9.9","false","{breed social-friends}","0","""default""","""none""","0"
"{citizen 44}","{citizen 7}","[85 0 170 100]","""""","9.9","false","{breed social-friends}","0","""default""","""none""","0"
"{citizen 44}","{citizen 8}","[85 0 170 100]","""""","9.9","false","{breed social-friends}","0","""default""","""none""","0"
"{citizen 44}","{citizen 9}","[85 0 170 100]","""""","9.9","false","{breed social-friends}","0","""default""","""none""","0"
"{citizen 44}","{citizen 10}","[85 0 170 100]","""""","9.9","false","{breed social-friends}","0","""default""","""none""","0"
"{citizen 44}","{citizen 11}","[85 0 170 100]","""""","9.9","false","{breed social-friends}","0","""default""","""none""","0"
"{citizen 44}","{citizen 12}","[85 0 170 100]","""""","9.9","false","{breed social-friends}","0","""default""","""none""","0"
"{citizen 44}","{citizen 13}","[85 0 170 100]","""""","9.9","false","{breed social-friends}","0","""default""","""none""","0"
"{citizen 44}","{citizen 14}","[85 0 170 100]","""""","9.9","false","{breed social-friends}","0","""default""","""none""","0"
"{citizen 44}","{citizen 15}","[85 0 170 100]","""""","9.9","false","{breed social-friends}","0","""default""","""none""","0"
"{citizen 44}","{citizen 16}","[85 0 170 100]","""""","9.9","false","{breed social-friends}","0","""default""","""none""","0"
"{citizen 44}","{citizen 17}","[85 0 170 100]","""""","9.9","false","{breed social-friends}","0","""default""","""none""","0"
"{citizen 44}","{citizen 18}","[85 0 170 100]","""""","9.9","false","{breed social-friends}","0","""default""","""none""","0"
"{citizen 44}","{citizen 19}","[85 0 170 100]","""""","9.9","false","{breed social-friends}","0","""default""","""none""","0"
"{citizen 44}","{citizen 20}","[85 0 170 100]","""""","9.9","false","{breed social-friends}","0","""default""","""none""","0"
"{citizen 44}","{citizen 21}","[85 0 170 100]","""""","9.9","false","{breed social-friends}","0","""default""","""none""","0"
"{citizen 44}","{citizen 22}","[85 0 170 100]","""""","9.9","false","{breed social-friends}","0","""default""","""none""","0"
"{citizen 44}","{citizen 23}","[85 0 170 100]","""""","9.9","false","{breed social-friends}","0","""default""","""none""","0"
"{citizen 44}","{citizen 24}","[85 0 170 100]","""""","9.9","false","{breed social-friends}","0","""default""","""none""","0"
"{citizen 44}","{citizen 25}","[85 0 170 100]","""""","9.9","false","{breed social-friends}","0","""default""","""none""","0"
"{citizen 44}","{citizen 26}","[85 0 170 100]","""""","9.9","false","{breed social-friends}","0","""default""","""none""","0"
"{citizen 44}","{citizen 27}","[85 0 170 100]","""""","9.9","false","{breed social-friends}","0","""default""","""none""","0"
"{citizen 44}","{citizen 28}","[85 0 170 100]","""""","9.9","false","{breed social-friends}","0","""default""","""none""","0"
"{citizen 44}","{citizen 29}","[85 0 170 100]","""""","9.9","false","{breed social-friends}","0","""default""","""none""","0"
"{citizen 44}","{citizen 30}","[85 0 170 100]","""""","9.9","false","{breed social-friends}","0","""default""","""none""","0"
"{citizen 44}","{citizen 31}","[85 0 170 100]","""""","9.9","false","{breed social-friends}","0","""default""","""none""","0"
"{citizen 44}","{citizen 32}","[85 0 170 100]","""""","9.9","false","{breed social-friends}","0","""default""","""none""","0"
"{citizen 44}","{citizen 33}","[85 0 170 100]","""""","9.9","false","{breed social-friends}","0","""default""","""none""","0"
"{citizen 44}","{citizen 34}","[85 0 170 100]","""""","9.9","false","{breed social-friends}","0","""default""","""none""","0"
"{citizen 44}","{citizen 35}","[85 0 170 100]","""""","9.9","false","{breed social-friends}","0","""default""","""none""","0"
"{citizen 44}","{citizen 36}","[85 0 170 100]","""""","9.9","false","{breed social-friends}","0","""default""","""none""","0"
"{citizen 44}","{citizen 37}","[85 0 170 100]","""""","9.9","false","{breed social-friends}","0","""default""","""none""","0"
"{citizen 44}","{citizen 38}","[85 0 170 100]","""""","9.9","false","{breed social-friends}","0","""default""","""none""","0"
"{citizen 44}","{citizen 39}","[85 0 170 100]","""""","9.9","false","{breed social-friends}","0","""default""","""none""","0"
"{citizen 44}","{citizen 40}","[85 0 170 100]","""""","9.9","false","{breed social-friends}","0","""default""","""none""","0"
"{citizen 44}","{citizen 41}","[85 0 170 100]","""""","9.9","false","{breed social-friends}","0","""default""","""none""","0"
"{citizen 44}","{citizen 42}","[85 0 170 100]","""""","9.9","false","{breed social-friends}","0","""default""","""none""","0"
"{citizen 44}","{citizen 43}","[85 0 170 100]","""""","9.9","false","{breed social-friends}","0","""default""","""none""","0"
"{citizen 44}","{citizen 45}","[85 0 170 100]","""""","9.9","false","{breed social-friends}","0","""default""","""none""","0"
"{citizen 44}","{citizen 46}","[85 0 170 100]","""""","9.9","false","{breed social-friends}","0","""default""","""none""","0"
"{citizen 44}","{citizen 47}","[85 0 170 100]","""""","9.9","false","{breed social-friends}","0","""default""","""none""","0"
"{citizen 44}","{citizen 48}","[85 0 170 100]","""""","9.9","false","{breed social-friends}","0","""default""","""none""","0"
"{citizen 44}","{citizen 49}","[85 0 170 100]","""""","9.9","false","{breed social-friends}","0","""default""","""none""","0"
"{citizen 45}","{citizen 0}","[85 0 170 100]","""""","9.9","false","{breed social-friends}","0","""default""","""none""","0"
"{citizen 45}","{citizen 1}","[85 0 170 100]","""""","9.9","false","{breed social-friends}","0","""default""","""none""","0"
"{citizen 45}","{citizen 2}","[85 0 170 100]","""""","9.9","false","{breed social-friends}","0","""default""","""none""","0"
"{citizen 45}","{citizen 3}","[85 0 170 100]","""""","9.9","false","{breed social-friends}","0","""default""","""none""","0"
"{citizen 45}","{citizen 4}","[85 0 170 100]","""""","9.9","false","{breed social-friends}","0","""default""","""none""","0"
"{citizen 45}","{citizen 5}","[85 0 170 100]","""""","9.9","false","{breed social-friends}","0","""default""","""none""","0"
"{citizen 45}","{citizen 6}","[85 0 170 100]","""""","9.9","false","{breed social-friends}","0","""default""","""none""","0"
"{citizen 45}","{citizen 7}","[85 0 170 100]","""""","9.9","false","{breed social-friends}","0","""default""","""none""","0"
"{citizen 45}","{citizen 8}","[85 0 170 100]","""""","9.9","false","{breed social-friends}","0","""default""","""none""","0"
"{citizen 45}","{citizen 9}","[85 0 170 100]","""""","9.9","false","{breed social-friends}","0","""default""","""none""","0"
"{citizen 45}","{citizen 10}","[85 0 170 100]","""""","9.9","false","{breed social-friends}","0","""default""","""none""","0"
"{citizen 45}","{citizen 11}","[85 0 170 100]","""""","9.9","false","{breed social-friends}","0","""default""","""none""","0"
"{citizen 45}","{citizen 12}","[85 0 170 100]","""""","9.9","false","{breed social-friends}","0","""default""","""none""","0"
"{citizen 45}","{citizen 13}","[85 0 170 100]","""""","9.9","false","{breed social-friends}","0","""default""","""none""","0"
"{citizen 45}","{citizen 14}","[85 0 170 100]","""""","9.9","false","{breed social-friends}","0","""default""","""none""","0"
"{citizen 45}","{citizen 15}","[85 0 170 100]","""""","9.9","false","{breed social-friends}","0","""default""","""none""","0"
"{citizen 45}","{citizen 16}","[85 0 170 100]","""""","9.9","false","{breed social-friends}","0","""default""","""none""","0"
"{citizen 45}","{citizen 17}","[85 0 170 100]","""""","9.9","false","{breed social-friends}","0","""default""","""none""","0"
"{citizen 45}","{citizen 18}","[85 0 170 100]","""""","9.9","false","{breed social-friends}","0","""default""","""none""","0"
"{citizen 45}","{citizen 19}","[85 0 170 100]","""""","9.9","false","{breed social-friends}","0","""default""","""none""","0"
"{citizen 45}","{citizen 20}","[85 0 170 100]","""""","9.9","false","{breed social-friends}","0","""default""","""none""","0"
"{citizen 45}","{citizen 21}","[85 0 170 100]","""""","9.9","false","{breed social-friends}","0","""default""","""none""","0"
"{citizen 45}","{citizen 22}","[85 0 170 100]","""""","9.9","false","{breed social-friends}","0","""default""","""none""","0"
"{citizen 45}","{citizen 23}","[85 0 170 100]","""""","9.9","false","{breed social-friends}","0","""default""","""none""","0"
"{citizen 45}","{citizen 24}","[85 0 170 100]","""""","9.9","false","{breed social-friends}","0","""default""","""none""","0"
"{citizen 45}","{citizen 25}","[85 0 170 100]","""""","9.9","false","{breed social-friends}","0","""default""","""none""","0"
"{citizen 45}","{citizen 26}","[85 0 170 100]","""""","9.9","false","{breed social-friends}","0","""default""","""none""","0"
"{citizen 45}","{citizen 27}","[85 0 170 100]","""""","9.9","false","{breed social-friends}","0","""default""","""none""","0"
"{citizen 45}","{citizen 28}","[85 0 170 100]","""""","9.9","false","{breed social-friends}","0","""default""","""none""","0"
"{citizen 45}","{citizen 29}","[85 0 170 100]","""""","9.9","false","{breed social-friends}","0","""default""","""none""","0"
"{citizen 45}","{citizen 30}","[85 0 170 100]","""""","9.9","false","{breed social-friends}","0","""default""","""none""","0"
"{citizen 45}","{citizen 31}","[85 0 170 100]","""""","9.9","false","{breed social-friends}","0","""default""","""none""","0"
"{citizen 45}","{citizen 32}","[85 0 170 100]","""""","9.9","false","{breed social-friends}","0","""default""","""none""","0"
"{citizen 45}","{citizen 33}","[85 0 170 100]","""""","9.9","false","{breed social-friends}","0","""default""","""none""","0"
"{citizen 45}","{citizen 34}","[85 0 170 100]","""""","9.9","false","{breed social-friends}","0","""default""","""none""","0"
"{citizen 45}","{citizen 35}","[85 0 170 100]","""""","9.9","false","{breed social-friends}","0","""default""","""none""","0"
"{citizen 45}","{citizen 36}","[85 0 170 100]","""""","9.9","false","{breed social-friends}","0","""default""","""none""","0"
"{citizen 45}","{citizen 37}","[85 0 170 100]","""""","9.9","false","{breed social-friends}","0","""default""","""none""","0"
"{citizen 45}","{citizen 38}","[85 0 170 100]","""""","9.9","false","{breed social-friends}","0","""default""","""none""","0"
"{citizen 45}","{citizen 39}","[85 0 170 100]","""""","9.9","false","{breed social-friends}","0","""default""","""none""","0"
"{citizen 45}","{citizen 40}","[85 0 170 100]","""""","9.9","false","{breed social-friends}","0","""default""","""none""","0"
"{citizen 45}","{citizen 41}","[85 0 170 100]","""""","9.9","false","{breed social-friends}","0","""default""","""none""","0"
"{citizen 45}","{citizen 42}","[85 0 170 100]","""""","9.9","false","{breed social-friends}","0","""default""","""none""","0"
"{citizen 45}","{citizen 43}","[85 0 170 100]","""""","9.9","false","{breed social-friends}","0","""default""","""none""","0"
"{citizen 45}","{citizen 44}","[85 0 170 100]","""""","9.9","false","{breed social-friends}","0","""default""","""none""","0"
"{citizen 45}","{citizen 46}","[85 0 170 100]","""""","9.9","false","{breed social-friends}","0","""default""","""none""","0"
"{citizen 45}","{citizen 47}","[85 0 170 100]","""""","9.9","false","{breed social-friends}","0","""default""","""none""","0"
"{citizen 45}","{citizen 48}","[85 0 170 100]","""""","9.9","false","{breed social-friends}","0","""default""","""none""","0"
"{citizen 45}","{citizen 49}","[85 0 170 100]","""""","9.9","false","{breed social-friends}","0","""default""","""none""","0"
"{citizen 46}","{citizen 0}","[85 0 170 100]","""""","9.9","false","{breed social-friends}","0","""default""","""none""","0"
"{citizen 46}","{citizen 1}","[85 0 170 100]","""""","9.9","false","{breed social-friends}","0","""default""","""none""","0"
"{citizen 46}","{citizen 2}","[85 0 170 100]","""""","9.9","false","{breed social-friends}","0","""default""","""none""","0"
"{citizen 46}","{citizen 3}","[85 0 170 100]","""""","9.9","false","{breed social-friends}","0","""default""","""none""","0"
"{citizen 46}","{citizen 4}","[85 0 170 100]","""""","9.9","false","{breed social-friends}","0","""default""","""none""","0"
"{citizen 46}","{citizen 5}","[85 0 170 100]","""""","9.9","false","{breed social-friends}","0","""default""","""none""","0"
"{citizen 46}","{citizen 6}","[85 0 170 100]","""""","9.9","false","{breed social-friends}","0","""default""","""none""","0"
"{citizen 46}","{citizen 7}","[85 0 170 100]","""""","9.9","false","{breed social-friends}","0","""default""","""none""","0"
"{citizen 46}","{citizen 8}","[85 0 170 100]","""""","9.9","false","{breed social-friends}","0","""default""","""none""","0"
"{citizen 46}","{citizen 9}","[85 0 170 100]","""""","9.9","false","{breed social-friends}","0","""default""","""none""","0"
"{citizen 46}","{citizen 10}","[85 0 170 100]","""""","9.9","false","{breed social-friends}","0","""default""","""none""","0"
"{citizen 46}","{citizen 11}","[85 0 170 100]","""""","9.9","false","{breed social-friends}","0","""default""","""none""","0"
"{citizen 46}","{citizen 12}","[85 0 170 100]","""""","9.9","false","{breed social-friends}","0","""default""","""none""","0"
"{citizen 46}","{citizen 13}","[85 0 170 100]","""""","9.9","false","{breed social-friends}","0","""default""","""none""","0"
"{citizen 46}","{citizen 14}","[85 0 170 100]","""""","9.9","false","{breed social-friends}","0","""default""","""none""","0"
"{citizen 46}","{citizen 15}","[85 0 170 100]","""""","9.9","false","{breed social-friends}","0","""default""","""none""","0"
"{citizen 46}","{citizen 16}","[85 0 170 100]","""""","9.9","false","{breed social-friends}","0","""default""","""none""","0"
"{citizen 46}","{citizen 17}","[85 0 170 100]","""""","9.9","false","{breed social-friends}","0","""default""","""none""","0"
"{citizen 46}","{citizen 18}","[85 0 170 100]","""""","9.9","false","{breed social-friends}","0","""default""","""none""","0"
"{citizen 46}","{citizen 19}","[85 0 170 100]","""""","9.9","false","{breed social-friends}","0","""default""","""none""","0"
"{citizen 46}","{citizen 20}","[85 0 170 100]","""""","9.9","false","{breed social-friends}","0","""default""","""none""","0"
"{citizen 46}","{citizen 21}","[85 0 170 100]","""""","9.9","false","{breed social-friends}","0","""default""","""none""","0"
"{citizen 46}","{citizen 22}","[85 0 170 100]","""""","9.9","false","{breed social-friends}","0","""default""","""none""","0"
"{citizen 46}","{citizen 23}","[85 0 170 100]","""""","9.9","false","{breed social-friends}","0","""default""","""none""","0"
"{citizen 46}","{citizen 24}","[85 0 170 100]","""""","9.9","false","{breed social-friends}","0","""default""","""none""","0"
"{citizen 46}","{citizen 25}","[85 0 170 100]","""""","9.9","false","{breed social-friends}","0","""default""","""none""","0"
"{citizen 46}","{citizen 26}","[85 0 170 100]","""""","9.9","false","{breed social-friends}","0","""default""","""none""","0"
"{citizen 46}","{citizen 27}","[85 0 170 100]","""""","9.9","false","{breed social-friends}","0","""default""","""none""","0"
"{citizen 46}","{citizen 28}","[85 0 170 100]","""""","9.9","false","{breed social-friends}","0","""default""","""none""","0"
"{citizen 46}","{citizen 29}","[85 0 170 100]","""""","9.9","false","{breed social-friends}","0","""default""","""none""","0"
"{citizen 46}","{citizen 30}","[85 0 170 100]","""""","9.9","false","{breed social-friends}","0","""default""","""none""","0"
"{citizen 46}","{citizen 31}","[85 0 170 100]","""""","9.9","false","{breed social-friends}","0","""default""","""none""","0"
"{citizen 46}","{citizen 32}","[85 0 170 100]","""""","9.9","false","{breed social-friends}","0","""default""","""none""","0"
"{citizen 46}","{citizen 33}","[85 0 170 100]","""""","9.9","false","{breed social-friends}","0","""default""","""none""","0"
"{citizen 46}","{citizen 34}","[85 0 170 100]","""""","9.9","false","{breed social-friends}","0","""default""","""none""","0"
"{citizen 46}","{citizen 35}","[85 0 170 100]","""""","9.9","false","{breed social-friends}","0","""default""","""none""","0"
"{citizen 46}","{citizen 36}","[85 0 170 100]","""""","9.9","false","{breed social-friends}","0","""default""","""none""","0"
"{citizen 46}","{citizen 37}","[85 0 170 100]","""""","9.9","false","{breed social-friends}","0","""default""","""none""","0"
"{citizen 46}","{citizen 38}","[85 0 170 100]","""""","9.9","false","{breed social-friends}","0","""default""","""none""","0"
"{citizen 46}","{citizen 39}","[85 0 170 100]","""""","9.9","false","{breed social-friends}","0","""default""","""none""","0"
"{citizen 46}","{citizen 40}","[85 0 170 100]","""""","9.9","false","{breed social-friends}","0","""default""","""none""","0"
"{citizen 46}","{citizen 41}","[85 0 170 100]","""""","9.9","false","{breed social-friends}","0","""default""","""none""","0"
"{citizen 46}","{citizen 42}","[85 0 170 100]","""""","9.9","false","{breed social-friends}","0","""default""","""none""","0"
"{citizen 46}","{citizen 43}","[85 0 170 100]","""""","9.9","false","{breed social-friends}","0","""default""","""none""","0"
"{citizen 46}","{citizen 44}","[85 0 170 100]","""""","9.9","false","{breed social-friends}","0","""default""","""none""","0"
"{citizen 46}","{citizen 45}","[85 0 170 100]","""""","9.9","false","{breed social-friends}","0","""default""","""none""","0"
"{citizen 46}","{citizen 47}","[85 0 170 100]","""""","9.9","false","{breed social-friends}","0","""default""","""none""","0"
"{citizen 46}","{citizen 48}","[85 0 170 100]","""""","9.9","false","{breed social-friends}","0","""default""","""none""","0"
"{citizen 46}","{citizen 49}","[85 0 170 100]","""""","9.9","false","{breed social-friends}","0","""default""","""none""","0"
"{citizen 47}","{citizen 0}","[85 0 170 100]","""""","9.9","false","{breed social-friends}","0","""default""","""none""","0"
"{citizen 47}","{citizen 1}","[85 0 170 100]","""""","9.9","false","{breed social-friends}","0","""default""","""none""","0"
"{citizen 47}","{citizen 2}","[85 0 170 100]","""""","9.9","false","{breed social-friends}","0","""default""","""none""","0"
"{citizen 47}","{citizen 3}","[85 0 170 100]","""""","9.9","false","{breed social-friends}","0","""default""","""none""","0"
"{citizen 47}","{citizen 4}","[85 0 170 100]","""""","9.9","false","{breed social-friends}","0","""default""","""none""","0"
"{citizen 47}","{citizen 5}","[85 0 170 100]","""""","9.9","false","{breed social-friends}","0","""default""","""none""","0"
"{citizen 47}","{citizen 6}","[85 0 170 100]","""""","9.9","false","{breed social-friends}","0","""default""","""none""","0"
"{citizen 47}","{citizen 7}","[85 0 170 100]","""""","9.9","false","{breed social-friends}","0","""default""","""none""","0"
"{citizen 47}","{citizen 8}","[85 0 170 100]","""""","9.9","false","{breed social-friends}","0","""default""","""none""","0"
"{citizen 47}","{citizen 9}","[85 0 170 100]","""""","9.9","false","{breed social-friends}","0","""default""","""none""","0"
"{citizen 47}","{citizen 10}","[85 0 170 100]","""""","9.9","false","{breed social-friends}","0","""default""","""none""","0"
"{citizen 47}","{citizen 11}","[85 0 170 100]","""""","9.9","false","{breed social-friends}","0","""default""","""none""","0"
"{citizen 47}","{citizen 12}","[85 0 170 100]","""""","9.9","false","{breed social-friends}","0","""default""","""none""","0"
"{citizen 47}","{citizen 13}","[85 0 170 100]","""""","9.9","false","{breed social-friends}","0","""default""","""none""","0"
"{citizen 47}","{citizen 14}","[85 0 170 100]","""""","9.9","false","{breed social-friends}","0","""default""","""none""","0"
"{citizen 47}","{citizen 15}","[85 0 170 100]","""""","9.9","false","{breed social-friends}","0","""default""","""none""","0"
"{citizen 47}","{citizen 16}","[85 0 170 100]","""""","9.9","false","{breed social-friends}","0","""default""","""none""","0"
"{citizen 47}","{citizen 17}","[85 0 170 100]","""""","9.9","false","{breed social-friends}","0","""default""","""none""","0"
"{citizen 47}","{citizen 18}","[85 0 170 100]","""""","9.9","false","{breed social-friends}","0","""default""","""none""","0"
"{citizen 47}","{citizen 19}","[85 0 170 100]","""""","9.9","false","{breed social-friends}","0","""default""","""none""","0"
"{citizen 47}","{citizen 20}","[85 0 170 100]","""""","9.9","false","{breed social-friends}","0","""default""","""none""","0"
"{citizen 47}","{citizen 21}","[85 0 170 100]","""""","9.9","false","{breed social-friends}","0","""default""","""none""","0"
"{citizen 47}","{citizen 22}","[85 0 170 100]","""""","9.9","false","{breed social-friends}","0","""default""","""none""","0"
"{citizen 47}","{citizen 23}","[85 0 170 100]","""""","9.9","false","{breed social-friends}","0","""default""","""none""","0"
"{citizen 47}","{citizen 24}","[85 0 170 100]","""""","9.9","false","{breed social-friends}","0","""default""","""none""","0"
"{citizen 47}","{citizen 25}","[85 0 170 100]","""""","9.9","false","{breed social-friends}","0","""default""","""none""","0"
"{citizen 47}","{citizen 26}","[85 0 170 100]","""""","9.9","false","{breed social-friends}","0","""default""","""none""","0"
"{citizen 47}","{citizen 27}","[85 0 170 100]","""""","9.9","false","{breed social-friends}","0","""default""","""none""","0"
"{citizen 47}","{citizen 28}","[85 0 170 100]","""""","9.9","false","{breed social-friends}","0","""default""","""none""","0"
"{citizen 47}","{citizen 29}","[85 0 170 100]","""""","9.9","false","{breed social-friends}","0","""default""","""none""","0"
"{citizen 47}","{citizen 30}","[85 0 170 100]","""""","9.9","false","{breed social-friends}","0","""default""","""none""","0"
"{citizen 47}","{citizen 31}","[85 0 170 100]","""""","9.9","false","{breed social-friends}","0","""default""","""none""","0"
"{citizen 47}","{citizen 32}","[85 0 170 100]","""""","9.9","false","{breed social-friends}","0","""default""","""none""","0"
"{citizen 47}","{citizen 33}","[85 0 170 100]","""""","9.9","false","{breed social-friends}","0","""default""","""none""","0"
"{citizen 47}","{citizen 34}","[85 0 170 100]","""""","9.9","false","{breed social-friends}","0","""default""","""none""","0"
"{citizen 47}","{citizen 35}","[85 0 170 100]","""""","9.9","false","{breed social-friends}","0","""default""","""none""","0"
"{citizen 47}","{citizen 36}","[85 0 170 100]","""""","9.9","false","{breed social-friends}","0","""default""","""none""","0"
"{citizen 47}","{citizen 37}","[85 0 170 100]","""""","9.9","false","{breed social-friends}","0","""default""","""none""","0"
"{citizen 47}","{citizen 38}","[85 0 170 100]","""""","9.9","false","{breed social-friends}","0","""default""","""none""","0"
"{citizen 47}","{citizen 39}","[85 0 170 100]","""""","9.9","false","{breed social-friends}","0","""default""","""none""","0"
"{citizen 47}","{citizen 40}","[85 0 170 100]","""""","9.9","false","{breed social-friends}","0","""default""","""none""","0"
"{citizen 47}","{citizen 41}","[85 0 170 100]","""""","9.9","false","{breed social-friends}","0","""default""","""none""","0"
"{citizen 47}","{citizen 42}","[85 0 170 100]","""""","9.9","false","{breed social-friends}","0","""default""","""none""","0"
"{citizen 47}","{citizen 43}","[85 0 170 100]","""""","9.9","false","{breed social-friends}","0","""default""","""none""","0"
"{citizen 47}","{citizen 44}","[85 0 170 100]","""""","9.9","false","{breed social-friends}","0","""default""","""none""","0"
"{citizen 47}","{citizen 45}","[85 0 170 100]","""""","9.9","false","{breed social-friends}","0","""default""","""none""","0"
"{citizen 47}","{citizen 46}","[85 0 170 100]","""""","9.9","false","{breed social-friends}","0","""default""","""none""","0"
"{citizen 47}","{citizen 48}","[85 0 170 100]","""""","9.9","false","{breed social-friends}","0","""default""","""none""","0"
"{citizen 47}","{citizen 49}","[85 0 170 100]","""""","9.9","false","{breed social-friends}","0","""default""","""none""","0"
"{citizen 48}","{citizen 0}","[85 0 170 100]","""""","9.9","false","{breed social-friends}","0","""default""","""none""","0"
"{citizen 48}","{citizen 1}","[85 0 170 100]","""""","9.9","false","{breed social-friends}","0","""default""","""none""","0"
"{citizen 48}","{citizen 2}","[85 0 170 100]","""""","9.9","false","{breed social-friends}","0","""default""","""none""","0"
"{citizen 48}","{citizen 3}","[85 0 170 100]","""""","9.9","false","{breed social-friends}","0","""default""","""none""","0"
"{citizen 48}","{citizen 4}","[85 0 170 100]","""""","9.9","false","{breed social-friends}","0","""default""","""none""","0"
"{citizen 48}","{citizen 5}","[85 0 170 100]","""""","9.9","false","{breed social-friends}","0","""default""","""none""","0"
"{citizen 48}","{citizen 6}","[85 0 170 100]","""""","9.9","false","{breed social-friends}","0","""default""","""none""","0"
"{citizen 48}","{citizen 7}","[85 0 170 100]","""""","9.9","false","{breed social-friends}","0","""default""","""none""","0"
"{citizen 48}","{citizen 8}","[85 0 170 100]","""""","9.9","false","{breed social-friends}","0","""default""","""none""","0"
"{citizen 48}","{citizen 9}","[85 0 170 100]","""""","9.9","false","{breed social-friends}","0","""default""","""none""","0"
"{citizen 48}","{citizen 10}","[85 0 170 100]","""""","9.9","false","{breed social-friends}","0","""default""","""none""","0"
"{citizen 48}","{citizen 11}","[85 0 170 100]","""""","9.9","false","{breed social-friends}","0","""default""","""none""","0"
"{citizen 48}","{citizen 12}","[85 0 170 100]","""""","9.9","false","{breed social-friends}","0","""default""","""none""","0"
"{citizen 48}","{citizen 13}","[85 0 170 100]","""""","9.9","false","{breed social-friends}","0","""default""","""none""","0"
"{citizen 48}","{citizen 14}","[85 0 170 100]","""""","9.9","false","{breed social-friends}","0","""default""","""none""","0"
"{citizen 48}","{citizen 15}","[85 0 170 100]","""""","9.9","false","{breed social-friends}","0","""default""","""none""","0"
"{citizen 48}","{citizen 16}","[85 0 170 100]","""""","9.9","false","{breed social-friends}","0","""default""","""none""","0"
"{citizen 48}","{citizen 17}","[85 0 170 100]","""""","9.9","false","{breed social-friends}","0","""default""","""none""","0"
"{citizen 48}","{citizen 18}","[85 0 170 100]","""""","9.9","false","{breed social-friends}","0","""default""","""none""","0"
"{citizen 48}","{citizen 19}","[85 0 170 100]","""""","9.9","false","{breed social-friends}","0","""default""","""none""","0"
"{citizen 48}","{citizen 20}","[85 0 170 100]","""""","9.9","false","{breed social-friends}","0","""default""","""none""","0"
"{citizen 48}","{citizen 21}","[85 0 170 100]","""""","9.9","false","{breed social-friends}","0","""default""","""none""","0"
"{citizen 48}","{citizen 22}","[85 0 170 100]","""""","9.9","false","{breed social-friends}","0","""default""","""none""","0"
"{citizen 48}","{citizen 23}","[85 0 170 100]","""""","9.9","false","{breed social-friends}","0","""default""","""none""","0"
"{citizen 48}","{citizen 24}","[85 0 170 100]","""""","9.9","false","{breed social-friends}","0","""default""","""none""","0"
"{citizen 48}","{citizen 25}","[85 0 170 100]","""""","9.9","false","{breed social-friends}","0","""default""","""none""","0"
"{citizen 48}","{citizen 26}","[85 0 170 100]","""""","9.9","false","{breed social-friends}","0","""default""","""none""","0"
"{citizen 48}","{citizen 27}","[85 0 170 100]","""""","9.9","false","{breed social-friends}","0","""default""","""none""","0"
"{citizen 48}","{citizen 28}","[85 0 170 100]","""""","9.9","false","{breed social-friends}","0","""default""","""none""","0"
"{citizen 48}","{citizen 29}","[85 0 170 100]","""""","9.9","false","{breed social-friends}","0","""default""","""none""","0"
"{citizen 48}","{citizen 30}","[85 0 170 100]","""""","9.9","false","{breed social-friends}","0","""default""","""none""","0"
"{citizen 48}","{citizen 31}","[85 0 170 100]","""""","9.9","false","{breed social-friends}","0","""default""","""none""","0"
"{citizen 48}","{citizen 32}","[85 0 170 100]","""""","9.9","false","{breed social-friends}","0","""default""","""none""","0"
"{citizen 48}","{citizen 33}","[85 0 170 100]","""""","9.9","false","{breed social-friends}","0","""default""","""none""","0"
"{citizen 48}","{citizen 34}","[85 0 170 100]","""""","9.9","false","{breed social-friends}","0","""default""","""none""","0"
"{citizen 48}","{citizen 35}","[85 0 170 100]","""""","9.9","false","{breed social-friends}","0","""default""","""none""","0"
"{citizen 48}","{citizen 36}","[85 0 170 100]","""""","9.9","false","{breed social-friends}","0","""default""","""none""","0"
"{citizen 48}","{citizen 37}","[85 0 170 100]","""""","9.9","false","{breed social-friends}","0","""default""","""none""","0"
"{citizen 48}","{citizen 38}","[85 0 170 100]","""""","9.9","false","{breed social-friends}","0","""default""","""none""","0"
"{citizen 48}","{citizen 39}","[85 0 170 100]","""""","9.9","false","{breed social-friends}","0","""default""","""none""","0"
"{citizen 48}","{citizen 40}","[85 0 170 100]","""""","9.9","false","{breed social-friends}","0","""default""","""none""","0"
"{citizen 48}","{citizen 41}","[85 0 170 100]","""""","9.9","false","{breed social-friends}","0","""default""","""none""","0"
"{citizen 48}","{citizen 42}","[85 0 170 100]","""""","9.9","false","{breed social-friends}","0","""default""","""none""","0"
"{citizen 48}","{citizen 43}","[85 0 170 100]","""""","9.9","false","{breed social-friends}","0","""default""","""none""","0"
"{citizen 48}","{citizen 44}","[85 0 170 100]","""""","9.9","false","{breed social-friends}","0","""default""","""none""","0"
"{citizen 48}","{citizen 45}","[85 0 170 100]","""""","9.9","false","{breed social-friends}","0","""default""","""none""","0"
"{citizen 48}","{citizen 46}","[85 0 170 100]","""""","9.9","false","{breed social-friends}","0","""default""","""none""","0"
"{citizen 48}","{citizen 47}","[85 0 170 100]","""""","9.9","false","{breed social-friends}","0","""default""","""none""","0"
"{citizen 48}","{citizen 49}","[85 0 170 100]","""""","9.9","false","{breed social-friends}","0","""default""","""none""","0"
"{citizen 49}","{citizen 0}","[85 0 170 100]","""""","9.9","false","{breed social-friends}","0","""default""","""none""","0"
"{citizen 49}","{citizen 1}","[85 0 170 100]","""""","9.9","false","{breed social-friends}","0","""default""","""none""","0"
"{citizen 49}","{citizen 2}","[85 0 170 100]","""""","9.9","false","{breed social-friends}","0","""default""","""none""","0"
"{citizen 49}","{citizen 3}","[85 0 170 100]","""""","9.9","false","{breed social-friends}","0","""default""","""none""","0"
"{citizen 49}","{citizen 4}","[85 0 170 100]","""""","9.9","false","{breed social-friends}","0","""default""","""none""","0"
"{citizen 49}","{citizen 5}","[85 0 170 100]","""""","9.9","false","{breed social-friends}","0","""default""","""none""","0"
"{citizen 49}","{citizen 6}","[85 0 170 100]","""""","9.9","false","{breed social-friends}","0","""default""","""none""","0"
"{citizen 49}","{citizen 7}","[85 0 170 100]","""""","9.9","false","{breed social-friends}","0","""default""","""none""","0"
"{citizen 49}","{citizen 8}","[85 0 170 100]","""""","9.9","false","{breed social-friends}","0","""default""","""none""","0"
"{citizen 49}","{citizen 9}","[85 0 170 100]","""""","9.9","false","{breed social-friends}","0","""default""","""none""","0"
"{citizen 49}","{citizen 10}","[85 0 170 100]","""""","9.9","false","{breed social-friends}","0","""default""","""none""","0"
"{citizen 49}","{citizen 11}","[85 0 170 100]","""""","9.9","false","{breed social-friends}","0","""default""","""none""","0"
"{citizen 49}","{citizen 12}","[85 0 170 100]","""""","9.9","false","{breed social-friends}","0","""default""","""none""","0"
"{citizen 49}","{citizen 13}","[85 0 170 100]","""""","9.9","false","{breed social-friends}","0","""default""","""none""","0"
"{citizen 49}","{citizen 14}","[85 0 170 100]","""""","9.9","false","{breed social-friends}","0","""default""","""none""","0"
"{citizen 49}","{citizen 15}","[85 0 170 100]","""""","9.9","false","{breed social-friends}","0","""default""","""none""","0"
"{citizen 49}","{citizen 16}","[85 0 170 100]","""""","9.9","false","{breed social-friends}","0","""default""","""none""","0"
"{citizen 49}","{citizen 17}","[85 0 170 100]","""""","9.9","false","{breed social-friends}","0","""default""","""none""","0"
"{citizen 49}","{citizen 18}","[85 0 170 100]","""""","9.9","false","{breed social-friends}","0","""default""","""none""","0"
"{citizen 49}","{citizen 19}","[85 0 170 100]","""""","9.9","false","{breed social-friends}","0","""default""","""none""","0"
"{citizen 49}","{citizen 20}","[85 0 170 100]","""""","9.9","false","{breed social-friends}","0","""default""","""none""","0"
"{citizen 49}","{citizen 21}","[85 0 170 100]","""""","9.9","false","{breed social-friends}","0","""default""","""none""","0"
"{citizen 49}","{citizen 22}","[85 0 170 100]","""""","9.9","false","{breed social-friends}","0","""default""","""none""","0"
"{citizen 49}","{citizen 23}","[85 0 170 100]","""""","9.9","false","{breed social-friends}","0","""default""","""none""","0"
"{citizen 49}","{citizen 24}","[85 0 170 100]","""""","9.9","false","{breed social-friends}","0","""default""","""none""","0"
"{citizen 49}","{citizen 25}","[85 0 170 100]","""""","9.9","false","{breed social-friends}","0","""default""","""none""","0"
"{citizen 49}","{citizen 26}","[85 0 170 100]","""""","9.9","false","{breed social-friends}","0","""default""","""none""","0"
"{citizen 49}","{citizen 27}","[85 0 170 100]","""""","9.9","false","{breed social-friends}","0","""default""","""none""","0"
"{citizen 49}","{citizen 28}","[85 0 170 100]","""""","9.9","false","{breed social-friends}","0","""default""","""none""","0"
"{citizen 49}","{citizen 29}","[85 0 170 100]","""""","9.9","false","{breed social-friends}","0","""default""","""none""","0"
"{citizen 49}","{citizen 30}","[85 0 170 100]","""""","9.9","false","{breed social-friends}","0","""default""","""none""","0"
"{citizen 49}","{citizen 31}","[85 0 170 100]","""""","9.9","false","{breed social-friends}","0","""default""","""none""","0"
"{citizen 49}","{citizen 32}","[85 0 170 100]","""""","9.9","false","{breed social-friends}","0","""default""","""none""","0"
"{citizen 49}","{citizen 33}","[85 0 170 100]","""""","9.9","false","{breed social-friends}","0","""default""","""none""","0"
"{citizen 49}","{citizen 34}","[85 0 170 100]","""""","9.9","false","{breed social-friends}","0","""default""","""none""","0"
"{citizen 49}","{citizen 35}","[85 0 170 100]","""""","9.9","false","{breed social-friends}","0","""default""","""none""","0"
"{citizen 49}","{citizen 36}","[85 0 170 100]","""""","9.9","false","{breed social-friends}","0","""default""","""none""","0"
"{citizen 49}","{citizen 37}","[85 0 170 100]","""""","9.9","false","{breed social-friends}","0","""default""","""none""","0"
"{citizen 49}","{citizen 38}","[85 0 170 100]","""""","9.9","false","{breed social-friends}","0","""default""","""none""","0"
"{citizen 49}","{citizen 39}","[85 0 170 100]","""""","9.9","false","{breed social-friends}","0","""default""","""none""","0"
"{citizen 49}","{citizen 40}","[85 0 170 100]","""""","9.9","false","{breed social-friends}","0","""default""","""none""","0"
"{citizen 49}","{citizen 41}","[85 0 170 100]","""""","9.9","false","{breed social-friends}","0","""default""","""none""","0"
"{citizen 49}","{citizen 42}","[85 0 170 100]","""""","9.9","false","{breed social-friends}","0","""default""","""none""","0"
"{citizen 49}","{citizen 43}","[85 0 170 100]","""""","9.9","false","{breed social-friends}","0","""default""","""none""","0"
"{citizen 49}","{citizen 44}","[85 0 170 100]","""""","9.9","false","{breed social-friends}","0","""default""","""none""","0"
"{citizen 49}","{citizen 45}","[85 0 170 100]","""""","9.9","false","{breed social-friends}","0","""default""","""none""","0"
"{citizen 49}","{citizen 46}","[85 0 170 100]","""""","9.9","false","{breed social-friends}","0","""default""","""none""","0"
"{citizen 49}","{citizen 47}","[85 0 170 100]","""""","9.9","false","{breed social-friends}","0","""default""","""none""","0"
"{citizen 49}","{citizen 48}","[85 0 170 100]","""""","9.9","false","{breed social-friends}","0","""default""","""none""","0"
"{media 50}","{citizen 0}","[141 141 141 255]","""""","9.9","false","{breed subscribers}","0","""default""","""none""","0"
"{media 50}","{citizen 1}","[141 141 141 255]","""""","9.9","false","{breed subscribers}","0","""default""","""none""","0"
"{media 50}","{citizen 2}","[141 141 141 255]","""""","9.9","false","{breed subscribers}","0","""default""","""none""","0"
"{media 50}","{citizen 3}","[141 141 141 255]","""""","9.9","false","{breed subscribers}","0","""default""","""none""","0"
"{media 50}","{citizen 4}","[141 141 141 255]","""""","9.9","false","{breed subscribers}","0","""default""","""none""","0"
"{media 50}","{citizen 5}","[141 141 141 255]","""""","9.9","false","{breed subscribers}","0","""default""","""none""","0"
"{media 50}","{citizen 6}","[141 141 141 255]","""""","9.9","false","{breed subscribers}","0","""default""","""none""","0"
"{media 50}","{citizen 7}","[141 141 141 255]","""""","9.9","false","{breed subscribers}","0","""default""","""none""","0"
"{media 50}","{citizen 8}","[141 141 141 255]","""""","9.9","false","{breed subscribers}","0","""default""","""none""","0"
"{media 50}","{citizen 9}","[141 141 141 255]","""""","9.9","false","{breed subscribers}","0","""default""","""none""","0"
"{media 50}","{citizen 10}","[141 141 141 255]","""""","9.9","false","{breed subscribers}","0","""default""","""none""","0"
"{media 50}","{citizen 11}","[141 141 141 255]","""""","9.9","false","{breed subscribers}","0","""default""","""none""","0"
"{media 50}","{citizen 12}","[141 141 141 255]","""""","9.9","false","{breed subscribers}","0","""default""","""none""","0"
"{media 50}","{citizen 13}","[141 141 141 255]","""""","9.9","false","{breed subscribers}","0","""default""","""none""","0"
"{media 50}","{citizen 14}","[141 141 141 255]","""""","9.9","false","{breed subscribers}","0","""default""","""none""","0"
"{media 50}","{citizen 15}","[141 141 141 255]","""""","9.9","false","{breed subscribers}","0","""default""","""none""","0"
"{media 50}","{citizen 16}","[141 141 141 255]","""""","9.9","false","{breed subscribers}","0","""default""","""none""","0"
"{media 50}","{citizen 17}","[141 141 141 255]","""""","9.9","false","{breed subscribers}","0","""default""","""none""","0"
"{media 50}","{citizen 18}","[141 141 141 255]","""""","9.9","false","{breed subscribers}","0","""default""","""none""","0"
"{media 50}","{citizen 19}","[141 141 141 255]","""""","9.9","false","{breed subscribers}","0","""default""","""none""","0"
"{media 50}","{citizen 20}","[141 141 141 255]","""""","9.9","false","{breed subscribers}","0","""default""","""none""","0"
"{media 50}","{citizen 21}","[141 141 141 255]","""""","9.9","false","{breed subscribers}","0","""default""","""none""","0"
"{media 50}","{citizen 22}","[141 141 141 255]","""""","9.9","false","{breed subscribers}","0","""default""","""none""","0"
"{media 50}","{citizen 23}","[141 141 141 255]","""""","9.9","false","{breed subscribers}","0","""default""","""none""","0"
"{media 50}","{citizen 24}","[141 141 141 255]","""""","9.9","false","{breed subscribers}","0","""default""","""none""","0"
"{media 50}","{citizen 25}","[141 141 141 255]","""""","9.9","false","{breed subscribers}","0","""default""","""none""","0"
"{media 50}","{citizen 26}","[141 141 141 255]","""""","9.9","false","{breed subscribers}","0","""default""","""none""","0"
"{media 50}","{citizen 27}","[141 141 141 255]","""""","9.9","false","{breed subscribers}","0","""default""","""none""","0"
"{media 50}","{citizen 28}","[141 141 141 255]","""""","9.9","false","{breed subscribers}","0","""default""","""none""","0"
"{media 50}","{citizen 29}","[141 141 141 255]","""""","9.9","false","{breed subscribers}","0","""default""","""none""","0"
"{media 50}","{citizen 30}","[141 141 141 255]","""""","9.9","false","{breed subscribers}","0","""default""","""none""","0"
"{media 50}","{citizen 31}","[141 141 141 255]","""""","9.9","false","{breed subscribers}","0","""default""","""none""","0"
"{media 50}","{citizen 32}","[141 141 141 255]","""""","9.9","false","{breed subscribers}","0","""default""","""none""","0"
"{media 50}","{citizen 33}","[141 141 141 255]","""""","9.9","false","{breed subscribers}","0","""default""","""none""","0"
"{media 50}","{citizen 34}","[141 141 141 255]","""""","9.9","false","{breed subscribers}","0","""default""","""none""","0"
"{media 50}","{citizen 35}","[141 141 141 255]","""""","9.9","false","{breed subscribers}","0","""default""","""none""","0"
"{media 50}","{citizen 36}","[141 141 141 255]","""""","9.9","false","{breed subscribers}","0","""default""","""none""","0"
"{media 50}","{citizen 37}","[141 141 141 255]","""""","9.9","false","{breed subscribers}","0","""default""","""none""","0"
"{media 50}","{citizen 38}","[141 141 141 255]","""""","9.9","false","{breed subscribers}","0","""default""","""none""","0"
"{media 50}","{citizen 39}","[141 141 141 255]","""""","9.9","false","{breed subscribers}","0","""default""","""none""","0"
"{media 50}","{citizen 40}","[141 141 141 255]","""""","9.9","false","{breed subscribers}","0","""default""","""none""","0"
"{media 50}","{citizen 41}","[141 141 141 255]","""""","9.9","false","{breed subscribers}","0","""default""","""none""","0"
"{media 50}","{citizen 42}","[141 141 141 255]","""""","9.9","false","{breed subscribers}","0","""default""","""none""","0"
"{media 50}","{citizen 43}","[141 141 141 255]","""""","9.9","false","{breed subscribers}","0","""default""","""none""","0"
"{media 50}","{citizen 44}","[141 141 141 255]","""""","9.9","false","{breed subscribers}","0","""default""","""none""","0"
"{media 50}","{citizen 45}","[141 141 141 255]","""""","9.9","false","{breed subscribers}","0","""default""","""none""","0"
"{media 50}","{citizen 46}","[141 141 141 255]","""""","9.9","false","{breed subscribers}","0","""default""","""none""","0"
"{media 50}","{citizen 47}","[141 141 141 255]","""""","9.9","false","{breed subscribers}","0","""default""","""none""","0"
"{media 50}","{citizen 48}","[141 141 141 255]","""""","9.9","false","{breed subscribers}","0","""default""","""none""","0"
"{media 50}","{citizen 49}","[141 141 141 255]","""""","9.9","false","{breed subscribers}","0","""default""","""none""","0"
"{media 51}","{citizen 0}","[141 141 141 255]","""""","9.9","false","{breed subscribers}","0","""default""","""none""","0"
"{media 51}","{citizen 1}","[141 141 141 255]","""""","9.9","false","{breed subscribers}","0","""default""","""none""","0"
"{media 51}","{citizen 2}","[141 141 141 255]","""""","9.9","false","{breed subscribers}","0","""default""","""none""","0"
"{media 51}","{citizen 3}","[141 141 141 255]","""""","9.9","false","{breed subscribers}","0","""default""","""none""","0"
"{media 51}","{citizen 4}","[141 141 141 255]","""""","9.9","false","{breed subscribers}","0","""default""","""none""","0"
"{media 51}","{citizen 5}","[141 141 141 255]","""""","9.9","false","{breed subscribers}","0","""default""","""none""","0"
"{media 51}","{citizen 6}","[141 141 141 255]","""""","9.9","false","{breed subscribers}","0","""default""","""none""","0"
"{media 51}","{citizen 7}","[141 141 141 255]","""""","9.9","false","{breed subscribers}","0","""default""","""none""","0"
"{media 51}","{citizen 8}","[141 141 141 255]","""""","9.9","false","{breed subscribers}","0","""default""","""none""","0"
"{media 51}","{citizen 9}","[141 141 141 255]","""""","9.9","false","{breed subscribers}","0","""default""","""none""","0"
"{media 51}","{citizen 10}","[141 141 141 255]","""""","9.9","false","{breed subscribers}","0","""default""","""none""","0"
"{media 51}","{citizen 11}","[141 141 141 255]","""""","9.9","false","{breed subscribers}","0","""default""","""none""","0"
"{media 51}","{citizen 12}","[141 141 141 255]","""""","9.9","false","{breed subscribers}","0","""default""","""none""","0"
"{media 51}","{citizen 13}","[141 141 141 255]","""""","9.9","false","{breed subscribers}","0","""default""","""none""","0"
"{media 51}","{citizen 14}","[141 141 141 255]","""""","9.9","false","{breed subscribers}","0","""default""","""none""","0"
"{media 51}","{citizen 15}","[141 141 141 255]","""""","9.9","false","{breed subscribers}","0","""default""","""none""","0"
"{media 51}","{citizen 16}","[141 141 141 255]","""""","9.9","false","{breed subscribers}","0","""default""","""none""","0"
"{media 51}","{citizen 17}","[141 141 141 255]","""""","9.9","false","{breed subscribers}","0","""default""","""none""","0"
"{media 51}","{citizen 18}","[141 141 141 255]","""""","9.9","false","{breed subscribers}","0","""default""","""none""","0"
"{media 51}","{citizen 19}","[141 141 141 255]","""""","9.9","false","{breed subscribers}","0","""default""","""none""","0"
"{media 51}","{citizen 20}","[141 141 141 255]","""""","9.9","false","{breed subscribers}","0","""default""","""none""","0"
"{media 51}","{citizen 21}","[141 141 141 255]","""""","9.9","false","{breed subscribers}","0","""default""","""none""","0"
"{media 51}","{citizen 22}","[141 141 141 255]","""""","9.9","false","{breed subscribers}","0","""default""","""none""","0"
"{media 51}","{citizen 23}","[141 141 141 255]","""""","9.9","false","{breed subscribers}","0","""default""","""none""","0"
"{media 51}","{citizen 24}","[141 141 141 255]","""""","9.9","false","{breed subscribers}","0","""default""","""none""","0"
"{media 51}","{citizen 25}","[141 141 141 255]","""""","9.9","false","{breed subscribers}","0","""default""","""none""","0"
"{media 51}","{citizen 26}","[141 141 141 255]","""""","9.9","false","{breed subscribers}","0","""default""","""none""","0"
"{media 51}","{citizen 27}","[141 141 141 255]","""""","9.9","false","{breed subscribers}","0","""default""","""none""","0"
"{media 51}","{citizen 28}","[141 141 141 255]","""""","9.9","false","{breed subscribers}","0","""default""","""none""","0"
"{media 51}","{citizen 29}","[141 141 141 255]","""""","9.9","false","{breed subscribers}","0","""default""","""none""","0"
"{media 51}","{citizen 30}","[141 141 141 255]","""""","9.9","false","{breed subscribers}","0","""default""","""none""","0"
"{media 51}","{citizen 31}","[141 141 141 255]","""""","9.9","false","{breed subscribers}","0","""default""","""none""","0"
"{media 51}","{citizen 32}","[141 141 141 255]","""""","9.9","false","{breed subscribers}","0","""default""","""none""","0"
"{media 51}","{citizen 33}","[141 141 141 255]","""""","9.9","false","{breed subscribers}","0","""default""","""none""","0"
"{media 51}","{citizen 34}","[141 141 141 255]","""""","9.9","false","{breed subscribers}","0","""default""","""none""","0"
"{media 51}","{citizen 35}","[141 141 141 255]","""""","9.9","false","{breed subscribers}","0","""default""","""none""","0"
"{media 51}","{citizen 36}","[141 141 141 255]","""""","9.9","false","{breed subscribers}","0","""default""","""none""","0"
"{media 51}","{citizen 37}","[141 141 141 255]","""""","9.9","false","{breed subscribers}","0","""default""","""none""","0"
"{media 51}","{citizen 38}","[141 141 141 255]","""""","9.9","false","{breed subscribers}","0","""default""","""none""","0"
"{media 51}","{citizen 39}","[141 141 141 255]","""""","9.9","false","{breed subscribers}","0","""default""","""none""","0"
"{media 51}","{citizen 40}","[141 141 141 255]","""""","9.9","false","{breed subscribers}","0","""default""","""none""","0"
"{media 51}","{citizen 41}","[141 141 141 255]","""""","9.9","false","{breed subscribers}","0","""default""","""none""","0"
"{media 51}","{citizen 42}","[141 141 141 255]","""""","9.9","false","{breed subscribers}","0","""default""","""none""","0"
"{media 51}","{citizen 43}","[141 141 141 255]","""""","9.9","false","{breed subscribers}","0","""default""","""none""","0"
"{media 51}","{citizen 44}","[141 141 141 255]","""""","9.9","false","{breed subscribers}","0","""default""","""none""","0"
"{media 51}","{citizen 45}","[141 141 141 255]","""""","9.9","false","{breed subscribers}","0","""default""","""none""","0"
"{media 51}","{citizen 46}","[141 141 141 255]","""""","9.9","false","{breed subscribers}","0","""default""","""none""","0"
"{media 51}","{citizen 47}","[141 141 141 255]","""""","9.9","false","{breed subscribers}","0","""default""","""none""","0"
"{media 51}","{citizen 48}","[141 141 141 255]","""""","9.9","false","{breed subscribers}","0","""default""","""none""","0"
"{media 51}","{citizen 49}","[141 141 141 255]","""""","9.9","false","{breed subscribers}","0","""default""","""none""","0"
"{media 52}","{citizen 0}","[141 141 141 255]","""""","9.9","false","{breed subscribers}","0","""default""","""none""","0"
"{media 52}","{citizen 1}","[141 141 141 255]","""""","9.9","false","{breed subscribers}","0","""default""","""none""","0"
"{media 52}","{citizen 2}","[141 141 141 255]","""""","9.9","false","{breed subscribers}","0","""default""","""none""","0"
"{media 52}","{citizen 3}","[141 141 141 255]","""""","9.9","false","{breed subscribers}","0","""default""","""none""","0"
"{media 52}","{citizen 4}","[141 141 141 255]","""""","9.9","false","{breed subscribers}","0","""default""","""none""","0"
"{media 52}","{citizen 5}","[141 141 141 255]","""""","9.9","false","{breed subscribers}","0","""default""","""none""","0"
"{media 52}","{citizen 6}","[141 141 141 255]","""""","9.9","false","{breed subscribers}","0","""default""","""none""","0"
"{media 52}","{citizen 7}","[141 141 141 255]","""""","9.9","false","{breed subscribers}","0","""default""","""none""","0"
"{media 52}","{citizen 8}","[141 141 141 255]","""""","9.9","false","{breed subscribers}","0","""default""","""none""","0"
"{media 52}","{citizen 9}","[141 141 141 255]","""""","9.9","false","{breed subscribers}","0","""default""","""none""","0"
"{media 52}","{citizen 10}","[141 141 141 255]","""""","9.9","false","{breed subscribers}","0","""default""","""none""","0"
"{media 52}","{citizen 11}","[141 141 141 255]","""""","9.9","false","{breed subscribers}","0","""default""","""none""","0"
"{media 52}","{citizen 12}","[141 141 141 255]","""""","9.9","false","{breed subscribers}","0","""default""","""none""","0"
"{media 52}","{citizen 13}","[141 141 141 255]","""""","9.9","false","{breed subscribers}","0","""default""","""none""","0"
"{media 52}","{citizen 14}","[141 141 141 255]","""""","9.9","false","{breed subscribers}","0","""default""","""none""","0"
"{media 52}","{citizen 15}","[141 141 141 255]","""""","9.9","false","{breed subscribers}","0","""default""","""none""","0"
"{media 52}","{citizen 16}","[141 141 141 255]","""""","9.9","false","{breed subscribers}","0","""default""","""none""","0"
"{media 52}","{citizen 17}","[141 141 141 255]","""""","9.9","false","{breed subscribers}","0","""default""","""none""","0"
"{media 52}","{citizen 18}","[141 141 141 255]","""""","9.9","false","{breed subscribers}","0","""default""","""none""","0"
"{media 52}","{citizen 19}","[141 141 141 255]","""""","9.9","false","{breed subscribers}","0","""default""","""none""","0"
"{media 52}","{citizen 20}","[141 141 141 255]","""""","9.9","false","{breed subscribers}","0","""default""","""none""","0"
"{media 52}","{citizen 21}","[141 141 141 255]","""""","9.9","false","{breed subscribers}","0","""default""","""none""","0"
"{media 52}","{citizen 22}","[141 141 141 255]","""""","9.9","false","{breed subscribers}","0","""default""","""none""","0"
"{media 52}","{citizen 23}","[141 141 141 255]","""""","9.9","false","{breed subscribers}","0","""default""","""none""","0"
"{media 52}","{citizen 24}","[141 141 141 255]","""""","9.9","false","{breed subscribers}","0","""default""","""none""","0"
"{media 52}","{citizen 25}","[141 141 141 255]","""""","9.9","false","{breed subscribers}","0","""default""","""none""","0"
"{media 52}","{citizen 26}","[141 141 141 255]","""""","9.9","false","{breed subscribers}","0","""default""","""none""","0"
"{media 52}","{citizen 27}","[141 141 141 255]","""""","9.9","false","{breed subscribers}","0","""default""","""none""","0"
"{media 52}","{citizen 28}","[141 141 141 255]","""""","9.9","false","{breed subscribers}","0","""default""","""none""","0"
"{media 52}","{citizen 29}","[141 141 141 255]","""""","9.9","false","{breed subscribers}","0","""default""","""none""","0"
"{media 52}","{citizen 30}","[141 141 141 255]","""""","9.9","false","{breed subscribers}","0","""default""","""none""","0"
"{media 52}","{citizen 31}","[141 141 141 255]","""""","9.9","false","{breed subscribers}","0","""default""","""none""","0"
"{media 52}","{citizen 32}","[141 141 141 255]","""""","9.9","false","{breed subscribers}","0","""default""","""none""","0"
"{media 52}","{citizen 33}","[141 141 141 255]","""""","9.9","false","{breed subscribers}","0","""default""","""none""","0"
"{media 52}","{citizen 34}","[141 141 141 255]","""""","9.9","false","{breed subscribers}","0","""default""","""none""","0"
"{media 52}","{citizen 35}","[141 141 141 255]","""""","9.9","false","{breed subscribers}","0","""default""","""none""","0"
"{media 52}","{citizen 36}","[141 141 141 255]","""""","9.9","false","{breed subscribers}","0","""default""","""none""","0"
"{media 52}","{citizen 37}","[141 141 141 255]","""""","9.9","false","{breed subscribers}","0","""default""","""none""","0"
"{media 52}","{citizen 38}","[141 141 141 255]","""""","9.9","false","{breed subscribers}","0","""default""","""none""","0"
"{media 52}","{citizen 39}","[141 141 141 255]","""""","9.9","false","{breed subscribers}","0","""default""","""none""","0"
"{media 52}","{citizen 40}","[141 141 141 255]","""""","9.9","false","{breed subscribers}","0","""default""","""none""","0"
"{media 52}","{citizen 41}","[141 141 141 255]","""""","9.9","false","{breed subscribers}","0","""default""","""none""","0"
"{media 52}","{citizen 42}","[141 141 141 255]","""""","9.9","false","{breed subscribers}","0","""default""","""none""","0"
"{media 52}","{citizen 43}","[141 141 141 255]","""""","9.9","false","{breed subscribers}","0","""default""","""none""","0"
"{media 52}","{citizen 44}","[141 141 141 255]","""""","9.9","false","{breed subscribers}","0","""default""","""none""","0"
"{media 52}","{citizen 45}","[141 141 141 255]","""""","9.9","false","{breed subscribers}","0","""default""","""none""","0"
"{media 52}","{citizen 46}","[141 141 141 255]","""""","9.9","false","{breed subscribers}","0","""default""","""none""","0"
"{media 52}","{citizen 47}","[141 141 141 255]","""""","9.9","false","{breed subscribers}","0","""default""","""none""","0"
"{media 52}","{citizen 48}","[141 141 141 255]","""""","9.9","false","{breed subscribers}","0","""default""","""none""","0"
"{media 52}","{citizen 49}","[141 141 141 255]","""""","9.9","false","{breed subscribers}","0","""default""","""none""","0"
"{media 53}","{citizen 0}","[141 141 141 255]","""""","9.9","false","{breed subscribers}","0","""default""","""none""","0"
"{media 53}","{citizen 1}","[141 141 141 255]","""""","9.9","false","{breed subscribers}","0","""default""","""none""","0"
"{media 53}","{citizen 2}","[141 141 141 255]","""""","9.9","false","{breed subscribers}","0","""default""","""none""","0"
"{media 53}","{citizen 3}","[141 141 141 255]","""""","9.9","false","{breed subscribers}","0","""default""","""none""","0"
"{media 53}","{citizen 4}","[141 141 141 255]","""""","9.9","false","{breed subscribers}","0","""default""","""none""","0"
"{media 53}","{citizen 5}","[141 141 141 255]","""""","9.9","false","{breed subscribers}","0","""default""","""none""","0"
"{media 53}","{citizen 6}","[141 141 141 255]","""""","9.9","false","{breed subscribers}","0","""default""","""none""","0"
"{media 53}","{citizen 7}","[141 141 141 255]","""""","9.9","false","{breed subscribers}","0","""default""","""none""","0"
"{media 53}","{citizen 8}","[141 141 141 255]","""""","9.9","false","{breed subscribers}","0","""default""","""none""","0"
"{media 53}","{citizen 9}","[141 141 141 255]","""""","9.9","false","{breed subscribers}","0","""default""","""none""","0"
"{media 53}","{citizen 10}","[141 141 141 255]","""""","9.9","false","{breed subscribers}","0","""default""","""none""","0"
"{media 53}","{citizen 11}","[141 141 141 255]","""""","9.9","false","{breed subscribers}","0","""default""","""none""","0"
"{media 53}","{citizen 12}","[141 141 141 255]","""""","9.9","false","{breed subscribers}","0","""default""","""none""","0"
"{media 53}","{citizen 13}","[141 141 141 255]","""""","9.9","false","{breed subscribers}","0","""default""","""none""","0"
"{media 53}","{citizen 14}","[141 141 141 255]","""""","9.9","false","{breed subscribers}","0","""default""","""none""","0"
"{media 53}","{citizen 15}","[141 141 141 255]","""""","9.9","false","{breed subscribers}","0","""default""","""none""","0"
"{media 53}","{citizen 16}","[141 141 141 255]","""""","9.9","false","{breed subscribers}","0","""default""","""none""","0"
"{media 53}","{citizen 17}","[141 141 141 255]","""""","9.9","false","{breed subscribers}","0","""default""","""none""","0"
"{media 53}","{citizen 18}","[141 141 141 255]","""""","9.9","false","{breed subscribers}","0","""default""","""none""","0"
"{media 53}","{citizen 19}","[141 141 141 255]","""""","9.9","false","{breed subscribers}","0","""default""","""none""","0"
"{media 53}","{citizen 20}","[141 141 141 255]","""""","9.9","false","{breed subscribers}","0","""default""","""none""","0"
"{media 53}","{citizen 21}","[141 141 141 255]","""""","9.9","false","{breed subscribers}","0","""default""","""none""","0"
"{media 53}","{citizen 22}","[141 141 141 255]","""""","9.9","false","{breed subscribers}","0","""default""","""none""","0"
"{media 53}","{citizen 23}","[141 141 141 255]","""""","9.9","false","{breed subscribers}","0","""default""","""none""","0"
"{media 53}","{citizen 24}","[141 141 141 255]","""""","9.9","false","{breed subscribers}","0","""default""","""none""","0"
"{media 53}","{citizen 25}","[141 141 141 255]","""""","9.9","false","{breed subscribers}","0","""default""","""none""","0"
"{media 53}","{citizen 26}","[141 141 141 255]","""""","9.9","false","{breed subscribers}","0","""default""","""none""","0"
"{media 53}","{citizen 27}","[141 141 141 255]","""""","9.9","false","{breed subscribers}","0","""default""","""none""","0"
"{media 53}","{citizen 28}","[141 141 141 255]","""""","9.9","false","{breed subscribers}","0","""default""","""none""","0"
"{media 53}","{citizen 29}","[141 141 141 255]","""""","9.9","false","{breed subscribers}","0","""default""","""none""","0"
"{media 53}","{citizen 30}","[141 141 141 255]","""""","9.9","false","{breed subscribers}","0","""default""","""none""","0"
"{media 53}","{citizen 31}","[141 141 141 255]","""""","9.9","false","{breed subscribers}","0","""default""","""none""","0"
"{media 53}","{citizen 32}","[141 141 141 255]","""""","9.9","false","{breed subscribers}","0","""default""","""none""","0"
"{media 53}","{citizen 33}","[141 141 141 255]","""""","9.9","false","{breed subscribers}","0","""default""","""none""","0"
"{media 53}","{citizen 34}","[141 141 141 255]","""""","9.9","false","{breed subscribers}","0","""default""","""none""","0"
"{media 53}","{citizen 35}","[141 141 141 255]","""""","9.9","false","{breed subscribers}","0","""default""","""none""","0"
"{media 53}","{citizen 36}","[141 141 141 255]","""""","9.9","false","{breed subscribers}","0","""default""","""none""","0"
"{media 53}","{citizen 37}","[141 141 141 255]","""""","9.9","false","{breed subscribers}","0","""default""","""none""","0"
"{media 53}","{citizen 38}","[141 141 141 255]","""""","9.9","false","{breed subscribers}","0","""default""","""none""","0"
"{media 53}","{citizen 39}","[141 141 141 255]","""""","9.9","false","{breed subscribers}","0","""default""","""none""","0"
"{media 53}","{citizen 40}","[141 141 141 255]","""""","9.9","false","{breed subscribers}","0","""default""","""none""","0"
"{media 53}","{citizen 41}","[141 141 141 255]","""""","9.9","false","{breed subscribers}","0","""default""","""none""","0"
"{media 53}","{citizen 42}","[141 141 141 255]","""""","9.9","false","{breed subscribers}","0","""default""","""none""","0"
"{media 53}","{citizen 43}","[141 141 141 255]","""""","9.9","false","{breed subscribers}","0","""default""","""none""","0"
"{media 53}","{citizen 44}","[141 141 141 255]","""""","9.9","false","{breed subscribers}","0","""default""","""none""","0"
"{media 53}","{citizen 45}","[141 141 141 255]","""""","9.9","false","{breed subscribers}","0","""default""","""none""","0"
"{media 53}","{citizen 46}","[141 141 141 255]","""""","9.9","false","{breed subscribers}","0","""default""","""none""","0"
"{media 53}","{citizen 47}","[141 141 141 255]","""""","9.9","false","{breed subscribers}","0","""default""","""none""","0"
"{media 53}","{citizen 48}","[141 141 141 255]","""""","9.9","false","{breed subscribers}","0","""default""","""none""","0"
"{media 53}","{citizen 49}","[141 141 141 255]","""""","9.9","false","{breed subscribers}","0","""default""","""none""","0"
"{media 54}","{citizen 0}","[141 141 141 255]","""""","9.9","false","{breed subscribers}","0","""default""","""none""","0"
"{media 54}","{citizen 1}","[141 141 141 255]","""""","9.9","false","{breed subscribers}","0","""default""","""none""","0"
"{media 54}","{citizen 2}","[141 141 141 255]","""""","9.9","false","{breed subscribers}","0","""default""","""none""","0"
"{media 54}","{citizen 3}","[141 141 141 255]","""""","9.9","false","{breed subscribers}","0","""default""","""none""","0"
"{media 54}","{citizen 4}","[141 141 141 255]","""""","9.9","false","{breed subscribers}","0","""default""","""none""","0"
"{media 54}","{citizen 5}","[141 141 141 255]","""""","9.9","false","{breed subscribers}","0","""default""","""none""","0"
"{media 54}","{citizen 6}","[141 141 141 255]","""""","9.9","false","{breed subscribers}","0","""default""","""none""","0"
"{media 54}","{citizen 7}","[141 141 141 255]","""""","9.9","false","{breed subscribers}","0","""default""","""none""","0"
"{media 54}","{citizen 8}","[141 141 141 255]","""""","9.9","false","{breed subscribers}","0","""default""","""none""","0"
"{media 54}","{citizen 9}","[141 141 141 255]","""""","9.9","false","{breed subscribers}","0","""default""","""none""","0"
"{media 54}","{citizen 10}","[141 141 141 255]","""""","9.9","false","{breed subscribers}","0","""default""","""none""","0"
"{media 54}","{citizen 11}","[141 141 141 255]","""""","9.9","false","{breed subscribers}","0","""default""","""none""","0"
"{media 54}","{citizen 12}","[141 141 141 255]","""""","9.9","false","{breed subscribers}","0","""default""","""none""","0"
"{media 54}","{citizen 13}","[141 141 141 255]","""""","9.9","false","{breed subscribers}","0","""default""","""none""","0"
"{media 54}","{citizen 14}","[141 141 141 255]","""""","9.9","false","{breed subscribers}","0","""default""","""none""","0"
"{media 54}","{citizen 15}","[141 141 141 255]","""""","9.9","false","{breed subscribers}","0","""default""","""none""","0"
"{media 54}","{citizen 16}","[141 141 141 255]","""""","9.9","false","{breed subscribers}","0","""default""","""none""","0"
"{media 54}","{citizen 17}","[141 141 141 255]","""""","9.9","false","{breed subscribers}","0","""default""","""none""","0"
"{media 54}","{citizen 18}","[141 141 141 255]","""""","9.9","false","{breed subscribers}","0","""default""","""none""","0"
"{media 54}","{citizen 19}","[141 141 141 255]","""""","9.9","false","{breed subscribers}","0","""default""","""none""","0"
"{media 54}","{citizen 20}","[141 141 141 255]","""""","9.9","false","{breed subscribers}","0","""default""","""none""","0"
"{media 54}","{citizen 21}","[141 141 141 255]","""""","9.9","false","{breed subscribers}","0","""default""","""none""","0"
"{media 54}","{citizen 22}","[141 141 141 255]","""""","9.9","false","{breed subscribers}","0","""default""","""none""","0"
"{media 54}","{citizen 23}","[141 141 141 255]","""""","9.9","false","{breed subscribers}","0","""default""","""none""","0"
"{media 54}","{citizen 24}","[141 141 141 255]","""""","9.9","false","{breed subscribers}","0","""default""","""none""","0"
"{media 54}","{citizen 25}","[141 141 141 255]","""""","9.9","false","{breed subscribers}","0","""default""","""none""","0"
"{media 54}","{citizen 26}","[141 141 141 255]","""""","9.9","false","{breed subscribers}","0","""default""","""none""","0"
"{media 54}","{citizen 27}","[141 141 141 255]","""""","9.9","false","{breed subscribers}","0","""default""","""none""","0"
"{media 54}","{citizen 28}","[141 141 141 255]","""""","9.9","false","{breed subscribers}","0","""default""","""none""","0"
"{media 54}","{citizen 29}","[141 141 141 255]","""""","9.9","false","{breed subscribers}","0","""default""","""none""","0"
"{media 54}","{citizen 30}","[141 141 141 255]","""""","9.9","false","{breed subscribers}","0","""default""","""none""","0"
"{media 54}","{citizen 31}","[141 141 141 255]","""""","9.9","false","{breed subscribers}","0","""default""","""none""","0"
"{media 54}","{citizen 32}","[141 141 141 255]","""""","9.9","false","{breed subscribers}","0","""default""","""none""","0"
"{media 54}","{citizen 33}","[141 141 141 255]","""""","9.9","false","{breed subscribers}","0","""default""","""none""","0"
"{media 54}","{citizen 34}","[141 141 141 255]","""""","9.9","false","{breed subscribers}","0","""default""","""none""","0"
"{media 54}","{citizen 35}","[141 141 141 255]","""""","9.9","false","{breed subscribers}","0","""default""","""none""","0"
"{media 54}","{citizen 36}","[141 141 141 255]","""""","9.9","false","{breed subscribers}","0","""default""","""none""","0"
"{media 54}","{citizen 37}","[141 141 141 255]","""""","9.9","false","{breed subscribers}","0","""default""","""none""","0"
"{media 54}","{citizen 38}","[141 141 141 255]","""""","9.9","false","{breed subscribers}","0","""default""","""none""","0"
"{media 54}","{citizen 39}","[141 141 141 255]","""""","9.9","false","{breed subscribers}","0","""default""","""none""","0"
"{media 54}","{citizen 40}","[141 141 141 255]","""""","9.9","false","{breed subscribers}","0","""default""","""none""","0"
"{media 54}","{citizen 41}","[141 141 141 255]","""""","9.9","false","{breed subscribers}","0","""default""","""none""","0"
"{media 54}","{citizen 42}","[141 141 141 255]","""""","9.9","false","{breed subscribers}","0","""default""","""none""","0"
"{media 54}","{citizen 43}","[141 141 141 255]","""""","9.9","false","{breed subscribers}","0","""default""","""none""","0"
"{media 54}","{citizen 44}","[141 141 141 255]","""""","9.9","false","{breed subscribers}","0","""default""","""none""","0"
"{media 54}","{citizen 45}","[141 141 141 255]","""""","9.9","false","{breed subscribers}","0","""default""","""none""","0"
"{media 54}","{citizen 46}","[141 141 141 255]","""""","9.9","false","{breed subscribers}","0","""default""","""none""","0"
"{media 54}","{citizen 47}","[141 141 141 255]","""""","9.9","false","{breed subscribers}","0","""default""","""none""","0"
"{media 54}","{citizen 48}","[141 141 141 255]","""""","9.9","false","{breed subscribers}","0","""default""","""none""","0"
"{media 54}","{citizen 49}","[141 141 141 255]","""""","9.9","false","{breed subscribers}","0","""default""","""none""","0"
"{media 55}","{citizen 0}","[141 141 141 255]","""""","9.9","false","{breed subscribers}","0","""default""","""none""","0"
"{media 55}","{citizen 1}","[141 141 141 255]","""""","9.9","false","{breed subscribers}","0","""default""","""none""","0"
"{media 55}","{citizen 2}","[141 141 141 255]","""""","9.9","false","{breed subscribers}","0","""default""","""none""","0"
"{media 55}","{citizen 3}","[141 141 141 255]","""""","9.9","false","{breed subscribers}","0","""default""","""none""","0"
"{media 55}","{citizen 4}","[141 141 141 255]","""""","9.9","false","{breed subscribers}","0","""default""","""none""","0"
"{media 55}","{citizen 5}","[141 141 141 255]","""""","9.9","false","{breed subscribers}","0","""default""","""none""","0"
"{media 55}","{citizen 6}","[141 141 141 255]","""""","9.9","false","{breed subscribers}","0","""default""","""none""","0"
"{media 55}","{citizen 7}","[141 141 141 255]","""""","9.9","false","{breed subscribers}","0","""default""","""none""","0"
"{media 55}","{citizen 8}","[141 141 141 255]","""""","9.9","false","{breed subscribers}","0","""default""","""none""","0"
"{media 55}","{citizen 9}","[141 141 141 255]","""""","9.9","false","{breed subscribers}","0","""default""","""none""","0"
"{media 55}","{citizen 10}","[141 141 141 255]","""""","9.9","false","{breed subscribers}","0","""default""","""none""","0"
"{media 55}","{citizen 11}","[141 141 141 255]","""""","9.9","false","{breed subscribers}","0","""default""","""none""","0"
"{media 55}","{citizen 12}","[141 141 141 255]","""""","9.9","false","{breed subscribers}","0","""default""","""none""","0"
"{media 55}","{citizen 13}","[141 141 141 255]","""""","9.9","false","{breed subscribers}","0","""default""","""none""","0"
"{media 55}","{citizen 14}","[141 141 141 255]","""""","9.9","false","{breed subscribers}","0","""default""","""none""","0"
"{media 55}","{citizen 15}","[141 141 141 255]","""""","9.9","false","{breed subscribers}","0","""default""","""none""","0"
"{media 55}","{citizen 16}","[141 141 141 255]","""""","9.9","false","{breed subscribers}","0","""default""","""none""","0"
"{media 55}","{citizen 17}","[141 141 141 255]","""""","9.9","false","{breed subscribers}","0","""default""","""none""","0"
"{media 55}","{citizen 18}","[141 141 141 255]","""""","9.9","false","{breed subscribers}","0","""default""","""none""","0"
"{media 55}","{citizen 19}","[141 141 141 255]","""""","9.9","false","{breed subscribers}","0","""default""","""none""","0"
"{media 55}","{citizen 20}","[141 141 141 255]","""""","9.9","false","{breed subscribers}","0","""default""","""none""","0"
"{media 55}","{citizen 21}","[141 141 141 255]","""""","9.9","false","{breed subscribers}","0","""default""","""none""","0"
"{media 55}","{citizen 22}","[141 141 141 255]","""""","9.9","false","{breed subscribers}","0","""default""","""none""","0"
"{media 55}","{citizen 23}","[141 141 141 255]","""""","9.9","false","{breed subscribers}","0","""default""","""none""","0"
"{media 55}","{citizen 24}","[141 141 141 255]","""""","9.9","false","{breed subscribers}","0","""default""","""none""","0"
"{media 55}","{citizen 25}","[141 141 141 255]","""""","9.9","false","{breed subscribers}","0","""default""","""none""","0"
"{media 55}","{citizen 26}","[141 141 141 255]","""""","9.9","false","{breed subscribers}","0","""default""","""none""","0"
"{media 55}","{citizen 27}","[141 141 141 255]","""""","9.9","false","{breed subscribers}","0","""default""","""none""","0"
"{media 55}","{citizen 28}","[141 141 141 255]","""""","9.9","false","{breed subscribers}","0","""default""","""none""","0"
"{media 55}","{citizen 29}","[141 141 141 255]","""""","9.9","false","{breed subscribers}","0","""default""","""none""","0"
"{media 55}","{citizen 30}","[141 141 141 255]","""""","9.9","false","{breed subscribers}","0","""default""","""none""","0"
"{media 55}","{citizen 31}","[141 141 141 255]","""""","9.9","false","{breed subscribers}","0","""default""","""none""","0"
"{media 55}","{citizen 32}","[141 141 141 255]","""""","9.9","false","{breed subscribers}","0","""default""","""none""","0"
"{media 55}","{citizen 33}","[141 141 141 255]","""""","9.9","false","{breed subscribers}","0","""default""","""none""","0"
"{media 55}","{citizen 34}","[141 141 141 255]","""""","9.9","false","{breed subscribers}","0","""default""","""none""","0"
"{media 55}","{citizen 35}","[141 141 141 255]","""""","9.9","false","{breed subscribers}","0","""default""","""none""","0"
"{media 55}","{citizen 36}","[141 141 141 255]","""""","9.9","false","{breed subscribers}","0","""default""","""none""","0"
"{media 55}","{citizen 37}","[141 141 141 255]","""""","9.9","false","{breed subscribers}","0","""default""","""none""","0"
"{media 55}","{citizen 38}","[141 141 141 255]","""""","9.9","false","{breed subscribers}","0","""default""","""none""","0"
"{media 55}","{citizen 39}","[141 141 141 255]","""""","9.9","false","{breed subscribers}","0","""default""","""none""","0"
"{media 55}","{citizen 40}","[141 141 141 255]","""""","9.9","false","{breed subscribers}","0","""default""","""none""","0"
"{media 55}","{citizen 41}","[141 141 141 255]","""""","9.9","false","{breed subscribers}","0","""default""","""none""","0"
"{media 55}","{citizen 42}","[141 141 141 255]","""""","9.9","false","{breed subscribers}","0","""default""","""none""","0"
"{media 55}","{citizen 43}","[141 141 141 255]","""""","9.9","false","{breed subscribers}","0","""default""","""none""","0"
"{media 55}","{citizen 44}","[141 141 141 255]","""""","9.9","false","{breed subscribers}","0","""default""","""none""","0"
"{media 55}","{citizen 45}","[141 141 141 255]","""""","9.9","false","{breed subscribers}","0","""default""","""none""","0"
"{media 55}","{citizen 46}","[141 141 141 255]","""""","9.9","false","{breed subscribers}","0","""default""","""none""","0"
"{media 55}","{citizen 47}","[141 141 141 255]","""""","9.9","false","{breed subscribers}","0","""default""","""none""","0"
"{media 55}","{citizen 48}","[141 141 141 255]","""""","9.9","false","{breed subscribers}","0","""default""","""none""","0"
"{media 55}","{citizen 49}","[141 141 141 255]","""""","9.9","false","{breed subscribers}","0","""default""","""none""","0"
"{media 56}","{citizen 0}","[141 141 141 255]","""""","9.9","false","{breed subscribers}","0","""default""","""none""","0"
"{media 56}","{citizen 1}","[141 141 141 255]","""""","9.9","false","{breed subscribers}","0","""default""","""none""","0"
"{media 56}","{citizen 2}","[141 141 141 255]","""""","9.9","false","{breed subscribers}","0","""default""","""none""","0"
"{media 56}","{citizen 3}","[141 141 141 255]","""""","9.9","false","{breed subscribers}","0","""default""","""none""","0"
"{media 56}","{citizen 4}","[141 141 141 255]","""""","9.9","false","{breed subscribers}","0","""default""","""none""","0"
"{media 56}","{citizen 5}","[141 141 141 255]","""""","9.9","false","{breed subscribers}","0","""default""","""none""","0"
"{media 56}","{citizen 6}","[141 141 141 255]","""""","9.9","false","{breed subscribers}","0","""default""","""none""","0"
"{media 56}","{citizen 7}","[141 141 141 255]","""""","9.9","false","{breed subscribers}","0","""default""","""none""","0"
"{media 56}","{citizen 8}","[141 141 141 255]","""""","9.9","false","{breed subscribers}","0","""default""","""none""","0"
"{media 56}","{citizen 9}","[141 141 141 255]","""""","9.9","false","{breed subscribers}","0","""default""","""none""","0"
"{media 56}","{citizen 10}","[141 141 141 255]","""""","9.9","false","{breed subscribers}","0","""default""","""none""","0"
"{media 56}","{citizen 11}","[141 141 141 255]","""""","9.9","false","{breed subscribers}","0","""default""","""none""","0"
"{media 56}","{citizen 12}","[141 141 141 255]","""""","9.9","false","{breed subscribers}","0","""default""","""none""","0"
"{media 56}","{citizen 13}","[141 141 141 255]","""""","9.9","false","{breed subscribers}","0","""default""","""none""","0"
"{media 56}","{citizen 14}","[141 141 141 255]","""""","9.9","false","{breed subscribers}","0","""default""","""none""","0"
"{media 56}","{citizen 15}","[141 141 141 255]","""""","9.9","false","{breed subscribers}","0","""default""","""none""","0"
"{media 56}","{citizen 16}","[141 141 141 255]","""""","9.9","false","{breed subscribers}","0","""default""","""none""","0"
"{media 56}","{citizen 17}","[141 141 141 255]","""""","9.9","false","{breed subscribers}","0","""default""","""none""","0"
"{media 56}","{citizen 18}","[141 141 141 255]","""""","9.9","false","{breed subscribers}","0","""default""","""none""","0"
"{media 56}","{citizen 19}","[141 141 141 255]","""""","9.9","false","{breed subscribers}","0","""default""","""none""","0"
"{media 56}","{citizen 20}","[141 141 141 255]","""""","9.9","false","{breed subscribers}","0","""default""","""none""","0"
"{media 56}","{citizen 21}","[141 141 141 255]","""""","9.9","false","{breed subscribers}","0","""default""","""none""","0"
"{media 56}","{citizen 22}","[141 141 141 255]","""""","9.9","false","{breed subscribers}","0","""default""","""none""","0"
"{media 56}","{citizen 23}","[141 141 141 255]","""""","9.9","false","{breed subscribers}","0","""default""","""none""","0"
"{media 56}","{citizen 24}","[141 141 141 255]","""""","9.9","false","{breed subscribers}","0","""default""","""none""","0"
"{media 56}","{citizen 25}","[141 141 141 255]","""""","9.9","false","{breed subscribers}","0","""default""","""none""","0"
"{media 56}","{citizen 26}","[141 141 141 255]","""""","9.9","false","{breed subscribers}","0","""default""","""none""","0"
"{media 56}","{citizen 27}","[141 141 141 255]","""""","9.9","false","{breed subscribers}","0","""default""","""none""","0"
"{media 56}","{citizen 28}","[141 141 141 255]","""""","9.9","false","{breed subscribers}","0","""default""","""none""","0"
"{media 56}","{citizen 29}","[141 141 141 255]","""""","9.9","false","{breed subscribers}","0","""default""","""none""","0"
"{media 56}","{citizen 30}","[141 141 141 255]","""""","9.9","false","{breed subscribers}","0","""default""","""none""","0"
"{media 56}","{citizen 31}","[141 141 141 255]","""""","9.9","false","{breed subscribers}","0","""default""","""none""","0"
"{media 56}","{citizen 32}","[141 141 141 255]","""""","9.9","false","{breed subscribers}","0","""default""","""none""","0"
"{media 56}","{citizen 33}","[141 141 141 255]","""""","9.9","false","{breed subscribers}","0","""default""","""none""","0"
"{media 56}","{citizen 34}","[141 141 141 255]","""""","9.9","false","{breed subscribers}","0","""default""","""none""","0"
"{media 56}","{citizen 35}","[141 141 141 255]","""""","9.9","false","{breed subscribers}","0","""default""","""none""","0"
"{media 56}","{citizen 36}","[141 141 141 255]","""""","9.9","false","{breed subscribers}","0","""default""","""none""","0"
"{media 56}","{citizen 37}","[141 141 141 255]","""""","9.9","false","{breed subscribers}","0","""default""","""none""","0"
"{media 56}","{citizen 38}","[141 141 141 255]","""""","9.9","false","{breed subscribers}","0","""default""","""none""","0"
"{media 56}","{citizen 39}","[141 141 141 255]","""""","9.9","false","{breed subscribers}","0","""default""","""none""","0"
"{media 56}","{citizen 40}","[141 141 141 255]","""""","9.9","false","{breed subscribers}","0","""default""","""none""","0"
"{media 56}","{citizen 41}","[141 141 141 255]","""""","9.9","false","{breed subscribers}","0","""default""","""none""","0"
"{media 56}","{citizen 42}","[141 141 141 255]","""""","9.9","false","{breed subscribers}","0","""default""","""none""","0"
"{media 56}","{citizen 43}","[141 141 141 255]","""""","9.9","false","{breed subscribers}","0","""default""","""none""","0"
"{media 56}","{citizen 44}","[141 141 141 255]","""""","9.9","false","{breed subscribers}","0","""default""","""none""","0"
"{media 56}","{citizen 45}","[141 141 141 255]","""""","9.9","false","{breed subscribers}","0","""default""","""none""","0"
"{media 56}","{citizen 46}","[141 141 141 255]","""""","9.9","false","{breed subscribers}","0","""default""","""none""","0"
"{media 56}","{citizen 47}","[141 141 141 255]","""""","9.9","false","{breed subscribers}","0","""default""","""none""","0"
"{media 56}","{citizen 48}","[141 141 141 255]","""""","9.9","false","{breed subscribers}","0","""default""","""none""","0"
"{media 56}","{citizen 49}","[141 141 141 255]","""""","9.9","false","{breed subscribers}","0","""default""","""none""","0"
"{media 57}","{citizen 0}","[141 141 141 255]","""""","9.9","false","{breed subscribers}","0","""default""","""none""","0"
"{media 57}","{citizen 1}","[141 141 141 255]","""""","9.9","false","{breed subscribers}","0","""default""","""none""","0"
"{media 57}","{citizen 2}","[141 141 141 255]","""""","9.9","false","{breed subscribers}","0","""default""","""none""","0"
"{media 57}","{citizen 3}","[141 141 141 255]","""""","9.9","false","{breed subscribers}","0","""default""","""none""","0"
"{media 57}","{citizen 4}","[141 141 141 255]","""""","9.9","false","{breed subscribers}","0","""default""","""none""","0"
"{media 57}","{citizen 5}","[141 141 141 255]","""""","9.9","false","{breed subscribers}","0","""default""","""none""","0"
"{media 57}","{citizen 6}","[141 141 141 255]","""""","9.9","false","{breed subscribers}","0","""default""","""none""","0"
"{media 57}","{citizen 7}","[141 141 141 255]","""""","9.9","false","{breed subscribers}","0","""default""","""none""","0"
"{media 57}","{citizen 8}","[141 141 141 255]","""""","9.9","false","{breed subscribers}","0","""default""","""none""","0"
"{media 57}","{citizen 9}","[141 141 141 255]","""""","9.9","false","{breed subscribers}","0","""default""","""none""","0"
"{media 57}","{citizen 10}","[141 141 141 255]","""""","9.9","false","{breed subscribers}","0","""default""","""none""","0"
"{media 57}","{citizen 11}","[141 141 141 255]","""""","9.9","false","{breed subscribers}","0","""default""","""none""","0"
"{media 57}","{citizen 12}","[141 141 141 255]","""""","9.9","false","{breed subscribers}","0","""default""","""none""","0"
"{media 57}","{citizen 13}","[141 141 141 255]","""""","9.9","false","{breed subscribers}","0","""default""","""none""","0"
"{media 57}","{citizen 14}","[141 141 141 255]","""""","9.9","false","{breed subscribers}","0","""default""","""none""","0"
"{media 57}","{citizen 15}","[141 141 141 255]","""""","9.9","false","{breed subscribers}","0","""default""","""none""","0"
"{media 57}","{citizen 16}","[141 141 141 255]","""""","9.9","false","{breed subscribers}","0","""default""","""none""","0"
"{media 57}","{citizen 17}","[141 141 141 255]","""""","9.9","false","{breed subscribers}","0","""default""","""none""","0"
"{media 57}","{citizen 18}","[141 141 141 255]","""""","9.9","false","{breed subscribers}","0","""default""","""none""","0"
"{media 57}","{citizen 19}","[141 141 141 255]","""""","9.9","false","{breed subscribers}","0","""default""","""none""","0"
"{media 57}","{citizen 20}","[141 141 141 255]","""""","9.9","false","{breed subscribers}","0","""default""","""none""","0"
"{media 57}","{citizen 21}","[141 141 141 255]","""""","9.9","false","{breed subscribers}","0","""default""","""none""","0"
"{media 57}","{citizen 22}","[141 141 141 255]","""""","9.9","false","{breed subscribers}","0","""default""","""none""","0"
"{media 57}","{citizen 23}","[141 141 141 255]","""""","9.9","false","{breed subscribers}","0","""default""","""none""","0"
"{media 57}","{citizen 24}","[141 141 141 255]","""""","9.9","false","{breed subscribers}","0","""default""","""none""","0"
"{media 57}","{citizen 25}","[141 141 141 255]","""""","9.9","false","{breed subscribers}","0","""default""","""none""","0"
"{media 57}","{citizen 26}","[141 141 141 255]","""""","9.9","false","{breed subscribers}","0","""default""","""none""","0"
"{media 57}","{citizen 27}","[141 141 141 255]","""""","9.9","false","{breed subscribers}","0","""default""","""none""","0"
"{media 57}","{citizen 28}","[141 141 141 255]","""""","9.9","false","{breed subscribers}","0","""default""","""none""","0"
"{media 57}","{citizen 29}","[141 141 141 255]","""""","9.9","false","{breed subscribers}","0","""default""","""none""","0"
"{media 57}","{citizen 30}","[141 141 141 255]","""""","9.9","false","{breed subscribers}","0","""default""","""none""","0"
"{media 57}","{citizen 31}","[141 141 141 255]","""""","9.9","false","{breed subscribers}","0","""default""","""none""","0"
"{media 57}","{citizen 32}","[141 141 141 255]","""""","9.9","false","{breed subscribers}","0","""default""","""none""","0"
"{media 57}","{citizen 33}","[141 141 141 255]","""""","9.9","false","{breed subscribers}","0","""default""","""none""","0"
"{media 57}","{citizen 34}","[141 141 141 255]","""""","9.9","false","{breed subscribers}","0","""default""","""none""","0"
"{media 57}","{citizen 35}","[141 141 141 255]","""""","9.9","false","{breed subscribers}","0","""default""","""none""","0"
"{media 57}","{citizen 36}","[141 141 141 255]","""""","9.9","false","{breed subscribers}","0","""default""","""none""","0"
"{media 57}","{citizen 37}","[141 141 141 255]","""""","9.9","false","{breed subscribers}","0","""default""","""none""","0"
"{media 57}","{citizen 38}","[141 141 141 255]","""""","9.9","false","{breed subscribers}","0","""default""","""none""","0"
"{media 57}","{citizen 39}","[141 141 141 255]","""""","9.9","false","{breed subscribers}","0","""default""","""none""","0"
"{media 57}","{citizen 40}","[141 141 141 255]","""""","9.9","false","{breed subscribers}","0","""default""","""none""","0"
"{media 57}","{citizen 41}","[141 141 141 255]","""""","9.9","false","{breed subscribers}","0","""default""","""none""","0"
"{media 57}","{citizen 42}","[141 141 141 255]","""""","9.9","false","{breed subscribers}","0","""default""","""none""","0"
"{media 57}","{citizen 43}","[141 141 141 255]","""""","9.9","false","{breed subscribers}","0","""default""","""none""","0"
"{media 57}","{citizen 44}","[141 141 141 255]","""""","9.9","false","{breed subscribers}","0","""default""","""none""","0"
"{media 57}","{citizen 45}","[141 141 141 255]","""""","9.9","false","{breed subscribers}","0","""default""","""none""","0"
"{media 57}","{citizen 46}","[141 141 141 255]","""""","9.9","false","{breed subscribers}","0","""default""","""none""","0"
"{media 57}","{citizen 47}","[141 141 141 255]","""""","9.9","false","{breed subscribers}","0","""default""","""none""","0"
"{media 57}","{citizen 48}","[141 141 141 255]","""""","9.9","false","{breed subscribers}","0","""default""","""none""","0"
"{media 57}","{citizen 49}","[141 141 141 255]","""""","9.9","false","{breed subscribers}","0","""default""","""none""","0"
"{media 58}","{citizen 0}","[141 141 141 255]","""""","9.9","false","{breed subscribers}","0","""default""","""none""","0"
"{media 58}","{citizen 1}","[141 141 141 255]","""""","9.9","false","{breed subscribers}","0","""default""","""none""","0"
"{media 58}","{citizen 2}","[141 141 141 255]","""""","9.9","false","{breed subscribers}","0","""default""","""none""","0"
"{media 58}","{citizen 3}","[141 141 141 255]","""""","9.9","false","{breed subscribers}","0","""default""","""none""","0"
"{media 58}","{citizen 4}","[141 141 141 255]","""""","9.9","false","{breed subscribers}","0","""default""","""none""","0"
"{media 58}","{citizen 5}","[141 141 141 255]","""""","9.9","false","{breed subscribers}","0","""default""","""none""","0"
"{media 58}","{citizen 6}","[141 141 141 255]","""""","9.9","false","{breed subscribers}","0","""default""","""none""","0"
"{media 58}","{citizen 7}","[141 141 141 255]","""""","9.9","false","{breed subscribers}","0","""default""","""none""","0"
"{media 58}","{citizen 8}","[141 141 141 255]","""""","9.9","false","{breed subscribers}","0","""default""","""none""","0"
"{media 58}","{citizen 9}","[141 141 141 255]","""""","9.9","false","{breed subscribers}","0","""default""","""none""","0"
"{media 58}","{citizen 10}","[141 141 141 255]","""""","9.9","false","{breed subscribers}","0","""default""","""none""","0"
"{media 58}","{citizen 11}","[141 141 141 255]","""""","9.9","false","{breed subscribers}","0","""default""","""none""","0"
"{media 58}","{citizen 12}","[141 141 141 255]","""""","9.9","false","{breed subscribers}","0","""default""","""none""","0"
"{media 58}","{citizen 13}","[141 141 141 255]","""""","9.9","false","{breed subscribers}","0","""default""","""none""","0"
"{media 58}","{citizen 14}","[141 141 141 255]","""""","9.9","false","{breed subscribers}","0","""default""","""none""","0"
"{media 58}","{citizen 15}","[141 141 141 255]","""""","9.9","false","{breed subscribers}","0","""default""","""none""","0"
"{media 58}","{citizen 16}","[141 141 141 255]","""""","9.9","false","{breed subscribers}","0","""default""","""none""","0"
"{media 58}","{citizen 17}","[141 141 141 255]","""""","9.9","false","{breed subscribers}","0","""default""","""none""","0"
"{media 58}","{citizen 18}","[141 141 141 255]","""""","9.9","false","{breed subscribers}","0","""default""","""none""","0"
"{media 58}","{citizen 19}","[141 141 141 255]","""""","9.9","false","{breed subscribers}","0","""default""","""none""","0"
"{media 58}","{citizen 20}","[141 141 141 255]","""""","9.9","false","{breed subscribers}","0","""default""","""none""","0"
"{media 58}","{citizen 21}","[141 141 141 255]","""""","9.9","false","{breed subscribers}","0","""default""","""none""","0"
"{media 58}","{citizen 22}","[141 141 141 255]","""""","9.9","false","{breed subscribers}","0","""default""","""none""","0"
"{media 58}","{citizen 23}","[141 141 141 255]","""""","9.9","false","{breed subscribers}","0","""default""","""none""","0"
"{media 58}","{citizen 24}","[141 141 141 255]","""""","9.9","false","{breed subscribers}","0","""default""","""none""","0"
"{media 58}","{citizen 25}","[141 141 141 255]","""""","9.9","false","{breed subscribers}","0","""default""","""none""","0"
"{media 58}","{citizen 26}","[141 141 141 255]","""""","9.9","false","{breed subscribers}","0","""default""","""none""","0"
"{media 58}","{citizen 27}","[141 141 141 255]","""""","9.9","false","{breed subscribers}","0","""default""","""none""","0"
"{media 58}","{citizen 28}","[141 141 141 255]","""""","9.9","false","{breed subscribers}","0","""default""","""none""","0"
"{media 58}","{citizen 29}","[141 141 141 255]","""""","9.9","false","{breed subscribers}","0","""default""","""none""","0"
"{media 58}","{citizen 30}","[141 141 141 255]","""""","9.9","false","{breed subscribers}","0","""default""","""none""","0"
"{media 58}","{citizen 31}","[141 141 141 255]","""""","9.9","false","{breed subscribers}","0","""default""","""none""","0"
"{media 58}","{citizen 32}","[141 141 141 255]","""""","9.9","false","{breed subscribers}","0","""default""","""none""","0"
"{media 58}","{citizen 33}","[141 141 141 255]","""""","9.9","false","{breed subscribers}","0","""default""","""none""","0"
"{media 58}","{citizen 34}","[141 141 141 255]","""""","9.9","false","{breed subscribers}","0","""default""","""none""","0"
"{media 58}","{citizen 35}","[141 141 141 255]","""""","9.9","false","{breed subscribers}","0","""default""","""none""","0"
"{media 58}","{citizen 36}","[141 141 141 255]","""""","9.9","false","{breed subscribers}","0","""default""","""none""","0"
"{media 58}","{citizen 37}","[141 141 141 255]","""""","9.9","false","{breed subscribers}","0","""default""","""none""","0"
"{media 58}","{citizen 38}","[141 141 141 255]","""""","9.9","false","{breed subscribers}","0","""default""","""none""","0"
"{media 58}","{citizen 39}","[141 141 141 255]","""""","9.9","false","{breed subscribers}","0","""default""","""none""","0"
"{media 58}","{citizen 40}","[141 141 141 255]","""""","9.9","false","{breed subscribers}","0","""default""","""none""","0"
"{media 58}","{citizen 41}","[141 141 141 255]","""""","9.9","false","{breed subscribers}","0","""default""","""none""","0"
"{media 58}","{citizen 42}","[141 141 141 255]","""""","9.9","false","{breed subscribers}","0","""default""","""none""","0"
"{media 58}","{citizen 43}","[141 141 141 255]","""""","9.9","false","{breed subscribers}","0","""default""","""none""","0"
"{media 58}","{citizen 44}","[141 141 141 255]","""""","9.9","false","{breed subscribers}","0","""default""","""none""","0"
"{media 58}","{citizen 45}","[141 141 141 255]","""""","9.9","false","{breed subscribers}","0","""default""","""none""","0"
"{media 58}","{citizen 46}","[141 141 141 255]","""""","9.9","false","{breed subscribers}","0","""default""","""none""","0"
"{media 58}","{citizen 47}","[141 141 141 255]","""""","9.9","false","{breed subscribers}","0","""default""","""none""","0"
"{media 58}","{citizen 48}","[141 141 141 255]","""""","9.9","false","{breed subscribers}","0","""default""","""none""","0"
"{media 58}","{citizen 49}","[141 141 141 255]","""""","9.9","false","{breed subscribers}","0","""default""","""none""","0"
"{media 59}","{citizen 0}","[141 141 141 255]","""""","9.9","false","{breed subscribers}","0","""default""","""none""","0"
"{media 59}","{citizen 1}","[141 141 141 255]","""""","9.9","false","{breed subscribers}","0","""default""","""none""","0"
"{media 59}","{citizen 2}","[141 141 141 255]","""""","9.9","false","{breed subscribers}","0","""default""","""none""","0"
"{media 59}","{citizen 3}","[141 141 141 255]","""""","9.9","false","{breed subscribers}","0","""default""","""none""","0"
"{media 59}","{citizen 4}","[141 141 141 255]","""""","9.9","false","{breed subscribers}","0","""default""","""none""","0"
"{media 59}","{citizen 5}","[141 141 141 255]","""""","9.9","false","{breed subscribers}","0","""default""","""none""","0"
"{media 59}","{citizen 6}","[141 141 141 255]","""""","9.9","false","{breed subscribers}","0","""default""","""none""","0"
"{media 59}","{citizen 7}","[141 141 141 255]","""""","9.9","false","{breed subscribers}","0","""default""","""none""","0"
"{media 59}","{citizen 8}","[141 141 141 255]","""""","9.9","false","{breed subscribers}","0","""default""","""none""","0"
"{media 59}","{citizen 9}","[141 141 141 255]","""""","9.9","false","{breed subscribers}","0","""default""","""none""","0"
"{media 59}","{citizen 10}","[141 141 141 255]","""""","9.9","false","{breed subscribers}","0","""default""","""none""","0"
"{media 59}","{citizen 11}","[141 141 141 255]","""""","9.9","false","{breed subscribers}","0","""default""","""none""","0"
"{media 59}","{citizen 12}","[141 141 141 255]","""""","9.9","false","{breed subscribers}","0","""default""","""none""","0"
"{media 59}","{citizen 13}","[141 141 141 255]","""""","9.9","false","{breed subscribers}","0","""default""","""none""","0"
"{media 59}","{citizen 14}","[141 141 141 255]","""""","9.9","false","{breed subscribers}","0","""default""","""none""","0"
"{media 59}","{citizen 15}","[141 141 141 255]","""""","9.9","false","{breed subscribers}","0","""default""","""none""","0"
"{media 59}","{citizen 16}","[141 141 141 255]","""""","9.9","false","{breed subscribers}","0","""default""","""none""","0"
"{media 59}","{citizen 17}","[141 141 141 255]","""""","9.9","false","{breed subscribers}","0","""default""","""none""","0"
"{media 59}","{citizen 18}","[141 141 141 255]","""""","9.9","false","{breed subscribers}","0","""default""","""none""","0"
"{media 59}","{citizen 19}","[141 141 141 255]","""""","9.9","false","{breed subscribers}","0","""default""","""none""","0"
"{media 59}","{citizen 20}","[141 141 141 255]","""""","9.9","false","{breed subscribers}","0","""default""","""none""","0"
"{media 59}","{citizen 21}","[141 141 141 255]","""""","9.9","false","{breed subscribers}","0","""default""","""none""","0"
"{media 59}","{citizen 22}","[141 141 141 255]","""""","9.9","false","{breed subscribers}","0","""default""","""none""","0"
"{media 59}","{citizen 23}","[141 141 141 255]","""""","9.9","false","{breed subscribers}","0","""default""","""none""","0"
"{media 59}","{citizen 24}","[141 141 141 255]","""""","9.9","false","{breed subscribers}","0","""default""","""none""","0"
"{media 59}","{citizen 25}","[141 141 141 255]","""""","9.9","false","{breed subscribers}","0","""default""","""none""","0"
"{media 59}","{citizen 26}","[141 141 141 255]","""""","9.9","false","{breed subscribers}","0","""default""","""none""","0"
"{media 59}","{citizen 27}","[141 141 141 255]","""""","9.9","false","{breed subscribers}","0","""default""","""none""","0"
"{media 59}","{citizen 28}","[141 141 141 255]","""""","9.9","false","{breed subscribers}","0","""default""","""none""","0"
"{media 59}","{citizen 29}","[141 141 141 255]","""""","9.9","false","{breed subscribers}","0","""default""","""none""","0"
"{media 59}","{citizen 30}","[141 141 141 255]","""""","9.9","false","{breed subscribers}","0","""default""","""none""","0"
"{media 59}","{citizen 31}","[141 141 141 255]","""""","9.9","false","{breed subscribers}","0","""default""","""none""","0"
"{media 59}","{citizen 32}","[141 141 141 255]","""""","9.9","false","{breed subscribers}","0","""default""","""none""","0"
"{media 59}","{citizen 33}","[141 141 141 255]","""""","9.9","false","{breed subscribers}","0","""default""","""none""","0"
"{media 59}","{citizen 34}","[141 141 141 255]","""""","9.9","false","{breed subscribers}","0","""default""","""none""","0"
"{media 59}","{citizen 35}","[141 141 141 255]","""""","9.9","false","{breed subscribers}","0","""default""","""none""","0"
"{media 59}","{citizen 36}","[141 141 141 255]","""""","9.9","false","{breed subscribers}","0","""default""","""none""","0"
"{media 59}","{citizen 37}","[141 141 141 255]","""""","9.9","false","{breed subscribers}","0","""default""","""none""","0"
"{media 59}","{citizen 38}","[141 141 141 255]","""""","9.9","false","{breed subscribers}","0","""default""","""none""","0"
"{media 59}","{citizen 39}","[141 141 141 255]","""""","9.9","false","{breed subscribers}","0","""default""","""none""","0"
"{media 59}","{citizen 40}","[141 141 141 255]","""""","9.9","false","{breed subscribers}","0","""default""","""none""","0"
"{media 59}","{citizen 41}","[141 141 141 255]","""""","9.9","false","{breed subscribers}","0","""default""","""none""","0"
"{media 59}","{citizen 42}","[141 141 141 255]","""""","9.9","false","{breed subscribers}","0","""default""","""none""","0"
"{media 59}","{citizen 43}","[141 141 141 255]","""""","9.9","false","{breed subscribers}","0","""default""","""none""","0"
"{media 59}","{citizen 44}","[141 141 141 255]","""""","9.9","false","{breed subscribers}","0","""default""","""none""","0"
"{media 59}","{citizen 45}","[141 141 141 255]","""""","9.9","false","{breed subscribers}","0","""default""","""none""","0"
"{media 59}","{citizen 46}","[141 141 141 255]","""""","9.9","false","{breed subscribers}","0","""default""","""none""","0"
"{media 59}","{citizen 47}","[141 141 141 255]","""""","9.9","false","{breed subscribers}","0","""default""","""none""","0"
"{media 59}","{citizen 48}","[141 141 141 255]","""""","9.9","false","{breed subscribers}","0","""default""","""none""","0"
"{media 59}","{citizen 49}","[141 141 141 255]","""""","9.9","false","{breed subscribers}","0","""default""","""none""","0"
"{media 60}","{citizen 0}","[141 141 141 255]","""""","9.9","false","{breed subscribers}","0","""default""","""none""","0"
"{media 60}","{citizen 1}","[141 141 141 255]","""""","9.9","false","{breed subscribers}","0","""default""","""none""","0"
"{media 60}","{citizen 2}","[141 141 141 255]","""""","9.9","false","{breed subscribers}","0","""default""","""none""","0"
"{media 60}","{citizen 3}","[141 141 141 255]","""""","9.9","false","{breed subscribers}","0","""default""","""none""","0"
"{media 60}","{citizen 4}","[141 141 141 255]","""""","9.9","false","{breed subscribers}","0","""default""","""none""","0"
"{media 60}","{citizen 5}","[141 141 141 255]","""""","9.9","false","{breed subscribers}","0","""default""","""none""","0"
"{media 60}","{citizen 6}","[141 141 141 255]","""""","9.9","false","{breed subscribers}","0","""default""","""none""","0"
"{media 60}","{citizen 7}","[141 141 141 255]","""""","9.9","false","{breed subscribers}","0","""default""","""none""","0"
"{media 60}","{citizen 8}","[141 141 141 255]","""""","9.9","false","{breed subscribers}","0","""default""","""none""","0"
"{media 60}","{citizen 9}","[141 141 141 255]","""""","9.9","false","{breed subscribers}","0","""default""","""none""","0"
"{media 60}","{citizen 10}","[141 141 141 255]","""""","9.9","false","{breed subscribers}","0","""default""","""none""","0"
"{media 60}","{citizen 11}","[141 141 141 255]","""""","9.9","false","{breed subscribers}","0","""default""","""none""","0"
"{media 60}","{citizen 12}","[141 141 141 255]","""""","9.9","false","{breed subscribers}","0","""default""","""none""","0"
"{media 60}","{citizen 13}","[141 141 141 255]","""""","9.9","false","{breed subscribers}","0","""default""","""none""","0"
"{media 60}","{citizen 14}","[141 141 141 255]","""""","9.9","false","{breed subscribers}","0","""default""","""none""","0"
"{media 60}","{citizen 15}","[141 141 141 255]","""""","9.9","false","{breed subscribers}","0","""default""","""none""","0"
"{media 60}","{citizen 16}","[141 141 141 255]","""""","9.9","false","{breed subscribers}","0","""default""","""none""","0"
"{media 60}","{citizen 17}","[141 141 141 255]","""""","9.9","false","{breed subscribers}","0","""default""","""none""","0"
"{media 60}","{citizen 18}","[141 141 141 255]","""""","9.9","false","{breed subscribers}","0","""default""","""none""","0"
"{media 60}","{citizen 19}","[141 141 141 255]","""""","9.9","false","{breed subscribers}","0","""default""","""none""","0"
"{media 60}","{citizen 20}","[141 141 141 255]","""""","9.9","false","{breed subscribers}","0","""default""","""none""","0"
"{media 60}","{citizen 21}","[141 141 141 255]","""""","9.9","false","{breed subscribers}","0","""default""","""none""","0"
"{media 60}","{citizen 22}","[141 141 141 255]","""""","9.9","false","{breed subscribers}","0","""default""","""none""","0"
"{media 60}","{citizen 23}","[141 141 141 255]","""""","9.9","false","{breed subscribers}","0","""default""","""none""","0"
"{media 60}","{citizen 24}","[141 141 141 255]","""""","9.9","false","{breed subscribers}","0","""default""","""none""","0"
"{media 60}","{citizen 25}","[141 141 141 255]","""""","9.9","false","{breed subscribers}","0","""default""","""none""","0"
"{media 60}","{citizen 26}","[141 141 141 255]","""""","9.9","false","{breed subscribers}","0","""default""","""none""","0"
"{media 60}","{citizen 27}","[141 141 141 255]","""""","9.9","false","{breed subscribers}","0","""default""","""none""","0"
"{media 60}","{citizen 28}","[141 141 141 255]","""""","9.9","false","{breed subscribers}","0","""default""","""none""","0"
"{media 60}","{citizen 29}","[141 141 141 255]","""""","9.9","false","{breed subscribers}","0","""default""","""none""","0"
"{media 60}","{citizen 30}","[141 141 141 255]","""""","9.9","false","{breed subscribers}","0","""default""","""none""","0"
"{media 60}","{citizen 31}","[141 141 141 255]","""""","9.9","false","{breed subscribers}","0","""default""","""none""","0"
"{media 60}","{citizen 32}","[141 141 141 255]","""""","9.9","false","{breed subscribers}","0","""default""","""none""","0"
"{media 60}","{citizen 33}","[141 141 141 255]","""""","9.9","false","{breed subscribers}","0","""default""","""none""","0"
"{media 60}","{citizen 34}","[141 141 141 255]","""""","9.9","false","{breed subscribers}","0","""default""","""none""","0"
"{media 60}","{citizen 35}","[141 141 141 255]","""""","9.9","false","{breed subscribers}","0","""default""","""none""","0"
"{media 60}","{citizen 36}","[141 141 141 255]","""""","9.9","false","{breed subscribers}","0","""default""","""none""","0"
"{media 60}","{citizen 37}","[141 141 141 255]","""""","9.9","false","{breed subscribers}","0","""default""","""none""","0"
"{media 60}","{citizen 38}","[141 141 141 255]","""""","9.9","false","{breed subscribers}","0","""default""","""none""","0"
"{media 60}","{citizen 39}","[141 141 141 255]","""""","9.9","false","{breed subscribers}","0","""default""","""none""","0"
"{media 60}","{citizen 40}","[141 141 141 255]","""""","9.9","false","{breed subscribers}","0","""default""","""none""","0"
"{media 60}","{citizen 41}","[141 141 141 255]","""""","9.9","false","{breed subscribers}","0","""default""","""none""","0"
"{media 60}","{citizen 42}","[141 141 141 255]","""""","9.9","false","{breed subscribers}","0","""default""","""none""","0"
"{media 60}","{citizen 43}","[141 141 141 255]","""""","9.9","false","{breed subscribers}","0","""default""","""none""","0"
"{media 60}","{citizen 44}","[141 141 141 255]","""""","9.9","false","{breed subscribers}","0","""default""","""none""","0"
"{media 60}","{citizen 45}","[141 141 141 255]","""""","9.9","false","{breed subscribers}","0","""default""","""none""","0"
"{media 60}","{citizen 46}","[141 141 141 255]","""""","9.9","false","{breed subscribers}","0","""default""","""none""","0"
"{media 60}","{citizen 47}","[141 141 141 255]","""""","9.9","false","{breed subscribers}","0","""default""","""none""","0"
"{media 60}","{citizen 48}","[141 141 141 255]","""""","9.9","false","{breed subscribers}","0","""default""","""none""","0"
"{media 60}","{citizen 49}","[141 141 141 255]","""""","9.9","false","{breed subscribers}","0","""default""","""none""","0"
"{media 61}","{citizen 0}","[141 141 141 255]","""""","9.9","false","{breed subscribers}","0","""default""","""none""","0"
"{media 61}","{citizen 1}","[141 141 141 255]","""""","9.9","false","{breed subscribers}","0","""default""","""none""","0"
"{media 61}","{citizen 2}","[141 141 141 255]","""""","9.9","false","{breed subscribers}","0","""default""","""none""","0"
"{media 61}","{citizen 3}","[141 141 141 255]","""""","9.9","false","{breed subscribers}","0","""default""","""none""","0"
"{media 61}","{citizen 4}","[141 141 141 255]","""""","9.9","false","{breed subscribers}","0","""default""","""none""","0"
"{media 61}","{citizen 5}","[141 141 141 255]","""""","9.9","false","{breed subscribers}","0","""default""","""none""","0"
"{media 61}","{citizen 6}","[141 141 141 255]","""""","9.9","false","{breed subscribers}","0","""default""","""none""","0"
"{media 61}","{citizen 7}","[141 141 141 255]","""""","9.9","false","{breed subscribers}","0","""default""","""none""","0"
"{media 61}","{citizen 8}","[141 141 141 255]","""""","9.9","false","{breed subscribers}","0","""default""","""none""","0"
"{media 61}","{citizen 9}","[141 141 141 255]","""""","9.9","false","{breed subscribers}","0","""default""","""none""","0"
"{media 61}","{citizen 10}","[141 141 141 255]","""""","9.9","false","{breed subscribers}","0","""default""","""none""","0"
"{media 61}","{citizen 11}","[141 141 141 255]","""""","9.9","false","{breed subscribers}","0","""default""","""none""","0"
"{media 61}","{citizen 12}","[141 141 141 255]","""""","9.9","false","{breed subscribers}","0","""default""","""none""","0"
"{media 61}","{citizen 13}","[141 141 141 255]","""""","9.9","false","{breed subscribers}","0","""default""","""none""","0"
"{media 61}","{citizen 14}","[141 141 141 255]","""""","9.9","false","{breed subscribers}","0","""default""","""none""","0"
"{media 61}","{citizen 15}","[141 141 141 255]","""""","9.9","false","{breed subscribers}","0","""default""","""none""","0"
"{media 61}","{citizen 16}","[141 141 141 255]","""""","9.9","false","{breed subscribers}","0","""default""","""none""","0"
"{media 61}","{citizen 17}","[141 141 141 255]","""""","9.9","false","{breed subscribers}","0","""default""","""none""","0"
"{media 61}","{citizen 18}","[141 141 141 255]","""""","9.9","false","{breed subscribers}","0","""default""","""none""","0"
"{media 61}","{citizen 19}","[141 141 141 255]","""""","9.9","false","{breed subscribers}","0","""default""","""none""","0"
"{media 61}","{citizen 20}","[141 141 141 255]","""""","9.9","false","{breed subscribers}","0","""default""","""none""","0"
"{media 61}","{citizen 21}","[141 141 141 255]","""""","9.9","false","{breed subscribers}","0","""default""","""none""","0"
"{media 61}","{citizen 22}","[141 141 141 255]","""""","9.9","false","{breed subscribers}","0","""default""","""none""","0"
"{media 61}","{citizen 23}","[141 141 141 255]","""""","9.9","false","{breed subscribers}","0","""default""","""none""","0"
"{media 61}","{citizen 24}","[141 141 141 255]","""""","9.9","false","{breed subscribers}","0","""default""","""none""","0"
"{media 61}","{citizen 25}","[141 141 141 255]","""""","9.9","false","{breed subscribers}","0","""default""","""none""","0"
"{media 61}","{citizen 26}","[141 141 141 255]","""""","9.9","false","{breed subscribers}","0","""default""","""none""","0"
"{media 61}","{citizen 27}","[141 141 141 255]","""""","9.9","false","{breed subscribers}","0","""default""","""none""","0"
"{media 61}","{citizen 28}","[141 141 141 255]","""""","9.9","false","{breed subscribers}","0","""default""","""none""","0"
"{media 61}","{citizen 29}","[141 141 141 255]","""""","9.9","false","{breed subscribers}","0","""default""","""none""","0"
"{media 61}","{citizen 30}","[141 141 141 255]","""""","9.9","false","{breed subscribers}","0","""default""","""none""","0"
"{media 61}","{citizen 31}","[141 141 141 255]","""""","9.9","false","{breed subscribers}","0","""default""","""none""","0"
"{media 61}","{citizen 32}","[141 141 141 255]","""""","9.9","false","{breed subscribers}","0","""default""","""none""","0"
"{media 61}","{citizen 33}","[141 141 141 255]","""""","9.9","false","{breed subscribers}","0","""default""","""none""","0"
"{media 61}","{citizen 34}","[141 141 141 255]","""""","9.9","false","{breed subscribers}","0","""default""","""none""","0"
"{media 61}","{citizen 35}","[141 141 141 255]","""""","9.9","false","{breed subscribers}","0","""default""","""none""","0"
"{media 61}","{citizen 36}","[141 141 141 255]","""""","9.9","false","{breed subscribers}","0","""default""","""none""","0"
"{media 61}","{citizen 37}","[141 141 141 255]","""""","9.9","false","{breed subscribers}","0","""default""","""none""","0"
"{media 61}","{citizen 38}","[141 141 141 255]","""""","9.9","false","{breed subscribers}","0","""default""","""none""","0"
"{media 61}","{citizen 39}","[141 141 141 255]","""""","9.9","false","{breed subscribers}","0","""default""","""none""","0"
"{media 61}","{citizen 40}","[141 141 141 255]","""""","9.9","false","{breed subscribers}","0","""default""","""none""","0"
"{media 61}","{citizen 41}","[141 141 141 255]","""""","9.9","false","{breed subscribers}","0","""default""","""none""","0"
"{media 61}","{citizen 42}","[141 141 141 255]","""""","9.9","false","{breed subscribers}","0","""default""","""none""","0"
"{media 61}","{citizen 43}","[141 141 141 255]","""""","9.9","false","{breed subscribers}","0","""default""","""none""","0"
"{media 61}","{citizen 44}","[141 141 141 255]","""""","9.9","false","{breed subscribers}","0","""default""","""none""","0"
"{media 61}","{citizen 45}","[141 141 141 255]","""""","9.9","false","{breed subscribers}","0","""default""","""none""","0"
"{media 61}","{citizen 46}","[141 141 141 255]","""""","9.9","false","{breed subscribers}","0","""default""","""none""","0"
"{media 61}","{citizen 47}","[141 141 141 255]","""""","9.9","false","{breed subscribers}","0","""default""","""none""","0"
"{media 61}","{citizen 48}","[141 141 141 255]","""""","9.9","false","{breed subscribers}","0","""default""","""none""","0"
"{media 61}","{citizen 49}","[141 141 141 255]","""""","9.9","false","{breed subscribers}","0","""default""","""none""","0"
"{media 62}","{citizen 0}","[141 141 141 255]","""""","9.9","false","{breed subscribers}","0","""default""","""none""","0"
"{media 62}","{citizen 1}","[141 141 141 255]","""""","9.9","false","{breed subscribers}","0","""default""","""none""","0"
"{media 62}","{citizen 2}","[141 141 141 255]","""""","9.9","false","{breed subscribers}","0","""default""","""none""","0"
"{media 62}","{citizen 3}","[141 141 141 255]","""""","9.9","false","{breed subscribers}","0","""default""","""none""","0"
"{media 62}","{citizen 4}","[141 141 141 255]","""""","9.9","false","{breed subscribers}","0","""default""","""none""","0"
"{media 62}","{citizen 5}","[141 141 141 255]","""""","9.9","false","{breed subscribers}","0","""default""","""none""","0"
"{media 62}","{citizen 6}","[141 141 141 255]","""""","9.9","false","{breed subscribers}","0","""default""","""none""","0"
"{media 62}","{citizen 7}","[141 141 141 255]","""""","9.9","false","{breed subscribers}","0","""default""","""none""","0"
"{media 62}","{citizen 8}","[141 141 141 255]","""""","9.9","false","{breed subscribers}","0","""default""","""none""","0"
"{media 62}","{citizen 9}","[141 141 141 255]","""""","9.9","false","{breed subscribers}","0","""default""","""none""","0"
"{media 62}","{citizen 10}","[141 141 141 255]","""""","9.9","false","{breed subscribers}","0","""default""","""none""","0"
"{media 62}","{citizen 11}","[141 141 141 255]","""""","9.9","false","{breed subscribers}","0","""default""","""none""","0"
"{media 62}","{citizen 12}","[141 141 141 255]","""""","9.9","false","{breed subscribers}","0","""default""","""none""","0"
"{media 62}","{citizen 13}","[141 141 141 255]","""""","9.9","false","{breed subscribers}","0","""default""","""none""","0"
"{media 62}","{citizen 14}","[141 141 141 255]","""""","9.9","false","{breed subscribers}","0","""default""","""none""","0"
"{media 62}","{citizen 15}","[141 141 141 255]","""""","9.9","false","{breed subscribers}","0","""default""","""none""","0"
"{media 62}","{citizen 16}","[141 141 141 255]","""""","9.9","false","{breed subscribers}","0","""default""","""none""","0"
"{media 62}","{citizen 17}","[141 141 141 255]","""""","9.9","false","{breed subscribers}","0","""default""","""none""","0"
"{media 62}","{citizen 18}","[141 141 141 255]","""""","9.9","false","{breed subscribers}","0","""default""","""none""","0"
"{media 62}","{citizen 19}","[141 141 141 255]","""""","9.9","false","{breed subscribers}","0","""default""","""none""","0"
"{media 62}","{citizen 20}","[141 141 141 255]","""""","9.9","false","{breed subscribers}","0","""default""","""none""","0"
"{media 62}","{citizen 21}","[141 141 141 255]","""""","9.9","false","{breed subscribers}","0","""default""","""none""","0"
"{media 62}","{citizen 22}","[141 141 141 255]","""""","9.9","false","{breed subscribers}","0","""default""","""none""","0"
"{media 62}","{citizen 23}","[141 141 141 255]","""""","9.9","false","{breed subscribers}","0","""default""","""none""","0"
"{media 62}","{citizen 24}","[141 141 141 255]","""""","9.9","false","{breed subscribers}","0","""default""","""none""","0"
"{media 62}","{citizen 25}","[141 141 141 255]","""""","9.9","false","{breed subscribers}","0","""default""","""none""","0"
"{media 62}","{citizen 26}","[141 141 141 255]","""""","9.9","false","{breed subscribers}","0","""default""","""none""","0"
"{media 62}","{citizen 27}","[141 141 141 255]","""""","9.9","false","{breed subscribers}","0","""default""","""none""","0"
"{media 62}","{citizen 28}","[141 141 141 255]","""""","9.9","false","{breed subscribers}","0","""default""","""none""","0"
"{media 62}","{citizen 29}","[141 141 141 255]","""""","9.9","false","{breed subscribers}","0","""default""","""none""","0"
"{media 62}","{citizen 30}","[141 141 141 255]","""""","9.9","false","{breed subscribers}","0","""default""","""none""","0"
"{media 62}","{citizen 31}","[141 141 141 255]","""""","9.9","false","{breed subscribers}","0","""default""","""none""","0"
"{media 62}","{citizen 32}","[141 141 141 255]","""""","9.9","false","{breed subscribers}","0","""default""","""none""","0"
"{media 62}","{citizen 33}","[141 141 141 255]","""""","9.9","false","{breed subscribers}","0","""default""","""none""","0"
"{media 62}","{citizen 34}","[141 141 141 255]","""""","9.9","false","{breed subscribers}","0","""default""","""none""","0"
"{media 62}","{citizen 35}","[141 141 141 255]","""""","9.9","false","{breed subscribers}","0","""default""","""none""","0"
"{media 62}","{citizen 36}","[141 141 141 255]","""""","9.9","false","{breed subscribers}","0","""default""","""none""","0"
"{media 62}","{citizen 37}","[141 141 141 255]","""""","9.9","false","{breed subscribers}","0","""default""","""none""","0"
"{media 62}","{citizen 38}","[141 141 141 255]","""""","9.9","false","{breed subscribers}","0","""default""","""none""","0"
"{media 62}","{citizen 39}","[141 141 141 255]","""""","9.9","false","{breed subscribers}","0","""default""","""none""","0"
"{media 62}","{citizen 40}","[141 141 141 255]","""""","9.9","false","{breed subscribers}","0","""default""","""none""","0"
"{media 62}","{citizen 41}","[141 141 141 255]","""""","9.9","false","{breed subscribers}","0","""default""","""none""","0"
"{media 62}","{citizen 42}","[141 141 141 255]","""""","9.9","false","{breed subscribers}","0","""default""","""none""","0"
"{media 62}","{citizen 43}","[141 141 141 255]","""""","9.9","false","{breed subscribers}","0","""default""","""none""","0"
"{media 62}","{citizen 44}","[141 141 141 255]","""""","9.9","false","{breed subscribers}","0","""default""","""none""","0"
"{media 62}","{citizen 45}","[141 141 141 255]","""""","9.9","false","{breed subscribers}","0","""default""","""none""","0"
"{media 62}","{citizen 46}","[141 141 141 255]","""""","9.9","false","{breed subscribers}","0","""default""","""none""","0"
"{media 62}","{citizen 47}","[141 141 141 255]","""""","9.9","false","{breed subscribers}","0","""default""","""none""","0"
"{media 62}","{citizen 48}","[141 141 141 255]","""""","9.9","false","{breed subscribers}","0","""default""","""none""","0"
"{media 62}","{citizen 49}","[141 141 141 255]","""""","9.9","false","{breed subscribers}","0","""default""","""none""","0"
"{media 63}","{citizen 0}","[141 141 141 255]","""""","9.9","false","{breed subscribers}","0","""default""","""none""","0"
"{media 63}","{citizen 1}","[141 141 141 255]","""""","9.9","false","{breed subscribers}","0","""default""","""none""","0"
"{media 63}","{citizen 2}","[141 141 141 255]","""""","9.9","false","{breed subscribers}","0","""default""","""none""","0"
"{media 63}","{citizen 3}","[141 141 141 255]","""""","9.9","false","{breed subscribers}","0","""default""","""none""","0"
"{media 63}","{citizen 4}","[141 141 141 255]","""""","9.9","false","{breed subscribers}","0","""default""","""none""","0"
"{media 63}","{citizen 5}","[141 141 141 255]","""""","9.9","false","{breed subscribers}","0","""default""","""none""","0"
"{media 63}","{citizen 6}","[141 141 141 255]","""""","9.9","false","{breed subscribers}","0","""default""","""none""","0"
"{media 63}","{citizen 7}","[141 141 141 255]","""""","9.9","false","{breed subscribers}","0","""default""","""none""","0"
"{media 63}","{citizen 8}","[141 141 141 255]","""""","9.9","false","{breed subscribers}","0","""default""","""none""","0"
"{media 63}","{citizen 9}","[141 141 141 255]","""""","9.9","false","{breed subscribers}","0","""default""","""none""","0"
"{media 63}","{citizen 10}","[141 141 141 255]","""""","9.9","false","{breed subscribers}","0","""default""","""none""","0"
"{media 63}","{citizen 11}","[141 141 141 255]","""""","9.9","false","{breed subscribers}","0","""default""","""none""","0"
"{media 63}","{citizen 12}","[141 141 141 255]","""""","9.9","false","{breed subscribers}","0","""default""","""none""","0"
"{media 63}","{citizen 13}","[141 141 141 255]","""""","9.9","false","{breed subscribers}","0","""default""","""none""","0"
"{media 63}","{citizen 14}","[141 141 141 255]","""""","9.9","false","{breed subscribers}","0","""default""","""none""","0"
"{media 63}","{citizen 15}","[141 141 141 255]","""""","9.9","false","{breed subscribers}","0","""default""","""none""","0"
"{media 63}","{citizen 16}","[141 141 141 255]","""""","9.9","false","{breed subscribers}","0","""default""","""none""","0"
"{media 63}","{citizen 17}","[141 141 141 255]","""""","9.9","false","{breed subscribers}","0","""default""","""none""","0"
"{media 63}","{citizen 18}","[141 141 141 255]","""""","9.9","false","{breed subscribers}","0","""default""","""none""","0"
"{media 63}","{citizen 19}","[141 141 141 255]","""""","9.9","false","{breed subscribers}","0","""default""","""none""","0"
"{media 63}","{citizen 20}","[141 141 141 255]","""""","9.9","false","{breed subscribers}","0","""default""","""none""","0"
"{media 63}","{citizen 21}","[141 141 141 255]","""""","9.9","false","{breed subscribers}","0","""default""","""none""","0"
"{media 63}","{citizen 22}","[141 141 141 255]","""""","9.9","false","{breed subscribers}","0","""default""","""none""","0"
"{media 63}","{citizen 23}","[141 141 141 255]","""""","9.9","false","{breed subscribers}","0","""default""","""none""","0"
"{media 63}","{citizen 24}","[141 141 141 255]","""""","9.9","false","{breed subscribers}","0","""default""","""none""","0"
"{media 63}","{citizen 25}","[141 141 141 255]","""""","9.9","false","{breed subscribers}","0","""default""","""none""","0"
"{media 63}","{citizen 26}","[141 141 141 255]","""""","9.9","false","{breed subscribers}","0","""default""","""none""","0"
"{media 63}","{citizen 27}","[141 141 141 255]","""""","9.9","false","{breed subscribers}","0","""default""","""none""","0"
"{media 63}","{citizen 28}","[141 141 141 255]","""""","9.9","false","{breed subscribers}","0","""default""","""none""","0"
"{media 63}","{citizen 29}","[141 141 141 255]","""""","9.9","false","{breed subscribers}","0","""default""","""none""","0"
"{media 63}","{citizen 30}","[141 141 141 255]","""""","9.9","false","{breed subscribers}","0","""default""","""none""","0"
"{media 63}","{citizen 31}","[141 141 141 255]","""""","9.9","false","{breed subscribers}","0","""default""","""none""","0"
"{media 63}","{citizen 32}","[141 141 141 255]","""""","9.9","false","{breed subscribers}","0","""default""","""none""","0"
"{media 63}","{citizen 33}","[141 141 141 255]","""""","9.9","false","{breed subscribers}","0","""default""","""none""","0"
"{media 63}","{citizen 34}","[141 141 141 255]","""""","9.9","false","{breed subscribers}","0","""default""","""none""","0"
"{media 63}","{citizen 35}","[141 141 141 255]","""""","9.9","false","{breed subscribers}","0","""default""","""none""","0"
"{media 63}","{citizen 36}","[141 141 141 255]","""""","9.9","false","{breed subscribers}","0","""default""","""none""","0"
"{media 63}","{citizen 37}","[141 141 141 255]","""""","9.9","false","{breed subscribers}","0","""default""","""none""","0"
"{media 63}","{citizen 38}","[141 141 141 255]","""""","9.9","false","{breed subscribers}","0","""default""","""none""","0"
"{media 63}","{citizen 39}","[141 141 141 255]","""""","9.9","false","{breed subscribers}","0","""default""","""none""","0"
"{media 63}","{citizen 40}","[141 141 141 255]","""""","9.9","false","{breed subscribers}","0","""default""","""none""","0"
"{media 63}","{citizen 41}","[141 141 141 255]","""""","9.9","false","{breed subscribers}","0","""default""","""none""","0"
"{media 63}","{citizen 42}","[141 141 141 255]","""""","9.9","false","{breed subscribers}","0","""default""","""none""","0"
"{media 63}","{citizen 43}","[141 141 141 255]","""""","9.9","false","{breed subscribers}","0","""default""","""none""","0"
"{media 63}","{citizen 44}","[141 141 141 255]","""""","9.9","false","{breed subscribers}","0","""default""","""none""","0"
"{media 63}","{citizen 45}","[141 141 141 255]","""""","9.9","false","{breed subscribers}","0","""default""","""none""","0"
"{media 63}","{citizen 46}","[141 141 141 255]","""""","9.9","false","{breed subscribers}","0","""default""","""none""","0"
"{media 63}","{citizen 47}","[141 141 141 255]","""""","9.9","false","{breed subscribers}","0","""default""","""none""","0"
"{media 63}","{citizen 48}","[141 141 141 255]","""""","9.9","false","{breed subscribers}","0","""default""","""none""","0"
"{media 63}","{citizen 49}","[141 141 141 255]","""""","9.9","false","{breed subscribers}","0","""default""","""none""","0"
"{media 64}","{citizen 0}","[141 141 141 255]","""""","9.9","false","{breed subscribers}","0","""default""","""none""","0"
"{media 64}","{citizen 1}","[141 141 141 255]","""""","9.9","false","{breed subscribers}","0","""default""","""none""","0"
"{media 64}","{citizen 2}","[141 141 141 255]","""""","9.9","false","{breed subscribers}","0","""default""","""none""","0"
"{media 64}","{citizen 3}","[141 141 141 255]","""""","9.9","false","{breed subscribers}","0","""default""","""none""","0"
"{media 64}","{citizen 4}","[141 141 141 255]","""""","9.9","false","{breed subscribers}","0","""default""","""none""","0"
"{media 64}","{citizen 5}","[141 141 141 255]","""""","9.9","false","{breed subscribers}","0","""default""","""none""","0"
"{media 64}","{citizen 6}","[141 141 141 255]","""""","9.9","false","{breed subscribers}","0","""default""","""none""","0"
"{media 64}","{citizen 7}","[141 141 141 255]","""""","9.9","false","{breed subscribers}","0","""default""","""none""","0"
"{media 64}","{citizen 8}","[141 141 141 255]","""""","9.9","false","{breed subscribers}","0","""default""","""none""","0"
"{media 64}","{citizen 9}","[141 141 141 255]","""""","9.9","false","{breed subscribers}","0","""default""","""none""","0"
"{media 64}","{citizen 10}","[141 141 141 255]","""""","9.9","false","{breed subscribers}","0","""default""","""none""","0"
"{media 64}","{citizen 11}","[141 141 141 255]","""""","9.9","false","{breed subscribers}","0","""default""","""none""","0"
"{media 64}","{citizen 12}","[141 141 141 255]","""""","9.9","false","{breed subscribers}","0","""default""","""none""","0"
"{media 64}","{citizen 13}","[141 141 141 255]","""""","9.9","false","{breed subscribers}","0","""default""","""none""","0"
"{media 64}","{citizen 14}","[141 141 141 255]","""""","9.9","false","{breed subscribers}","0","""default""","""none""","0"
"{media 64}","{citizen 15}","[141 141 141 255]","""""","9.9","false","{breed subscribers}","0","""default""","""none""","0"
"{media 64}","{citizen 16}","[141 141 141 255]","""""","9.9","false","{breed subscribers}","0","""default""","""none""","0"
"{media 64}","{citizen 17}","[141 141 141 255]","""""","9.9","false","{breed subscribers}","0","""default""","""none""","0"
"{media 64}","{citizen 18}","[141 141 141 255]","""""","9.9","false","{breed subscribers}","0","""default""","""none""","0"
"{media 64}","{citizen 19}","[141 141 141 255]","""""","9.9","false","{breed subscribers}","0","""default""","""none""","0"
"{media 64}","{citizen 20}","[141 141 141 255]","""""","9.9","false","{breed subscribers}","0","""default""","""none""","0"
"{media 64}","{citizen 21}","[141 141 141 255]","""""","9.9","false","{breed subscribers}","0","""default""","""none""","0"
"{media 64}","{citizen 22}","[141 141 141 255]","""""","9.9","false","{breed subscribers}","0","""default""","""none""","0"
"{media 64}","{citizen 23}","[141 141 141 255]","""""","9.9","false","{breed subscribers}","0","""default""","""none""","0"
"{media 64}","{citizen 24}","[141 141 141 255]","""""","9.9","false","{breed subscribers}","0","""default""","""none""","0"
"{media 64}","{citizen 25}","[141 141 141 255]","""""","9.9","false","{breed subscribers}","0","""default""","""none""","0"
"{media 64}","{citizen 26}","[141 141 141 255]","""""","9.9","false","{breed subscribers}","0","""default""","""none""","0"
"{media 64}","{citizen 27}","[141 141 141 255]","""""","9.9","false","{breed subscribers}","0","""default""","""none""","0"
"{media 64}","{citizen 28}","[141 141 141 255]","""""","9.9","false","{breed subscribers}","0","""default""","""none""","0"
"{media 64}","{citizen 29}","[141 141 141 255]","""""","9.9","false","{breed subscribers}","0","""default""","""none""","0"
"{media 64}","{citizen 30}","[141 141 141 255]","""""","9.9","false","{breed subscribers}","0","""default""","""none""","0"
"{media 64}","{citizen 31}","[141 141 141 255]","""""","9.9","false","{breed subscribers}","0","""default""","""none""","0"
"{media 64}","{citizen 32}","[141 141 141 255]","""""","9.9","false","{breed subscribers}","0","""default""","""none""","0"
"{media 64}","{citizen 33}","[141 141 141 255]","""""","9.9","false","{breed subscribers}","0","""default""","""none""","0"
"{media 64}","{citizen 34}","[141 141 141 255]","""""","9.9","false","{breed subscribers}","0","""default""","""none""","0"
"{media 64}","{citizen 35}","[141 141 141 255]","""""","9.9","false","{breed subscribers}","0","""default""","""none""","0"
"{media 64}","{citizen 36}","[141 141 141 255]","""""","9.9","false","{breed subscribers}","0","""default""","""none""","0"
"{media 64}","{citizen 37}","[141 141 141 255]","""""","9.9","false","{breed subscribers}","0","""default""","""none""","0"
"{media 64}","{citizen 38}","[141 141 141 255]","""""","9.9","false","{breed subscribers}","0","""default""","""none""","0"
"{media 64}","{citizen 39}","[141 141 141 255]","""""","9.9","false","{breed subscribers}","0","""default""","""none""","0"
"{media 64}","{citizen 40}","[141 141 141 255]","""""","9.9","false","{breed subscribers}","0","""default""","""none""","0"
"{media 64}","{citizen 41}","[141 141 141 255]","""""","9.9","false","{breed subscribers}","0","""default""","""none""","0"
"{media 64}","{citizen 42}","[141 141 141 255]","""""","9.9","false","{breed subscribers}","0","""default""","""none""","0"
"{media 64}","{citizen 43}","[141 141 141 255]","""""","9.9","false","{breed subscribers}","0","""default""","""none""","0"
"{media 64}","{citizen 44}","[141 141 141 255]","""""","9.9","false","{breed subscribers}","0","""default""","""none""","0"
"{media 64}","{citizen 45}","[141 141 141 255]","""""","9.9","false","{breed subscribers}","0","""default""","""none""","0"
"{media 64}","{citizen 46}","[141 141 141 255]","""""","9.9","false","{breed subscribers}","0","""default""","""none""","0"
"{media 64}","{citizen 47}","[141 141 141 255]","""""","9.9","false","{breed subscribers}","0","""default""","""none""","0"
"{media 64}","{citizen 48}","[141 141 141 255]","""""","9.9","false","{breed subscribers}","0","""default""","""none""","0"
"{media 64}","{citizen 49}","[141 141 141 255]","""""","9.9","false","{breed subscribers}","0","""default""","""none""","0"


"PLOTS"
"fragmentation"
"""cit-a-histogram"""
"x min","x max","y min","y max","autoplot?","current pen","legend open?","number of pens"
"-1","8","0","50","true","""default""","false","1"

"pen name","pen down?","mode","interval","color","x"
"""default""","true","1","1","0","4"

"""default"""
"x","y","color","pen down?"
"4","50","0","true"

"""Social Friend Degree of Nodes"""
"x min","x max","y min","y max","autoplot?","current pen","legend open?","number of pens"
"0","99","0","50","true","""default""","false","1"

"pen name","pen down?","mode","interval","color","x"
"""default""","true","1","1","0","98"

"""default"""
"x","y","color","pen down?"
"98","50","0","true"

"""percent-agent-beliefs"""
"x min","x max","y min","y max","autoplot?","current pen","legend open?","number of pens"
"0","116","0","1","true","""6""","false","7"

"pen name","pen down?","mode","interval","color","x"
"""0""","true","0","1","14.9","100"
"""1""","true","0","1","14.6","100"
"""2""","true","0","1","124.7","100"
"""3""","true","0","1","124.3","100"
"""4""","true","0","1","113.5","100"
"""5""","true","0","1","104.5","100"
"""6""","true","0","1","104.7","100"

"""0""",,,,"""1""",,,,"""2""",,,,"""3""",,,,"""4""",,,,"""5""",,,,"""6"""
"x","y","color","pen down?","x","y","color","pen down?","x","y","color","pen down?","x","y","color","pen down?","x","y","color","pen down?","x","y","color","pen down?","x","y","color","pen down?"
"0","0","14.9","true","0","0.04","14.6","true","0","0.34","124.7","true","0","0.32","124.3","true","0","0.26","113.5","true","0","0.04","104.5","true","0","0","104.7","true"
"1","0","14.9","true","1","0","14.6","true","1","1","124.7","true","1","0","124.3","true","1","0","113.5","true","1","0","104.5","true","1","0","104.7","true"
"2","0","14.9","true","2","0","14.6","true","2","0","124.7","true","2","1","124.3","true","2","0","113.5","true","2","0","104.5","true","2","0","104.7","true"
"3","0","14.9","true","3","0","14.6","true","3","0","124.7","true","3","0.98","124.3","true","3","0.02","113.5","true","3","0","104.5","true","3","0","104.7","true"
"4","0","14.9","true","4","0","14.6","true","4","0","124.7","true","4","0.48","124.3","true","4","0","113.5","true","4","0.52","104.5","true","4","0","104.7","true"
"5","0","14.9","true","5","0","14.6","true","5","0","124.7","true","5","0","124.3","true","5","0","113.5","true","5","1","104.5","true","5","0","104.7","true"
"6","0","14.9","true","6","0","14.6","true","6","0","124.7","true","6","0.02","124.3","true","6","0.98","113.5","true","6","0","104.5","true","6","0","104.7","true"
"7","0","14.9","true","7","0","14.6","true","7","0","124.7","true","7","0.98","124.3","true","7","0.02","113.5","true","7","0","104.5","true","7","0","104.7","true"
"8","0","14.9","true","8","0","14.6","true","8","0.08","124.7","true","8","0.54","124.3","true","8","0","113.5","true","8","0.38","104.5","true","8","0","104.7","true"
"9","0","14.9","true","9","0","14.6","true","9","0.62","124.7","true","9","0","124.3","true","9","0","113.5","true","9","0.38","104.5","true","9","0","104.7","true"
"10","0","14.9","true","10","0","14.6","true","10","0.56","124.7","true","10","0","124.3","true","10","0","113.5","true","10","0.44","104.5","true","10","0","104.7","true"
"11","0","14.9","true","11","0","14.6","true","11","0.26","124.7","true","11","0","124.3","true","11","0.74","113.5","true","11","0","104.5","true","11","0","104.7","true"
"12","0","14.9","true","12","0","14.6","true","12","0","124.7","true","12","1","124.3","true","12","0","113.5","true","12","0","104.5","true","12","0","104.7","true"
"13","0","14.9","true","13","0","14.6","true","13","0","124.7","true","13","0","124.3","true","13","1","113.5","true","13","0","104.5","true","13","0","104.7","true"
"14","0","14.9","true","14","0","14.6","true","14","0","124.7","true","14","0.02","124.3","true","14","0.98","113.5","true","14","0","104.5","true","14","0","104.7","true"
"15","0","14.9","true","15","0","14.6","true","15","0","124.7","true","15","0","124.3","true","15","1","113.5","true","15","0","104.5","true","15","0","104.7","true"
"16","0","14.9","true","16","0","14.6","true","16","0","124.7","true","16","0.02","124.3","true","16","0.96","113.5","true","16","0.02","104.5","true","16","0","104.7","true"
"17","0","14.9","true","17","0","14.6","true","17","0","124.7","true","17","0","124.3","true","17","1","113.5","true","17","0","104.5","true","17","0","104.7","true"
"18","0","14.9","true","18","0","14.6","true","18","0","124.7","true","18","0.46","124.3","true","18","0","113.5","true","18","0.54","104.5","true","18","0","104.7","true"
"19","0","14.9","true","19","0","14.6","true","19","0","124.7","true","19","1","124.3","true","19","0","113.5","true","19","0","104.5","true","19","0","104.7","true"
"20","0","14.9","true","20","0","14.6","true","20","0.98","124.7","true","20","0","124.3","true","20","0","113.5","true","20","0.02","104.5","true","20","0","104.7","true"
"21","0","14.9","true","21","0","14.6","true","21","0.02","124.7","true","21","0.4","124.3","true","21","0","113.5","true","21","0.58","104.5","true","21","0","104.7","true"
"22","0","14.9","true","22","0","14.6","true","22","0","124.7","true","22","0.98","124.3","true","22","0.02","113.5","true","22","0","104.5","true","22","0","104.7","true"
"23","0","14.9","true","23","0","14.6","true","23","0","124.7","true","23","0.46","124.3","true","23","0","113.5","true","23","0.54","104.5","true","23","0","104.7","true"
"24","0","14.9","true","24","0","14.6","true","24","0","124.7","true","24","0","124.3","true","24","1","113.5","true","24","0","104.5","true","24","0","104.7","true"
"25","0","14.9","true","25","0","14.6","true","25","0","124.7","true","25","0.58","124.3","true","25","0","113.5","true","25","0.42","104.5","true","25","0","104.7","true"
"26","0","14.9","true","26","0","14.6","true","26","0","124.7","true","26","1","124.3","true","26","0","113.5","true","26","0","104.5","true","26","0","104.7","true"
"27","0","14.9","true","27","0","14.6","true","27","0.18","124.7","true","27","0","124.3","true","27","0.82","113.5","true","27","0","104.5","true","27","0","104.7","true"
"28","0","14.9","true","28","0","14.6","true","28","0.48","124.7","true","28","0","124.3","true","28","0.5","113.5","true","28","0.02","104.5","true","28","0","104.7","true"
"29","0","14.9","true","29","0","14.6","true","29","0","124.7","true","29","0.02","124.3","true","29","0.98","113.5","true","29","0","104.5","true","29","0","104.7","true"
"30","0","14.9","true","30","0","14.6","true","30","0.44","124.7","true","30","0","124.3","true","30","0.56","113.5","true","30","0","104.5","true","30","0","104.7","true"
"31","0","14.9","true","31","0","14.6","true","31","0","124.7","true","31","0.66","124.3","true","31","0","113.5","true","31","0.34","104.5","true","31","0","104.7","true"
"32","0","14.9","true","32","0","14.6","true","32","0.4","124.7","true","32","0","124.3","true","32","0","113.5","true","32","0.6","104.5","true","32","0","104.7","true"
"33","0","14.9","true","33","0","14.6","true","33","0","124.7","true","33","0.96","124.3","true","33","0","113.5","true","33","0.04","104.5","true","33","0","104.7","true"
"34","0","14.9","true","34","0","14.6","true","34","0.94","124.7","true","34","0","124.3","true","34","0","113.5","true","34","0.06","104.5","true","34","0","104.7","true"
"35","0","14.9","true","35","0","14.6","true","35","0.5","124.7","true","35","0","124.3","true","35","0.5","113.5","true","35","0","104.5","true","35","0","104.7","true"
"36","0","14.9","true","36","0","14.6","true","36","0","124.7","true","36","0.98","124.3","true","36","0.02","113.5","true","36","0","104.5","true","36","0","104.7","true"
"37","0","14.9","true","37","0","14.6","true","37","0.04","124.7","true","37","0","124.3","true","37","0.96","113.5","true","37","0","104.5","true","37","0","104.7","true"
"38","0","14.9","true","38","0","14.6","true","38","0.02","124.7","true","38","0.04","124.3","true","38","0","113.5","true","38","0.94","104.5","true","38","0","104.7","true"
"39","0","14.9","true","39","0","14.6","true","39","0","124.7","true","39","0","124.3","true","39","1","113.5","true","39","0","104.5","true","39","0","104.7","true"
"40","0","14.9","true","40","0","14.6","true","40","0","124.7","true","40","1","124.3","true","40","0","113.5","true","40","0","104.5","true","40","0","104.7","true"
"41","0","14.9","true","41","0","14.6","true","41","0","124.7","true","41","0.94","124.3","true","41","0.06","113.5","true","41","0","104.5","true","41","0","104.7","true"
"42","0","14.9","true","42","0","14.6","true","42","0","124.7","true","42","0.04","124.3","true","42","0.96","113.5","true","42","0","104.5","true","42","0","104.7","true"
"43","0","14.9","true","43","0","14.6","true","43","0.96","124.7","true","43","0.02","124.3","true","43","0.02","113.5","true","43","0","104.5","true","43","0","104.7","true"
"44","0","14.9","true","44","0","14.6","true","44","0.92","124.7","true","44","0.02","124.3","true","44","0.06","113.5","true","44","0","104.5","true","44","0","104.7","true"
"45","0","14.9","true","45","0","14.6","true","45","0","124.7","true","45","0.02","124.3","true","45","0.96","113.5","true","45","0.02","104.5","true","45","0","104.7","true"
"46","0","14.9","true","46","0","14.6","true","46","0","124.7","true","46","0.86","124.3","true","46","0","113.5","true","46","0.14","104.5","true","46","0","104.7","true"
"47","0","14.9","true","47","0","14.6","true","47","0.62","124.7","true","47","0","124.3","true","47","0.36","113.5","true","47","0.02","104.5","true","47","0","104.7","true"
"48","0","14.9","true","48","0","14.6","true","48","0","124.7","true","48","0.98","124.3","true","48","0.02","113.5","true","48","0","104.5","true","48","0","104.7","true"
"49","0","14.9","true","49","0","14.6","true","49","0","124.7","true","49","0.96","124.3","true","49","0.04","113.5","true","49","0","104.5","true","49","0","104.7","true"
"50","0","14.9","true","50","0","14.6","true","50","0.42","124.7","true","50","0","124.3","true","50","0.58","113.5","true","50","0","104.5","true","50","0","104.7","true"
"51","0","14.9","true","51","0","14.6","true","51","0","124.7","true","51","1","124.3","true","51","0","113.5","true","51","0","104.5","true","51","0","104.7","true"
"52","0","14.9","true","52","0","14.6","true","52","0","124.7","true","52","0.02","124.3","true","52","0.98","113.5","true","52","0","104.5","true","52","0","104.7","true"
"53","0","14.9","true","53","0","14.6","true","53","0","124.7","true","53","1","124.3","true","53","0","113.5","true","53","0","104.5","true","53","0","104.7","true"
"54","0","14.9","true","54","0","14.6","true","54","0.74","124.7","true","54","0.02","124.3","true","54","0","113.5","true","54","0.24","104.5","true","54","0","104.7","true"
"55","0","14.9","true","55","0","14.6","true","55","0","124.7","true","55","0","124.3","true","55","1","113.5","true","55","0","104.5","true","55","0","104.7","true"
"56","0","14.9","true","56","0","14.6","true","56","0","124.7","true","56","0","124.3","true","56","1","113.5","true","56","0","104.5","true","56","0","104.7","true"
"57","0","14.9","true","57","0","14.6","true","57","0","124.7","true","57","0.54","124.3","true","57","0","113.5","true","57","0.46","104.5","true","57","0","104.7","true"
"58","0","14.9","true","58","0","14.6","true","58","0","124.7","true","58","0.06","124.3","true","58","0.94","113.5","true","58","0","104.5","true","58","0","104.7","true"
"59","0","14.9","true","59","0","14.6","true","59","0.54","124.7","true","59","0","124.3","true","59","0","113.5","true","59","0.46","104.5","true","59","0","104.7","true"
"60","0","14.9","true","60","0","14.6","true","60","0.62","124.7","true","60","0","124.3","true","60","0","113.5","true","60","0.38","104.5","true","60","0","104.7","true"
"61","0","14.9","true","61","0","14.6","true","61","0.4","124.7","true","61","0.02","124.3","true","61","0","113.5","true","61","0.58","104.5","true","61","0","104.7","true"
"62","0","14.9","true","62","0","14.6","true","62","0.6","124.7","true","62","0","124.3","true","62","0","113.5","true","62","0.4","104.5","true","62","0","104.7","true"
"63","0","14.9","true","63","0","14.6","true","63","0.22","124.7","true","63","0","124.3","true","63","0","113.5","true","63","0.78","104.5","true","63","0","104.7","true"
"64","0","14.9","true","64","0","14.6","true","64","0","124.7","true","64","1","124.3","true","64","0","113.5","true","64","0","104.5","true","64","0","104.7","true"
"65","0","14.9","true","65","0","14.6","true","65","0.64","124.7","true","65","0.02","124.3","true","65","0","113.5","true","65","0.34","104.5","true","65","0","104.7","true"
"66","0","14.9","true","66","0","14.6","true","66","0.98","124.7","true","66","0.02","124.3","true","66","0","113.5","true","66","0","104.5","true","66","0","104.7","true"
"67","0","14.9","true","67","0","14.6","true","67","0.54","124.7","true","67","0","124.3","true","67","0.46","113.5","true","67","0","104.5","true","67","0","104.7","true"
"68","0","14.9","true","68","0","14.6","true","68","0","124.7","true","68","0","124.3","true","68","0.02","113.5","true","68","0.98","104.5","true","68","0","104.7","true"
"69","0","14.9","true","69","0","14.6","true","69","0","124.7","true","69","1","124.3","true","69","0","113.5","true","69","0","104.5","true","69","0","104.7","true"
"70","0","14.9","true","70","0","14.6","true","70","0.2","124.7","true","70","0","124.3","true","70","0.8","113.5","true","70","0","104.5","true","70","0","104.7","true"
"71","0","14.9","true","71","0","14.6","true","71","0.46","124.7","true","71","0","124.3","true","71","0.54","113.5","true","71","0","104.5","true","71","0","104.7","true"
"72","0","14.9","true","72","0","14.6","true","72","0.6","124.7","true","72","0","124.3","true","72","0.4","113.5","true","72","0","104.5","true","72","0","104.7","true"
"73","0","14.9","true","73","0","14.6","true","73","0","124.7","true","73","1","124.3","true","73","0","113.5","true","73","0","104.5","true","73","0","104.7","true"
"74","0","14.9","true","74","0","14.6","true","74","0","124.7","true","74","1","124.3","true","74","0","113.5","true","74","0","104.5","true","74","0","104.7","true"
"75","0","14.9","true","75","0","14.6","true","75","0","124.7","true","75","1","124.3","true","75","0","113.5","true","75","0","104.5","true","75","0","104.7","true"
"76","0","14.9","true","76","0","14.6","true","76","0","124.7","true","76","0.02","124.3","true","76","0","113.5","true","76","0.98","104.5","true","76","0","104.7","true"
"77","0","14.9","true","77","0","14.6","true","77","1","124.7","true","77","0","124.3","true","77","0","113.5","true","77","0","104.5","true","77","0","104.7","true"
"78","0","14.9","true","78","0","14.6","true","78","0.46","124.7","true","78","0","124.3","true","78","0.54","113.5","true","78","0","104.5","true","78","0","104.7","true"
"79","0","14.9","true","79","0","14.6","true","79","0","124.7","true","79","0","124.3","true","79","1","113.5","true","79","0","104.5","true","79","0","104.7","true"
"80","0","14.9","true","80","0","14.6","true","80","0.96","124.7","true","80","0.04","124.3","true","80","0","113.5","true","80","0","104.5","true","80","0","104.7","true"
"81","0","14.9","true","81","0","14.6","true","81","0.56","124.7","true","81","0","124.3","true","81","0","113.5","true","81","0.44","104.5","true","81","0","104.7","true"
"82","0","14.9","true","82","0","14.6","true","82","0.02","124.7","true","82","0.98","124.3","true","82","0","113.5","true","82","0","104.5","true","82","0","104.7","true"
"83","0","14.9","true","83","0","14.6","true","83","0","124.7","true","83","0.48","124.3","true","83","0","113.5","true","83","0.52","104.5","true","83","0","104.7","true"
"84","0","14.9","true","84","0","14.6","true","84","1","124.7","true","84","0","124.3","true","84","0","113.5","true","84","0","104.5","true","84","0","104.7","true"
"85","0","14.9","true","85","0","14.6","true","85","0","124.7","true","85","1","124.3","true","85","0","113.5","true","85","0","104.5","true","85","0","104.7","true"
"86","0","14.9","true","86","0","14.6","true","86","0","124.7","true","86","0.26","124.3","true","86","0","113.5","true","86","0.74","104.5","true","86","0","104.7","true"
"87","0","14.9","true","87","0","14.6","true","87","0.26","124.7","true","87","0","124.3","true","87","0.74","113.5","true","87","0","104.5","true","87","0","104.7","true"
"88","0","14.9","true","88","0","14.6","true","88","0","124.7","true","88","1","124.3","true","88","0","113.5","true","88","0","104.5","true","88","0","104.7","true"
"89","0","14.9","true","89","0","14.6","true","89","0.02","124.7","true","89","0.56","124.3","true","89","0","113.5","true","89","0.42","104.5","true","89","0","104.7","true"
"90","0","14.9","true","90","0","14.6","true","90","0","124.7","true","90","1","124.3","true","90","0","113.5","true","90","0","104.5","true","90","0","104.7","true"
"91","0","14.9","true","91","0","14.6","true","91","0.2","124.7","true","91","0","124.3","true","91","0.8","113.5","true","91","0","104.5","true","91","0","104.7","true"
"92","0","14.9","true","92","0","14.6","true","92","0.84","124.7","true","92","0","124.3","true","92","0","113.5","true","92","0.16","104.5","true","92","0","104.7","true"
"93","0","14.9","true","93","0","14.6","true","93","0","124.7","true","93","0","124.3","true","93","1","113.5","true","93","0","104.5","true","93","0","104.7","true"
"94","0","14.9","true","94","0","14.6","true","94","0","124.7","true","94","1","124.3","true","94","0","113.5","true","94","0","104.5","true","94","0","104.7","true"
"95","0","14.9","true","95","0","14.6","true","95","0.02","124.7","true","95","0.96","124.3","true","95","0.02","113.5","true","95","0","104.5","true","95","0","104.7","true"
"96","0","14.9","true","96","0","14.6","true","96","0","124.7","true","96","0","124.3","true","96","1","113.5","true","96","0","104.5","true","96","0","104.7","true"
"97","0","14.9","true","97","0","14.6","true","97","0","124.7","true","97","0.02","124.3","true","97","0.02","113.5","true","97","0.96","104.5","true","97","0","104.7","true"
"98","0","14.9","true","98","0","14.6","true","98","0","124.7","true","98","0","124.3","true","98","1","113.5","true","98","0","104.5","true","98","0","104.7","true"
"99","0","14.9","true","99","0","14.6","true","99","0.96","124.7","true","99","0.02","124.3","true","99","0","113.5","true","99","0.02","104.5","true","99","0","104.7","true"
"100","0","14.9","true","100","0","14.6","true","100","0","124.7","true","100","0","124.3","true","100","1","113.5","true","100","0","104.5","true","100","0","104.7","true"

"""polarization"""
"x min","x max","y min","y max","autoplot?","current pen","legend open?","number of pens"
"0","116","0","10","true","""0""","false","1"

"pen name","pen down?","mode","interval","color","x"
"""0""","true","0","1","0","100"

"""0"""
"x","y","color","pen down?"
"0","1.268888888888889","0","true"
"1","1.5407439555097887E-31","0","true"
"2","0","0","true"
"3","0.02722222222222221","0","true"
"4","1.3866666666666674","0","true"
"5","6.162975822039155E-31","0","true"
"6","0.027222222222222203","0","true"
"7","0.02722222222222221","0","true"
"8","1.5800000000000003","0","true"
"9","2.9450000000000003","0","true"
"10","3.080000000000001","0","true"
"11","1.0688888888888888","0","true"
"12","0","0","true"
"13","6.162975822039155E-31","0","true"
"14","0.027222222222222203","0","true"
"15","6.162975822039155E-31","0","true"
"16","0.055555555555555566","0","true"
"17","6.162975822039155E-31","0","true"
"18","1.3800000000000003","0","true"
"19","0","0","true"
"20","0.24500000000000002","0","true"
"21","1.4450000000000003","0","true"
"22","0.02722222222222221","0","true"
"23","1.3800000000000003","0","true"
"24","6.162975822039155E-31","0","true"
"25","1.3533333333333337","0","true"
"26","0","0","true"
"27","0.82","0","true"
"28","1.4672222222222222","0","true"
"29","0.027222222222222203","0","true"
"30","1.3688888888888886","0","true"
"31","1.246666666666667","0","true"
"32","3.000000000000001","0","true"
"33","0.21333333333333337","0","true"
"34","0.7050000000000002","0","true"
"35","1.3888888888888884","0","true"
"36","0.02722222222222221","0","true"
"37","0.2133333333333333","0","true"
"38","0.4450000000000002","0","true"
"39","6.162975822039155E-31","0","true"
"40","0","0","true"
"41","0.07833333333333331","0","true"
"42","0.05333333333333331","0","true"
"43","0.13388888888888886","0","true"
"44","0.3338888888888889","0","true"
"45","0.055555555555555566","0","true"
"46","0.6688888888888891","0","true"
"47","1.4049999999999998","0","true"
"48","0.02722222222222221","0","true"
"49","0.05333333333333331","0","true"
"50","1.3533333333333333","0","true"
"51","0","0","true"
"52","0.027222222222222207","0","true"
"53","0","0","true"
"54","2.267222222222223","0","true"
"55","6.162975822039155E-31","0","true"
"56","6.162975822039155E-31","0","true"
"57","1.3800000000000003","0","true"
"58","0.07833333333333331","0","true"
"59","3.1050000000000013","0","true"
"60","2.9450000000000003","0","true"
"61","2.975555555555556","0","true"
"62","3.000000000000001","0","true"
"63","2.1450000000000005","0","true"
"64","0","0","true"
"65","2.775555555555556","0","true"
"66","0.02722222222222223","0","true"
"67","1.38","0","true"
"68","0.02722222222222225","0","true"
"69","0","0","true"
"70","0.8888888888888888","0","true"
"71","1.38","0","true"
"72","1.333333333333333","0","true"
"73","0","0","true"
"74","0","0","true"
"75","0","0","true"
"76","0.10888888888888892","0","true"
"77","1.5407439555097887E-31","0","true"
"78","1.38","0","true"
"79","6.162975822039155E-31","0","true"
"80","0.053333333333333344","0","true"
"81","3.080000000000001","0","true"
"82","0.027222222222222224","0","true"
"83","1.3866666666666672","0","true"
"84","1.5407439555097887E-31","0","true"
"85","0","0","true"
"86","1.0688888888888892","0","true"
"87","1.0688888888888886","0","true"
"88","0","0","true"
"89","1.4272222222222226","0","true"
"90","0","0","true"
"91","0.8888888888888888","0","true"
"92","1.6800000000000004","0","true"
"93","6.162975822039155E-31","0","true"
"94","0","0","true"
"95","0.05555555555555555","0","true"
"96","6.162975822039155E-31","0","true"
"97","0.13388888888888892","0","true"
"98","6.162975822039155E-31","0","true"
"99","0.26888888888888896","0","true"
"100","6.162975822039155E-31","0","true"

"""media-a-histogram"""
"x min","x max","y min","y max","autoplot?","current pen","legend open?","number of pens"
"-1","8","0","10","true","""default""","false","1"

"pen name","pen down?","mode","interval","color","x"
"""default""","true","1","1","0","5"

"""default"""
"x","y","color","pen down?"
"2","3","0","true"
"3","5","0","true"
"4","5","0","true"
"5","2","0","true"

"""homophily"""
"x min","x max","y min","y max","autoplot?","current pen","legend open?","number of pens"
"0","116","0","1","true","""default""","false","1"

"pen name","pen down?","mode","interval","color","x"
"""default""","true","0","1","0","100"

"""default"""
"x","y","color","pen down?"
"0","0.5029702128688758","0","true"
"1","1","0","true"
"2","1","0","true"
"3","0.9615384615384615","0","true"
"4","0.4953497775980591","0","true"
"5","1","0","true"
"6","0.9615384615384615","0","true"
"7","0.9615384615384615","0","true"
"8","0.4735214534209509","0","true"
"9","0.40963049657247946","0","true"
"10","0.398633257403189","0","true"
"11","0.5601280292638317","0","true"
"12","1","0","true"
"13","1","0","true"
"14","0.9615384615384615","0","true"
"15","1","0","true"
"16","0.9259259259259258","0","true"
"17","1","0","true"
"18","0.49655451965950553","0","true"
"19","1","0","true"
"20","0.8928571428571428","0","true"
"21","0.49139638472659813","0","true"
"22","0.9615384615384615","0","true"
"23","0.49655451965950553","0","true"
"24","1","0","true"
"25","0.501432664756447","0","true"
"26","1","0","true"
"27","0.6240448293428426","0","true"
"28","0.485725614591594","0","true"
"29","0.9615384615384615","0","true"
"30","0.49857549857549854","0","true"
"31","0.521942905837239","0","true"
"32","0.4057720769610262","0","true"
"33","0.864502470007057","0","true"
"34","0.7433252427184466","0","true"
"35","0.494949494949495","0","true"
"36","0.9615384615384615","0","true"
"37","0.864502470007057","0","true"
"38","0.7872750642673523","0","true"
"39","1","0","true"
"40","1","0","true"
"41","0.8967789165446559","0","true"
"42","0.9273277819833459","0","true"
"43","0.8941605839416058","0","true"
"44","0.7903225806451613","0","true"
"45","0.9259259259259258","0","true"
"46","0.6704980842911877","0","true"
"47","0.4995921696574225","0","true"
"48","0.9615384615384615","0","true"
"49","0.9273277819833459","0","true"
"50","0.501432664756447","0","true"
"51","1","0","true"
"52","0.9615384615384615","0","true"
"53","1","0","true"
"54","0.46791443850267384","0","true"
"55","1","0","true"
"56","1","0","true"
"57","0.49655451965950553","0","true"
"58","0.8967789165446559","0","true"
"59","0.39669689119170987","0","true"
"60","0.4100506019891816","0","true"
"61","0.4031644529044078","0","true"
"62","0.40515958326442864","0","true"
"63","0.48795060744871543","0","true"
"64","1","0","true"
"65","0.41908997605200143","0","true"
"66","0.9615384615384615","0","true"
"67","0.49655451965950553","0","true"
"68","0.9615384615384615","0","true"
"69","1","0","true"
"70","0.6049382716049383","0","true"
"71","0.49655451965950553","0","true"
"72","0.5051546391752577","0","true"
"73","1","0","true"
"74","1","0","true"
"75","1","0","true"
"76","0.9259259259259258","0","true"
"77","1","0","true"
"78","0.49655451965950553","0","true"
"79","1","0","true"
"80","0.9273277819833459","0","true"
"81","0.398633257403189","0","true"
"82","0.9615384615384615","0","true"
"83","0.495349777598059","0","true"
"84","1","0","true"
"85","1","0","true"
"86","0.5601280292638317","0","true"
"87","0.5601280292638317","0","true"
"88","1","0","true"
"89","0.4915730337078652","0","true"
"90","1","0","true"
"91","0.6049382716049383","0","true"
"92","0.54858934169279","0","true"
"93","1","0","true"
"94","1","0","true"
"95","0.9259259259259258","0","true"
"96","1","0","true"
"97","0.8941605839416058","0","true"
"98","1","0","true"
"99","0.8632840028188864","0","true"
"100","1","0","true"

"""fragmentation"""
"x min","x max","y min","y max","autoplot?","current pen","legend open?","number of pens"
"0","116","0","1","true","""default""","false","1"

"pen name","pen down?","mode","interval","color","x"
"""default""","true","0","1","0","100"

"""default"""
"x","y","color","pen down?"
"0","0.5028559640006705","0","true"
"1","0.46345811051693414","0","true"
"2","0.5604414554233489","0","true"
"3","0.5551443375277573","0","true"
"4","0.4916420845624386","0","true"
"5","0.4444444444444444","0","true"
"6","0.536097212294496","0","true"
"7","0.5551443375277573","0","true"
"8","0.5001731368550653","0","true"
"9","0.45654082528533807","0","true"
"10","0.45534150612959723","0","true"
"11","0.5151098901098901","0","true"
"12","0.5555555555555556","0","true"
"13","0.5357142857142857","0","true"
"14","0.536097212294496","0","true"
"15","0.5357142857142857","0","true"
"16","0.5339028296849972","0","true"
"17","0.5357142857142857","0","true"
"18","0.4894762604013705","0","true"
"19","0.5555555555555556","0","true"
"20","0.46387154326494207","0","true"
"21","0.4835410079970244","0","true"
"22","0.5551443375277573","0","true"
"23","0.4894762604013705","0","true"
"24","0.5357142857142857","0","true"
"25","0.5027652086475616","0","true"
"26","0.5555555555555556","0","true"
"27","0.521278870829769","0","true"
"28","0.4969735584581077","0","true"
"29","0.536097212294496","0","true"
"30","0.5017496912309592","0","true"
"31","0.5120327700972863","0","true"
"32","0.45217391304347826","0","true"
"33","0.5500550055005501","0","true"
"34","0.4630454140694568","0","true"
"35","0.49744897959183676","0","true"
"36","0.5551443375277573","0","true"
"37","0.532437745740498","0","true"
"38","0.44841502535269573","0","true"
"39","0.5357142857142857","0","true"
"40","0.5555555555555556","0","true"
"41","0.5543237250554325","0","true"
"42","0.5364806866952789","0","true"
"43","0.46706586826347307","0","true"
"44","0.4695853200404566","0","true"
"45","0.5339028296849972","0","true"
"46","0.5367686527106817","0","true"
"47","0.4872381095161351","0","true"
"48","0.5551443375277573","0","true"
"49","0.5547337278106509","0","true"
"50","0.5031998348472336","0","true"
"51","0.5555555555555556","0","true"
"52","0.536097212294496","0","true"
"53","0.5555555555555556","0","true"
"54","0.4608621667612025","0","true"
"55","0.5357142857142857","0","true"
"56","0.5357142857142857","0","true"
"57","0.49825610363726963","0","true"
"58","0.5368647100930566","0","true"
"59","0.45494313210848647","0","true"
"60","0.45654082528533807","0","true"
"61","0.4540215834875843","0","true"
"62","0.456140350877193","0","true"
"63","0.44866264020707514","0","true"
"64","0.5555555555555556","0","true"
"65","0.4588289273991459","0","true"
"66","0.4658162534040419","0","true"
"67","0.4946225649350649","0","true"
"68","0.44596402556860415","0","true"
"69","0.5555555555555556","0","true"
"70","0.5197228144989339","0","true"
"71","0.500307881773399","0","true"
"72","0.49044265593561365","0","true"
"73","0.5555555555555556","0","true"
"74","0.5555555555555556","0","true"
"75","0.5555555555555556","0","true"
"76","0.44622936189201257","0","true"
"77","0.4642857142857144","0","true"
"78","0.500307881773399","0","true"
"79","0.5357142857142857","0","true"
"80","0.4673569168823699","0","true"
"81","0.4553415061295972","0","true"
"82","0.5533798739996595","0","true"
"83","0.4916420845624386","0","true"
"84","0.4642857142857144","0","true"
"85","0.5555555555555556","0","true"
"86","0.46882325363338023","0","true"
"87","0.5151098901098901","0","true"
"88","0.5555555555555556","0","true"
"89","0.5009826968283942","0","true"
"90","0.5555555555555556","0","true"
"91","0.5197228144989339","0","true"
"92","0.4609929078014185","0","true"
"93","0.5357142857142857","0","true"
"94","0.5555555555555556","0","true"
"95","0.5529718693284937","0","true"
"96","0.5357142857142857","0","true"
"97","0.44776119402985076","0","true"
"98","0.5357142857142857","0","true"
"99","0.4653993484409122","0","true"
"100","0.5357142857142857","0","true"

"EXTENSIONS"

